episode,step,epsilon,episode_loss,max_episode_reward,episode_moving_average_30
1,23,0.999977575000001,0.0,0.0,0.0
2,46,0.9999551500000019,0.0,0.0,0.0
3,67,0.9999346750000028,0.0,0.0,0.0
4,135,0.9998683750000056,0.0,1.0,0.03333333333333333
5,204,0.9998011000000084,0.0,1.0,0.06666666666666667
6,227,0.9997786750000094,0.0,1.0,0.06666666666666667
7,250,0.9997562500000103,0.0,1.0,0.06666666666666667
8,273,0.9997338250000113,0.0,1.0,0.06666666666666667
9,296,0.9997114000000122,0.0,1.0,0.06666666666666667
10,319,0.9996889750000132,0.0,1.0,0.06666666666666667
11,389,0.9996207250000161,0.0,1.0,0.1
12,440,0.9995710000000182,0.0,1.0,0.13333333333333333
13,463,0.9995485750000191,0.0,1.0,0.13333333333333333
14,486,0.9995261500000201,0.0,1.0,0.13333333333333333
15,509,0.999503725000021,0.0,1.0,0.13333333333333333
16,532,0.999481300000022,0.0,1.0,0.13333333333333333
17,553,0.9994608250000229,0.0,1.0,0.13333333333333333
18,576,0.9994384000000238,0.0,1.0,0.13333333333333333
19,599,0.9994159750000248,0.0,1.0,0.13333333333333333
20,622,0.9993935500000257,0.0,1.0,0.13333333333333333
21,691,0.9993262750000286,0.0,1.0,0.16666666666666666
22,763,0.9992560750000316,0.0,1.0,0.2
23,834,0.9991868500000345,0.0,1.0,0.23333333333333334
24,906,0.9991166500000375,0.0,1.0,0.26666666666666666
25,929,0.9990942250000384,0.0,1.0,0.26666666666666666
26,952,0.9990718000000394,0.0,1.0,0.26666666666666666
27,973,0.9990513250000402,0.0,1.0,0.26666666666666666
28,996,0.9990289000000412,0.0,1.0,0.26666666666666666
29,1017,0.999008425000042,0.0,1.0,0.26666666666666666
30,1040,0.998986000000043,0.0,1.0,0.26666666666666666
31,1063,0.998963575000044,0.0,1.0,0.26666666666666666
32,1086,0.9989411500000449,0.0,1.0,0.26666666666666666
33,1107,0.9989206750000458,0.0,1.0,0.26666666666666666
34,1128,0.9989002000000466,0.0,1.0,0.23333333333333334
35,1196,0.9988339000000495,0.0,1.0,0.23333333333333334
36,1219,0.9988114750000504,0.0,1.0,0.23333333333333334
37,1240,0.9987910000000513,0.0,1.0,0.23333333333333334
38,1263,0.9987685750000522,0.0,1.0,0.23333333333333334
39,1284,0.9987481000000531,0.0,1.0,0.23333333333333334
40,1307,0.998725675000054,0.0,1.0,0.23333333333333334
41,1330,0.998703250000055,0.0,1.0,0.2
42,1353,0.998680825000056,0.0,1.0,0.16666666666666666
43,1376,0.9986584000000569,0.0,1.0,0.16666666666666666
44,1399,0.9986359750000579,0.0,1.0,0.16666666666666666
45,1495,0.9985423750000618,0.0,2.0,0.23333333333333334
46,1518,0.9985199500000628,0.0,2.0,0.23333333333333334
47,1541,0.9984975250000637,0.0,2.0,0.23333333333333334
48,1564,0.9984751000000647,0.0,2.0,0.23333333333333334
49,1587,0.9984526750000656,0.0,2.0,0.23333333333333334
50,1608,0.9984322000000665,0.0,2.0,0.23333333333333334
51,1659,0.9983824750000686,0.0,2.0,0.23333333333333334
52,1730,0.9983132500000715,0.0,2.0,0.23333333333333334
53,1753,0.9982908250000725,0.0,2.0,0.2
54,1776,0.9982684000000734,0.0,2.0,0.16666666666666666
55,1799,0.9982459750000744,0.0,2.0,0.16666666666666666
56,1822,0.9982235500000753,0.0,2.0,0.16666666666666666
57,1937,0.9981114250000801,0.0,3.0,0.26666666666666666
58,1960,0.998089000000081,0.0,3.0,0.26666666666666666
59,1981,0.9980685250000819,0.0,3.0,0.26666666666666666
60,2002,0.9980480500000828,0.0,3.0,0.26666666666666666
61,2025,0.9980256250000837,0.0,3.0,0.26666666666666666
62,2048,0.9980032000000847,0.0,3.0,0.26666666666666666
63,2071,0.9979807750000856,0.0,3.0,0.26666666666666666
64,2094,0.9979583500000866,0.0,3.0,0.26666666666666666
65,2117,0.9979359250000875,0.0,3.0,0.23333333333333334
66,2140,0.9979135000000885,0.0,3.0,0.23333333333333334
67,2161,0.9978930250000894,0.0,3.0,0.23333333333333334
68,2259,0.9977974750000934,0.0,3.0,0.3
69,2333,0.9977253250000965,0.0,3.0,0.3333333333333333
70,2503,0.9975595750001035,0.0,3.0,0.43333333333333335
71,2526,0.9975371500001045,0.0,3.0,0.43333333333333335
72,2577,0.9974874250001066,0.0,3.0,0.4666666666666667
73,2600,0.9974650000001075,0.0,3.0,0.4666666666666667
74,2621,0.9974445250001084,0.0,3.0,0.4666666666666667
75,2644,0.9974221000001093,0.0,3.0,0.4
76,2667,0.9973996750001103,0.0,3.0,0.4
77,2690,0.9973772500001112,0.0,3.0,0.4
78,2713,0.9973548250001122,0.0,3.0,0.4
79,2736,0.9973324000001131,0.0,3.0,0.4
80,2759,0.9973099750001141,0.0,3.0,0.4
81,2782,0.997287550000115,0.0,3.0,0.36666666666666664
82,2805,0.997265125000116,0.0,3.0,0.3333333333333333
83,2903,0.99716957500012,0.0,3.0,0.4
84,2974,0.997100350000123,0.0,3.0,0.43333333333333335
85,2995,0.9970798750001238,0.0,3.0,0.43333333333333335
86,3018,0.9970574500001248,0.0,3.0,0.43333333333333335
87,3041,0.9970350250001258,0.0,3.0,0.3333333333333333
88,3064,0.9970126000001267,0.0,3.0,0.3333333333333333
89,3087,0.9969901750001277,0.0,3.0,0.3333333333333333
90,3110,0.9969677500001286,0.0,3.0,0.3333333333333333
91,3133,0.9969453250001296,0.0,3.0,0.3333333333333333
92,3156,0.9969229000001305,0.0,3.0,0.3333333333333333
93,3179,0.9969004750001315,0.0,3.0,0.3333333333333333
94,3202,0.9968780500001324,0.0,3.0,0.3333333333333333
95,3298,0.9967844500001364,0.0,3.0,0.4
96,3321,0.9967620250001373,0.0,3.0,0.4
97,3344,0.9967396000001383,0.0,3.0,0.4
98,3367,0.9967171750001392,0.0,3.0,0.3333333333333333
99,3388,0.9966967000001401,0.0,3.0,0.3
100,3409,0.996676225000141,0.0,3.0,0.2
101,3432,0.9966538000001419,0.0,3.0,0.2
102,3455,0.9966313750001429,0.0,3.0,0.16666666666666666
103,3476,0.9966109000001437,0.0,3.0,0.16666666666666666
104,3499,0.9965884750001447,0.0,3.0,0.16666666666666666
105,3520,0.9965680000001456,0.0,3.0,0.16666666666666666
106,3543,0.9965455750001465,0.0,3.0,0.16666666666666666
107,3566,0.9965231500001475,0.0,3.0,0.16666666666666666
108,3636,0.9964549000001504,0.0,3.0,0.2
109,3659,0.9964324750001513,0.0,3.0,0.2
110,3682,0.9964100500001523,0.0,3.0,0.2
111,3733,0.9963603250001544,0.0,3.0,0.23333333333333334
112,3801,0.9962940250001572,0.0,3.0,0.26666666666666666
113,3824,0.9962716000001581,0.0,3.0,0.2
114,3847,0.9962491750001591,0.0,3.0,0.16666666666666666
115,3868,0.99622870000016,0.0,3.0,0.16666666666666666
116,3891,0.9962062750001609,0.0,3.0,0.16666666666666666
117,3940,0.9961585000001629,0.0,3.0,0.2
118,3963,0.9961360750001639,0.0,3.0,0.2
119,3984,0.9961156000001647,0.0,3.0,0.2
120,4082,0.9960200500001688,0.0,3.0,0.26666666666666666
121,4105,0.9959976250001698,0.0,3.0,0.26666666666666666
122,4254,0.9958523500001759,0.0,3.0,0.36666666666666664
123,4277,0.9958299250001769,0.0,3.0,0.36666666666666664
124,4298,0.9958094500001777,0.0,3.0,0.36666666666666664
125,4367,0.9957421750001806,0.0,3.0,0.3333333333333333
126,4390,0.9957197500001815,0.0,3.0,0.3333333333333333
127,4413,0.9956973250001825,0.0,3.0,0.3333333333333333
128,4436,0.9956749000001834,0.0,3.0,0.3333333333333333
129,4457,0.9956544250001843,0.0,3.0,0.3333333333333333
130,4480,0.9956320000001853,0.0,3.0,0.3333333333333333
131,4503,0.9956095750001862,0.0,3.0,0.3333333333333333
132,4526,0.9955871500001872,0.0,3.0,0.3333333333333333
133,4622,0.9954935500001911,0.0,3.0,0.4
134,4645,0.9954711250001921,0.0,3.0,0.4
135,4668,0.995448700000193,0.0,3.0,0.4
136,4691,0.995426275000194,0.0,3.0,0.4
137,4758,0.9953609500001968,0.0,3.0,0.43333333333333335
138,4781,0.9953385250001977,0.0,3.0,0.4
139,4804,0.9953161000001987,0.0,3.0,0.4
140,4920,0.9952030000002035,0.0,3.0,0.4666666666666667
141,4943,0.9951805750002044,0.0,3.0,0.43333333333333335
142,4966,0.9951581500002054,0.0,3.0,0.4
143,4987,0.9951376750002062,0.0,3.0,0.4
144,5008,0.9951172000002071,0.11849851062288508,3.0,0.4
145,5031,0.995094775000208,0.11179673364677001,3.0,0.4
146,5054,0.995072350000209,0.09717313901637681,3.0,0.4
147,5077,0.99504992500021,0.08638424286618829,3.0,0.36666666666666664
148,5149,0.9949797250002129,0.44290106851258315,3.0,0.4
149,5219,0.9949114750002158,0.3746007010922767,3.0,0.43333333333333335
150,5242,0.9948890500002168,0.10302756524470169,3.0,0.36666666666666664
151,5265,0.9948666250002177,0.13268555085232947,3.0,0.36666666666666664
152,5334,0.9947993500002206,0.3970477600960294,3.0,0.3
153,5384,0.9947506000002226,0.2784105474711396,3.0,0.3333333333333333
154,5405,0.9947301250002235,0.07933112187311053,3.0,0.3333333333333333
155,5477,0.9946599250002265,0.41730223144986667,3.0,0.3333333333333333
156,5500,0.9946375000002274,0.12845381486113183,3.0,0.3333333333333333
157,5571,0.9945682750002304,0.2824360655795317,3.0,0.36666666666666664
158,5592,0.9945478000002312,0.09908701703534462,3.0,0.36666666666666664
159,5615,0.9945253750002322,0.09846341737284092,3.0,0.36666666666666664
160,5636,0.9945049000002331,0.03505556270101806,3.0,0.36666666666666664
161,5659,0.994482475000234,0.08029874207568355,3.0,0.36666666666666664
162,5682,0.994460050000235,0.0833678427443374,3.0,0.36666666666666664
163,5705,0.9944376250002359,0.07653750666213455,3.0,0.3
164,5726,0.9944171500002368,0.050287895057408605,3.0,0.3
165,5749,0.9943947250002377,0.10634643464072724,3.0,0.3
166,5772,0.9943723000002387,0.20912092668004334,3.0,0.3
167,5841,0.9943050250002415,0.35281097756524105,3.0,0.3
168,5864,0.9942826000002425,0.1729319992591627,3.0,0.3
169,5887,0.9942601750002434,0.09467894001863897,3.0,0.3
170,5910,0.9942377500002444,0.054432525706943125,3.0,0.23333333333333334
171,5933,0.9942153250002453,0.06611398194218054,3.0,0.23333333333333334
172,5956,0.9941929000002463,0.163066778506618,3.0,0.23333333333333334
173,5979,0.9941704750002472,0.14264767221175134,3.0,0.23333333333333334
174,6002,0.9941480500002482,0.07809431047644466,3.0,0.23333333333333334
175,6025,0.9941256250002491,0.07758970216764283,3.0,0.23333333333333334
176,6048,0.9941032000002501,0.07413585057383898,3.0,0.23333333333333334
177,6071,0.994080775000251,0.08366616749481182,3.0,0.23333333333333334
178,6094,0.994058350000252,0.13794543204130605,3.0,0.2
179,6145,0.9940086250002541,0.3534481048991438,3.0,0.2
180,6168,0.9939862000002551,0.0656067474046722,3.0,0.2
181,6191,0.993963775000256,0.19863450634875335,3.0,0.2
182,6212,0.9939433000002569,0.1560294703231193,3.0,0.16666666666666666
183,6235,0.9939208750002578,0.08867714609368704,3.0,0.13333333333333333
184,6256,0.9939004000002587,0.05760642373934388,3.0,0.13333333333333333
185,6279,0.9938779750002597,0.10719422058900818,3.0,0.1
186,6302,0.9938555500002606,0.13948636289751448,3.0,0.1
187,6369,0.9937902250002634,0.19939405846525915,3.0,0.1
188,6392,0.9937678000002643,0.11003802651976002,3.0,0.1
189,6413,0.9937473250002652,0.11559350438619731,3.0,0.1
190,6434,0.9937268500002661,0.16050390573218465,3.0,0.1
191,6532,0.9936313000002701,0.42919707065448165,3.0,0.16666666666666666
192,6632,0.9935338000002742,0.48617971896351264,3.0,0.23333333333333334
193,6704,0.9934636000002772,0.44907271543343086,3.0,0.26666666666666666
194,6727,0.9934411750002782,0.09429541614372283,3.0,0.26666666666666666
195,6802,0.9933680500002813,0.4281904379313346,3.0,0.3
196,6825,0.9933456250002822,0.11975171748781577,3.0,0.3
197,6848,0.9933232000002832,0.13357676152372733,3.0,0.26666666666666666
198,6944,0.9932296000002871,0.5663383869105019,3.0,0.3333333333333333
199,6965,0.993209125000288,0.1287562781944871,3.0,0.3333333333333333
200,6986,0.9931886500002889,0.15085435652872548,3.0,0.3333333333333333
201,7009,0.9931662250002898,0.1623617933364585,3.0,0.3333333333333333
202,7030,0.9931457500002907,0.05558831294183619,3.0,0.3333333333333333
203,7053,0.9931233250002917,0.13215485657565296,3.0,0.3333333333333333
204,7102,0.9930755500002937,0.33853321912465617,3.0,0.36666666666666664
205,7200,0.9929800000002977,0.7282279203063808,3.0,0.43333333333333335
206,7223,0.9929575750002987,0.23530339502030984,3.0,0.43333333333333335
207,7244,0.9929371000002996,0.14112409040535567,3.0,0.43333333333333335
208,7265,0.9929166250003004,0.09322041801624437,3.0,0.43333333333333335
209,7334,0.9928493500003033,0.31560424632334616,3.0,0.43333333333333335
210,7357,0.9928269250003042,0.08142594865057617,3.0,0.43333333333333335
211,7476,0.9927109000003091,0.6182471163992886,3.0,0.5
212,7497,0.99269042500031,0.1375581858528676,3.0,0.5
213,7520,0.992668000000311,0.10070136829745024,3.0,0.5
214,7571,0.9926182750003131,0.2628458063409198,3.0,0.5333333333333333
215,7641,0.992550025000316,0.35847994593177646,3.0,0.5666666666666667
216,7743,0.9924505750003202,0.4443926168987673,3.0,0.6333333333333333
217,7766,0.9924281500003211,0.03467328650367563,3.0,0.6
218,7789,0.9924057250003221,0.17675064888589986,3.0,0.6
219,7812,0.992383300000323,0.1263860347098671,3.0,0.6
220,7835,0.992360875000324,0.16138336661970243,3.0,0.6
221,7858,0.992338450000325,0.11134979367488995,3.0,0.5333333333333333
222,7881,0.9923160250003259,0.08259491482749581,3.0,0.4666666666666667
223,7932,0.992266300000328,0.3579167626085109,3.0,0.4666666666666667
224,7953,0.9922458250003289,0.15341267344774678,3.0,0.4666666666666667
225,7976,0.9922234000003298,0.1347792724845931,3.0,0.43333333333333335
226,7999,0.9922009750003308,0.1513761839014478,3.0,0.43333333333333335
227,8022,0.9921785500003317,0.06110376480501145,3.0,0.43333333333333335
228,8045,0.9921561250003327,0.1215867399587296,3.0,0.36666666666666664
229,8068,0.9921337000003336,0.10622548059836845,3.0,0.36666666666666664
230,8091,0.9921112750003346,0.12048874898755457,3.0,0.36666666666666664
231,8114,0.9920888500003355,0.07843824245901487,3.0,0.36666666666666664
232,8137,0.9920664250003365,0.1573857971234247,3.0,0.36666666666666664
233,8158,0.9920459500003374,0.13702944114993443,3.0,0.36666666666666664
234,8181,0.9920235250003383,0.10736833867849782,3.0,0.3333333333333333
235,8204,0.9920011000003393,0.12425738441925205,3.0,0.26666666666666666
236,8302,0.9919055500003433,0.4076948320471274,3.0,0.3333333333333333
237,8406,0.9918041500003476,0.5842815964278998,3.0,0.4
238,8477,0.9917349250003505,0.2711494390575808,3.0,0.43333333333333335
239,8500,0.9917125000003515,0.12636769659229685,3.0,0.4
240,8523,0.9916900750003524,0.12276405858301587,3.0,0.4
241,8624,0.9915916000003566,0.6548182377009653,3.0,0.4
242,8647,0.9915691750003576,0.13083819823805243,3.0,0.4
243,8699,0.9915184750003597,0.34814948216080666,3.0,0.43333333333333335
244,8722,0.9914960500003607,0.17944628733675927,3.0,0.4
245,8745,0.9914736250003616,0.1670103168580681,3.0,0.36666666666666664
246,8814,0.9914063500003645,0.4460036167729413,3.0,0.3333333333333333
247,8837,0.9913839250003654,0.1096956884721294,3.0,0.3333333333333333
248,8858,0.9913634500003663,0.19501565699465573,3.0,0.3333333333333333
249,8879,0.9913429750003672,0.09748537431005388,3.0,0.3333333333333333
250,8902,0.9913205500003681,0.15507376880850643,3.0,0.3333333333333333
251,8925,0.9912981250003691,0.15182876854669303,3.0,0.3333333333333333
252,8948,0.99127570000037,0.13211374904494733,3.0,0.3333333333333333
253,8971,0.991253275000371,0.0908833398425486,3.0,0.3
254,8994,0.9912308500003719,0.09772493335185573,3.0,0.3
255,9015,0.9912103750003728,0.14637941049295478,3.0,0.3
256,9038,0.9911879500003737,0.13435385166667402,3.0,0.3
257,9059,0.9911674750003746,0.09319949825294316,3.0,0.3
258,9082,0.9911450500003756,0.18259409663733095,3.0,0.3
259,9105,0.9911226250003765,0.2110885182628408,3.0,0.3
260,9128,0.9911002000003775,0.1043676877161488,3.0,0.3
261,9151,0.9910777750003784,0.1227000011713244,3.0,0.3
262,9174,0.9910553500003794,0.2087517444160767,3.0,0.3
263,9195,0.9910348750003802,0.08826173504348844,3.0,0.3
264,9218,0.9910124500003812,0.12315813056193292,3.0,0.3
265,9239,0.990991975000382,0.10279696469660848,3.0,0.3
266,9262,0.990969550000383,0.07491155352909118,3.0,0.23333333333333334
267,9285,0.990947125000384,0.07253529841545969,3.0,0.16666666666666666
268,9336,0.9908974000003861,0.22031902085291222,3.0,0.16666666666666666
269,9456,0.990780400000391,0.5888263742690469,3.0,0.23333333333333334
270,9479,0.990757975000392,0.13337445384604507,3.0,0.23333333333333334
271,9502,0.9907355500003929,0.10444847488543019,3.0,0.16666666666666666
272,9525,0.9907131250003939,0.1135119017562829,3.0,0.16666666666666666
273,9546,0.9906926500003947,0.19831437128596008,3.0,0.13333333333333333
274,9615,0.9906253750003976,0.3103010006598197,3.0,0.16666666666666666
275,9638,0.9906029500003986,0.05956300664365699,3.0,0.16666666666666666
276,9661,0.9905805250003995,0.14305766736652004,3.0,0.13333333333333333
277,9682,0.9905600500004004,0.06788628844424238,3.0,0.13333333333333333
278,9705,0.9905376250004013,0.1413400816736612,3.0,0.13333333333333333
279,9726,0.9905171500004022,0.17083227618240926,3.0,0.13333333333333333
280,9747,0.9904966750004031,0.11548080389820825,3.0,0.13333333333333333
281,9770,0.990474250000404,0.17828588205156848,3.0,0.13333333333333333
282,9791,0.9904537750004049,0.12340121250599623,3.0,0.13333333333333333
283,9814,0.9904313500004058,0.16701576218474656,3.0,0.13333333333333333
284,9837,0.9904089250004068,0.15362442925106734,3.0,0.13333333333333333
285,9888,0.9903592000004089,0.21966189425438643,3.0,0.16666666666666666
286,9911,0.9903367750004098,0.09830050560412928,3.0,0.16666666666666666
287,9934,0.9903143500004108,0.181842956924811,3.0,0.16666666666666666
288,9957,0.9902919250004117,0.21830850839614868,3.0,0.16666666666666666
289,9980,0.9902695000004127,0.16080448171123862,3.0,0.16666666666666666
290,10047,0.9902041750004155,0.3133245659523709,3.0,0.2
291,10070,0.9901817500004164,0.03230527424148022,3.0,0.2
292,10093,0.9901593250004174,0.11037915625593087,3.0,0.2
293,10160,0.9900940000004201,0.37540226317378256,3.0,0.23333333333333334
294,10183,0.9900715750004211,0.1402560572892071,3.0,0.23333333333333334
295,10299,0.9899584750004259,0.4870044759391021,3.0,0.3
296,10322,0.9899360500004268,0.12433452552431845,3.0,0.3
297,10345,0.9899136250004278,0.047514550022242474,3.0,0.3
298,10368,0.9898912000004287,0.15548509276777622,3.0,0.26666666666666666
299,10391,0.9898687750004297,0.155688056267536,3.0,0.2
300,10414,0.9898463500004306,0.09401735197025118,3.0,0.2
301,10483,0.9897790750004335,0.32800346151634585,3.0,0.23333333333333334
302,10506,0.9897566500004344,0.047831334552483895,3.0,0.23333333333333334
303,10529,0.9897342250004354,0.09432989429774352,3.0,0.23333333333333334
304,10552,0.9897118000004363,0.06306314111498068,3.0,0.2
305,10573,0.9896913250004372,0.06254605442518368,3.0,0.2
306,10644,0.9896221000004402,0.3280279396130936,3.0,0.23333333333333334
307,10667,0.9895996750004411,0.10927818377240328,3.0,0.23333333333333334
308,10690,0.989577250000442,0.032084542104712455,3.0,0.23333333333333334
309,10713,0.989554825000443,0.07877035671117483,3.0,0.23333333333333334
310,10736,0.989532400000444,0.10940114120603539,3.0,0.23333333333333334
311,10759,0.9895099750004449,0.13978701833912055,3.0,0.23333333333333334
312,10782,0.9894875500004459,0.07802321440613014,3.0,0.23333333333333334
313,10805,0.9894651250004468,0.0937808675589622,3.0,0.23333333333333334
314,10826,0.9894446500004477,0.12440254765897407,3.0,0.23333333333333334
315,10849,0.9894222250004486,0.11113146196248636,3.0,0.2
316,10918,0.9893549500004515,0.22157953540749986,3.0,0.23333333333333334
317,10939,0.9893344750004524,0.0935584713024582,3.0,0.23333333333333334
318,10962,0.9893120500004533,0.0791029835208974,3.0,0.23333333333333334
319,11034,0.9892418500004563,0.3750242613859882,3.0,0.26666666666666666
320,11057,0.9892194250004572,0.095179335323337,3.0,0.23333333333333334
321,11080,0.9891970000004582,0.06349002905062662,3.0,0.23333333333333334
322,11103,0.9891745750004591,0.10924019841331756,3.0,0.23333333333333334
323,11124,0.98915410000046,0.07850388712904532,3.0,0.2
324,11192,0.9890878000004628,0.32737857477332,3.0,0.23333333333333334
325,11215,0.9890653750004638,0.1555709870372084,3.0,0.16666666666666666
326,11313,0.9889698250004678,0.45312554762313084,3.0,0.23333333333333334
327,11336,0.9889474000004688,0.10917061871805345,3.0,0.23333333333333334
328,11357,0.9889269250004696,0.06308513208568911,3.0,0.23333333333333334
329,11428,0.9888577000004726,0.2824760143309959,3.0,0.26666666666666666
330,11449,0.9888372250004734,0.04756355929976053,3.0,0.26666666666666666
331,11472,0.9888148000004744,0.09450722808514911,3.0,0.23333333333333334
332,11495,0.9887923750004753,0.07965674019624203,3.0,0.23333333333333334
333,11518,0.9887699500004763,0.03376279074291233,3.0,0.23333333333333334
334,11541,0.9887475250004772,0.1092294588634104,3.0,0.23333333333333334
335,11564,0.9887251000004782,0.140113782887056,3.0,0.23333333333333334
336,11587,0.9887026750004791,0.10932981880614534,3.0,0.2
337,11610,0.9886802500004801,0.10910208550194511,3.0,0.2
338,11631,0.988659775000481,0.10933084863063414,3.0,0.2
339,11654,0.9886373500004819,0.06322719114177744,3.0,0.2
340,11677,0.9886149250004829,0.12448184154891351,3.0,0.2
341,11700,0.9885925000004838,0.047669889085227624,3.0,0.2
342,11721,0.9885720250004847,0.016390875622164458,3.0,0.2
343,11744,0.9885496000004856,0.09376950570458575,3.0,0.2
344,11765,0.9885291250004865,0.06275647850907262,3.0,0.2
345,11786,0.9885086500004874,0.06259765854065336,3.0,0.2
346,11809,0.9884862250004883,0.0937058312983936,3.0,0.16666666666666666
347,11881,0.9884160250004913,0.2045487641280488,3.0,0.2
348,11904,0.9883936000004923,0.0783789123634051,3.0,0.2
349,11925,0.9883731250004931,0.016164300736818404,3.0,0.16666666666666666
350,11976,0.9883234000004952,0.12637907176690533,3.0,0.2
351,11999,0.9883009750004962,0.12654507060960896,3.0,0.2
352,12022,0.9882785500004971,0.03219000855540344,3.0,0.2
353,12045,0.9882561250004981,0.12525265062731705,3.0,0.2
354,12162,0.9881420500005029,0.532914907612394,3.0,0.23333333333333334
355,12185,0.9881196250005039,0.07855902954833027,3.0,0.23333333333333334
356,12255,0.9880513750005068,0.20671837720524877,3.0,0.2
357,12278,0.9880289500005077,0.09383315372861034,3.0,0.2
358,12352,0.9879568000005108,0.20553689604594183,3.0,0.23333333333333334
359,12373,0.9879363250005117,0.07899059344208581,3.0,0.2
360,12394,0.9879158500005125,0.06323346589852008,3.0,0.2
361,12417,0.9878934250005135,0.17053082615166204,3.0,0.2
362,12515,0.9877978750005175,0.40681357201901847,3.0,0.26666666666666666
363,12536,0.9877774000005184,0.10912961165377055,3.0,0.26666666666666666
364,12559,0.9877549750005193,0.048234090114419814,3.0,0.26666666666666666
365,12580,0.9877345000005202,0.12446191903291037,3.0,0.26666666666666666
366,12603,0.9877120750005212,0.09381789783219574,3.0,0.26666666666666666
367,12626,0.9876896500005221,0.12432865218943334,3.0,0.26666666666666666
368,12649,0.9876672250005231,0.17054294406807458,3.0,0.26666666666666666
369,12698,0.9876194500005251,0.20354060803765606,3.0,0.3
370,12767,0.9875521750005279,0.3881492176969914,3.0,0.3333333333333333
371,12790,0.9875297500005289,0.10918557783588767,3.0,0.3333333333333333
372,12857,0.9874644250005317,0.3564014358307759,3.0,0.36666666666666664
373,12880,0.9874420000005326,0.18523072752577718,3.0,0.36666666666666664
374,12901,0.9874215250005335,0.07891696724254871,3.0,0.36666666666666664
375,12924,0.9873991000005344,0.10897315910187899,3.0,0.36666666666666664
376,12947,0.9873766750005354,0.06266362451060559,3.0,0.36666666666666664
377,12968,0.9873562000005363,0.047667440807344974,3.0,0.3333333333333333
378,12991,0.9873337750005372,0.10942787433850754,3.0,0.3333333333333333
379,13014,0.9873113500005382,0.09393921825903817,3.0,0.3333333333333333
380,13037,0.9872889250005391,0.12403185798575578,3.0,0.3
381,13060,0.9872665000005401,0.10884746463852935,3.0,0.3
382,13083,0.987244075000541,0.12470038455649046,3.0,0.3
383,13181,0.9871485250005451,0.3465902828961589,3.0,0.36666666666666664
384,13252,0.987079300000548,0.376290684024184,3.0,0.3333333333333333
385,13353,0.9869808250005522,0.5753992275240307,3.0,0.4
386,13376,0.9869584000005531,0.15525748018262675,3.0,0.36666666666666664
387,13399,0.9869359750005541,0.03309069585884572,3.0,0.36666666666666664
388,13422,0.986913550000555,0.07871649780645384,3.0,0.3333333333333333
389,13445,0.986891125000556,0.12445006456255214,3.0,0.3333333333333333
390,13468,0.9868687000005569,0.12433873645386484,3.0,0.3333333333333333
391,13491,0.9868462750005579,0.10880527044719202,3.0,0.3333333333333333
392,13514,0.9868238500005588,0.12411337523371913,3.0,0.26666666666666666
393,13612,0.9867283000005629,0.32966298509927583,3.0,0.3333333333333333
394,13633,0.9867078250005638,0.10863904393045232,3.0,0.3333333333333333
395,13702,0.9866405500005666,0.2652268912825093,3.0,0.36666666666666664
396,13725,0.9866181250005676,0.07808791506067791,3.0,0.36666666666666664
397,13746,0.9865976500005684,0.03186453754460672,3.0,0.36666666666666664
398,13769,0.9865752250005694,0.12471192334578518,3.0,0.36666666666666664
399,13790,0.9865547500005702,0.07838265375903575,3.0,0.3333333333333333
400,13813,0.9865323250005712,0.06298230112952297,3.0,0.3
401,13866,0.9864806500005734,0.21881172473968036,3.0,0.3333333333333333
402,13889,0.9864582250005743,0.10938178246760799,3.0,0.3
403,13910,0.9864377500005752,0.031889247184153646,3.0,0.3
404,13931,0.9864172750005761,0.10950624841098033,3.0,0.3
405,14000,0.9863500000005789,0.44886234586010687,3.0,0.3333333333333333
406,14023,0.9863275750005799,0.07831635678303428,3.0,0.3333333333333333
407,14046,0.9863051500005808,0.10900068023329368,3.0,0.3333333333333333
408,14069,0.9862827250005818,0.07856208374869311,3.0,0.3333333333333333
409,14092,0.9862603000005827,0.0479442130181269,3.0,0.3333333333333333
410,14115,0.9862378750005837,0.047715393498037884,3.0,0.3333333333333333
411,14138,0.9862154500005846,0.09378422868849157,3.0,0.3333333333333333
412,14161,0.9861930250005856,0.06275050662407011,3.0,0.3333333333333333
413,14184,0.9861706000005865,0.07857544007856632,3.0,0.26666666666666666
414,14207,0.9861481750005875,0.12463227138869115,3.0,0.23333333333333334
415,14230,0.9861257500005884,0.07831793389777886,3.0,0.16666666666666666
416,14299,0.9860584750005913,0.23535042082767177,3.0,0.2
417,14401,0.9859590250005955,0.4686427099586581,3.0,0.26666666666666666
418,14522,0.9858410500006005,0.49977240483895,3.0,0.3333333333333333
419,14545,0.9858186250006015,0.12433111031714361,3.0,0.3333333333333333
420,14643,0.9857230750006055,0.49818971433705883,3.0,0.4
421,14666,0.9857006500006065,0.06333556567551568,3.0,0.4
422,14735,0.9856333750006093,0.17316219895656104,3.0,0.43333333333333335
423,14758,0.9856109500006103,0.12496564847890568,3.0,0.36666666666666664
424,14781,0.9855885250006112,0.14039928214242536,3.0,0.36666666666666664
425,14804,0.9855661000006122,0.01666928630675102,3.0,0.3333333333333333
426,14827,0.9855436750006131,0.10906436430195754,3.0,0.3333333333333333
427,14850,0.9855212500006141,0.1547987126341468,3.0,0.3333333333333333
428,14873,0.985498825000615,0.04768984467955306,3.0,0.3333333333333333
429,14896,0.985476400000616,0.10923751939481008,3.0,0.3333333333333333
430,14947,0.9854266750006181,0.23338330744809355,3.0,0.36666666666666664
431,14970,0.985404250000619,0.07784608893780387,3.0,0.3333333333333333
432,15021,0.9853545250006212,0.32941873829804535,3.0,0.36666666666666664
433,15074,0.9853028500006233,0.1588384575516102,3.0,0.4
434,15097,0.9852804250006243,0.09399430831217614,3.0,0.4
435,15118,0.9852599500006252,0.18612049842704437,3.0,0.36666666666666664
436,15141,0.9852375250006261,0.0640526838869846,3.0,0.36666666666666664
437,15164,0.9852151000006271,0.06343413280046661,3.0,0.36666666666666664
438,15187,0.985192675000628,0.14046374807912798,3.0,0.36666666666666664
439,15210,0.985170250000629,0.07895858500160102,3.0,0.36666666666666664
440,15233,0.9851478250006299,0.06333531654672697,3.0,0.36666666666666664
441,15256,0.9851254000006309,0.09434653353764588,3.0,0.36666666666666664
442,15277,0.9851049250006317,0.12531085805676412,3.0,0.36666666666666664
443,15300,0.9850825000006327,0.06315034483122872,3.0,0.36666666666666664
444,15369,0.9850152250006355,0.3744974073724734,3.0,0.4
445,15392,0.9849928000006365,0.12589755401859293,3.0,0.4
446,15415,0.9849703750006374,0.09422008941692184,3.0,0.36666666666666664
447,15436,0.9849499000006383,0.07890975266855094,3.0,0.3
448,15459,0.9849274750006393,0.07902533233936992,3.0,0.23333333333333334
449,15482,0.9849050500006402,0.07873848324334176,3.0,0.23333333333333334
450,15505,0.9848826250006412,0.1565393379737543,3.0,0.16666666666666666
451,15528,0.9848602000006421,0.09423458184301126,3.0,0.16666666666666666
452,15551,0.9848377750006431,0.06323440220148768,3.0,0.13333333333333333
453,15574,0.984815350000644,0.03238398538542242,3.0,0.13333333333333333
454,15597,0.984792925000645,0.15650147007499982,3.0,0.13333333333333333
455,15620,0.9847705000006459,0.03226889811321598,3.0,0.13333333333333333
456,15718,0.98467495000065,0.31540360790540944,3.0,0.2
457,15840,0.984556000000655,0.4253937991124985,3.0,0.26666666666666666
458,15863,0.984533575000656,0.12404427511501126,3.0,0.26666666666666666
459,15935,0.984463375000659,0.37423190254412475,3.0,0.3
460,15956,0.9844429000006598,0.09410425517489784,3.0,0.26666666666666666
461,15979,0.9844204750006608,0.06365541391460283,3.0,0.26666666666666666
462,16002,0.9843980500006617,0.0942434112457704,3.0,0.23333333333333334
463,16025,0.9843756250006627,0.06293872534342881,3.0,0.2
464,16046,0.9843551500006635,0.06320597164176434,3.0,0.2
465,16144,0.9842596000006676,0.5014985628240538,3.0,0.26666666666666666
466,16167,0.9842371750006685,0.1405410478455451,3.0,0.26666666666666666
467,16188,0.9842167000006694,0.13984036630427,3.0,0.26666666666666666
468,16211,0.9841942750006704,0.07838670004275627,3.0,0.26666666666666666
469,16280,0.9841270000006732,0.3743490098058828,3.0,0.3
470,16330,0.9840782500006753,0.2045490211676224,3.0,0.3333333333333333
471,16381,0.9840285250006774,0.15710194838538882,3.0,0.36666666666666664
472,16404,0.9840061000006783,0.07867039376287721,3.0,0.36666666666666664
473,16427,0.9839836750006793,0.12452294261311181,3.0,0.36666666666666664
474,16450,0.9839612500006802,0.06283152597461594,3.0,0.3333333333333333
475,16473,0.9839388250006812,0.09399135771266742,3.0,0.3333333333333333
476,16496,0.9839164000006821,0.15676817341309857,3.0,0.3333333333333333
477,16519,0.9838939750006831,0.13998823363363044,3.0,0.3333333333333333
478,16540,0.983873500000684,0.10984013444249285,3.0,0.3333333333333333
479,16563,0.9838510750006849,0.06297852928764769,3.0,0.3333333333333333
480,16584,0.9838306000006858,0.07865944539480552,3.0,0.3333333333333333
481,16607,0.9838081750006867,0.09378879873838741,3.0,0.3333333333333333
482,16630,0.9837857500006877,0.04760830053783138,3.0,0.3333333333333333
483,16653,0.9837633250006886,0.09369750321093306,3.0,0.3333333333333333
484,16676,0.9837409000006896,0.047955968946553185,3.0,0.3333333333333333
485,16743,0.9836755750006924,0.23555914067969752,3.0,0.36666666666666664
486,16766,0.9836531500006933,0.07859100466112068,3.0,0.3
487,16789,0.9836307250006943,0.06276008843815362,3.0,0.23333333333333334
488,16812,0.9836083000006952,0.06337755010190449,3.0,0.23333333333333334
489,16835,0.9835858750006962,0.09431597322782181,3.0,0.2
490,16858,0.9835634500006971,0.07833008472880465,3.0,0.2
491,16881,0.9835410250006981,0.12497253360561444,3.0,0.2
492,16904,0.983518600000699,0.12432157233160979,3.0,0.2
493,16927,0.9834961750007,0.03250909331109142,3.0,0.2
494,16950,0.9834737500007009,0.07931178628859925,3.0,0.2
495,16973,0.9834513250007019,0.06365823598480347,3.0,0.13333333333333333
496,16996,0.9834289000007028,0.10932520724327333,3.0,0.13333333333333333
497,17067,0.9833596750007058,0.2361597110675575,3.0,0.16666666666666666
498,17088,0.9833392000007066,0.1248343028155432,3.0,0.16666666666666666
499,17139,0.9832894750007087,0.20451473813591292,3.0,0.16666666666666666
500,17191,0.9832387750007109,0.2362973443687224,3.0,0.16666666666666666
501,17214,0.9832163500007118,0.07855668535194127,3.0,0.13333333333333333
502,17237,0.9831939250007128,0.0638274646175887,3.0,0.13333333333333333
503,17333,0.9831003250007168,0.3304137902982234,3.0,0.2
504,17356,0.9830779000007177,0.09442819809726188,3.0,0.2
505,17377,0.9830574250007186,0.06309209209848632,3.0,0.2
506,17400,0.9830350000007195,0.15645349141868792,3.0,0.2
507,17423,0.9830125750007205,0.06388525293732528,3.0,0.2
508,17475,0.9829618750007226,0.12659465541673853,3.0,0.23333333333333334
509,17498,0.9829394500007236,0.1092320854186255,3.0,0.23333333333333334
510,17521,0.9829170250007245,0.07851927498450095,3.0,0.23333333333333334
511,17544,0.9828946000007255,0.0631691507683172,3.0,0.23333333333333334
512,17567,0.9828721750007264,0.04750407873689255,3.0,0.23333333333333334
513,17588,0.9828517000007273,0.07814845566326767,3.0,0.23333333333333334
514,17611,0.9828292750007283,0.06283808370699262,3.0,0.23333333333333334
515,17634,0.9828068500007292,0.07912307724836865,3.0,0.2
516,17732,0.9827113000007333,0.3613247307939673,3.0,0.26666666666666666
517,17883,0.9825640750007395,0.7355537651801569,3.0,0.36666666666666664
518,17904,0.9825436000007404,0.12540445601734973,3.0,0.36666666666666664
519,18070,0.9823817500007472,0.6287503111943806,3.0,0.4666666666666667
520,18091,0.9823612750007481,0.06317744267289527,3.0,0.4666666666666667
521,18191,0.9822637750007522,0.5165711150893912,3.0,0.5333333333333333
522,18214,0.9822413500007532,0.12458361624521785,3.0,0.5333333333333333
523,18267,0.9821896750007554,0.2796999888450955,3.0,0.5666666666666667
524,18321,0.9821370250007576,0.2512264903525647,3.0,0.6
525,18342,0.9821165500007585,0.07813273190913606,3.0,0.6
526,18365,0.9820941250007594,0.04789640458784561,3.0,0.6
527,18388,0.9820717000007604,0.09384410297752765,3.0,0.5666666666666667
528,18411,0.9820492750007613,0.1096268055607652,3.0,0.5666666666666667
529,18434,0.9820268500007623,0.07865785906142264,3.0,0.5333333333333333
530,18457,0.9820044250007632,0.09419521734344016,3.0,0.5
531,18480,0.9819820000007642,0.06329883496971433,3.0,0.5
532,18503,0.9819595750007651,0.12544641044610216,3.0,0.5
533,18526,0.9819371500007661,0.11028415096029676,3.0,0.43333333333333335
534,18547,0.981916675000767,0.09445297162528732,3.0,0.43333333333333335
535,18570,0.9818942500007679,0.09410498238139553,3.0,0.43333333333333335
536,18639,0.9818269750007708,0.28333076081617037,3.0,0.4666666666666667
537,18662,0.9818045500007717,0.17100391497297096,3.0,0.4666666666666667
538,18685,0.9817821250007727,0.1555605228186323,3.0,0.43333333333333335
539,18708,0.9817597000007736,0.10997743466577958,3.0,0.43333333333333335
540,18731,0.9817372750007746,0.04851002955547301,3.0,0.43333333333333335
541,18801,0.9816690250007775,0.2057488915597787,3.0,0.4666666666666667
542,18822,0.9816485500007783,0.06330386000809085,3.0,0.4666666666666667
543,18845,0.9816261250007793,0.048298771391273476,3.0,0.4666666666666667
544,18868,0.9816037000007802,0.09439332039528381,3.0,0.4666666666666667
545,18891,0.9815812750007812,0.07874522858946875,3.0,0.4666666666666667
546,18914,0.9815588500007821,0.11006708713466651,3.0,0.4
547,18965,0.9815091250007842,0.17217761850542956,3.0,0.3333333333333333
548,18986,0.9814886500007851,0.06305582717754987,3.0,0.3333333333333333
549,19009,0.9814662250007861,0.06328281706009875,3.0,0.23333333333333334
550,19030,0.9814457500007869,0.10909369228829746,3.0,0.23333333333333334
551,19099,0.9813784750007898,0.2984680302874949,3.0,0.2
552,19218,0.9812624500007947,0.500971433381892,3.0,0.26666666666666666
553,19241,0.9812400250007957,0.09424729711008695,3.0,0.23333333333333334
554,19264,0.9812176000007966,0.20183749811076268,3.0,0.2
555,19287,0.9811951750007976,0.07898176586968475,3.0,0.2
556,19310,0.9811727500007985,0.04785090547738946,3.0,0.2
557,19331,0.9811522750007994,0.07816786352668714,3.0,0.2
558,19429,0.9810567250008034,0.3463073261291356,3.0,0.26666666666666666
559,19450,0.9810362500008043,0.04759435568666959,3.0,0.26666666666666666
560,19521,0.9809670250008072,0.2371470133866751,3.0,0.3
561,19544,0.9809446000008082,0.09429090298363008,3.0,0.3
562,19565,0.980924125000809,0.1397235989352339,3.0,0.3
563,19634,0.9808568500008119,0.2660861040749296,3.0,0.3333333333333333
564,19657,0.9808344250008129,0.10979585123459401,3.0,0.3333333333333333
565,19729,0.9807642250008158,0.37806402158389574,3.0,0.36666666666666664
566,19752,0.9807418000008168,0.06360770929677528,3.0,0.3333333333333333
567,19819,0.9806764750008196,0.2514415461118915,3.0,0.36666666666666664
568,19842,0.9806540500008205,0.1251236053503817,3.0,0.36666666666666664
569,19865,0.9806316250008215,0.06339178925554734,3.0,0.36666666666666664
570,19888,0.9806092000008224,0.10928680262850321,3.0,0.36666666666666664
571,19911,0.9805867750008234,0.07897572330057301,3.0,0.3333333333333333
572,19932,0.9805663000008242,0.06313527098609484,3.0,0.3333333333333333
573,19955,0.9805438750008252,0.1400748837240826,3.0,0.3333333333333333
574,19978,0.9805214500008261,0.07890754943764478,3.0,0.3333333333333333
575,20029,0.9804717250008282,0.23603644484978759,3.0,0.36666666666666664
576,20098,0.9804044500008311,0.299025572939172,3.0,0.4
577,20121,0.980382025000832,0.049020893065971904,3.0,0.36666666666666664
578,20172,0.9803323000008342,0.2679655721440213,3.0,0.4
579,20195,0.9803098750008351,0.06325293360532669,3.0,0.4
580,20218,0.9802874500008361,0.11003669136516692,3.0,0.4
581,20241,0.980265025000837,0.12485531202219136,3.0,0.36666666666666664
582,20264,0.980242600000838,0.1258943542452471,3.0,0.3
583,20285,0.9802221250008388,0.15559408038461697,3.0,0.3
584,20308,0.9801997000008398,0.04893106652161805,3.0,0.3
585,20329,0.9801792250008406,0.06367123393101792,3.0,0.3
586,20398,0.9801119500008435,0.33074550856144924,3.0,0.3333333333333333
587,20419,0.9800914750008444,0.03239606152055785,3.0,0.3333333333333333
588,20442,0.9800690500008453,0.09464478353402228,3.0,0.26666666666666666
589,20516,0.9799969000008484,0.4547500747930826,3.0,0.3
590,20539,0.9799744750008493,0.07919897145802679,3.0,0.26666666666666666
591,20562,0.9799520500008503,0.12580638078907214,3.0,0.26666666666666666
592,20585,0.9799296250008512,0.06391459605947603,3.0,0.26666666666666666
593,20606,0.9799091500008521,0.04875252355941484,3.0,0.23333333333333334
594,20629,0.979886725000853,0.15609106968076958,3.0,0.23333333333333334
595,20652,0.979864300000854,0.1097891696554143,3.0,0.2
596,20675,0.979841875000855,0.09414942154216988,3.0,0.2
597,20696,0.9798214000008558,0.01693447369370915,3.0,0.16666666666666666
598,20719,0.9797989750008568,0.12522577323579753,3.0,0.16666666666666666
599,20770,0.9797492500008589,0.25058685254043667,3.0,0.2
600,20791,0.9797287750008598,0.07839416919887299,3.0,0.2
601,20814,0.9797063500008607,0.06460599911952158,3.0,0.2
602,20837,0.9796839250008617,0.048874129787691345,3.0,0.2
603,20860,0.9796615000008626,0.14131938895661733,3.0,0.2
604,20883,0.9796390750008636,0.09470121665617626,3.0,0.2
605,20904,0.9796186000008644,0.07908438300000853,3.0,0.16666666666666666
606,20927,0.9795961750008654,0.04872452520612569,3.0,0.13333333333333333
607,20950,0.9795737500008663,0.07889632724072726,3.0,0.13333333333333333
608,20973,0.9795513250008673,0.09432394991199544,3.0,0.1
609,20994,0.9795308500008681,0.14087892335555807,3.0,0.1
610,21017,0.9795084250008691,0.11019775461136305,3.0,0.1
611,21040,0.97948600000087,0.06387160449412477,3.0,0.1
612,21063,0.979463575000871,0.0942540597752668,3.0,0.1
613,21086,0.979441150000872,0.10978524192614714,3.0,0.1
614,21109,0.9794187250008729,0.07916739884967683,3.0,0.1
615,21130,0.9793982500008738,0.032895857539188,3.0,0.1
616,21181,0.9793485250008759,0.26637475575762437,3.0,0.1
617,21204,0.9793261000008768,0.10978171427632333,3.0,0.1
618,21225,0.9793056250008777,0.07917929494215059,3.0,0.1
619,21248,0.9792832000008787,0.06359329213228193,3.0,0.06666666666666667
620,21271,0.9792607750008796,0.07867231434283894,3.0,0.06666666666666667
621,21294,0.9792383500008806,0.07921325726238138,3.0,0.06666666666666667
622,21317,0.9792159250008815,0.04800249893196451,3.0,0.06666666666666667
623,21340,0.9791935000008825,0.06330056109436555,3.0,0.06666666666666667
624,21510,0.9790277500008895,0.6011378979087567,3.0,0.16666666666666666
625,21533,0.9790053250008904,0.07878419314783969,3.0,0.16666666666666666
626,21556,0.9789829000008914,0.15652239138762525,3.0,0.16666666666666666
627,21579,0.9789604750008923,0.11054951158985205,3.0,0.16666666666666666
628,21602,0.9789380500008933,0.1251586521466379,3.0,0.16666666666666666
629,21625,0.9789156250008942,0.15617294985349872,3.0,0.13333333333333333
630,21646,0.9788951500008951,0.0793092702042486,3.0,0.13333333333333333
631,21669,0.9788727250008961,0.14053392543610244,3.0,0.13333333333333333
632,21692,0.978850300000897,0.12496820186061086,3.0,0.13333333333333333
633,21715,0.978827875000898,0.07866341651242692,3.0,0.13333333333333333
634,21738,0.9788054500008989,0.12484777986537665,3.0,0.13333333333333333
635,21761,0.9787830250008999,0.09535928520199377,3.0,0.13333333333333333
636,21784,0.9787606000009008,0.04916095688804489,3.0,0.13333333333333333
637,21882,0.9786650500009049,0.3467641963161441,3.0,0.2
638,21953,0.9785958250009078,0.26881141104604467,3.0,0.23333333333333334
639,21976,0.9785734000009088,0.202854960827608,3.0,0.23333333333333334
640,21999,0.9785509750009097,0.10964028781381785,3.0,0.23333333333333334
641,22050,0.9785012500009118,0.2200897886286839,3.0,0.26666666666666666
642,22073,0.9784788250009128,0.12558151293524134,3.0,0.26666666666666666
643,22094,0.9784583500009136,0.06367827853864583,3.0,0.26666666666666666
644,22213,0.9783423250009186,0.5331266851974306,3.0,0.3333333333333333
645,22282,0.9782750500009214,0.3752561962537584,3.0,0.36666666666666664
646,22305,0.9782526250009224,0.15515942853016895,3.0,0.3333333333333333
647,22328,0.9782302000009233,0.07849140133112087,3.0,0.3333333333333333
648,22351,0.9782077750009243,0.14050365372531815,3.0,0.3333333333333333
649,22374,0.9781853500009252,0.10926278058104799,3.0,0.3333333333333333
650,22470,0.9780917500009292,0.448478581011841,3.0,0.4
651,22493,0.9780693250009301,0.13669702448714816,3.0,0.4
652,22516,0.9780469000009311,0.0764792085847148,3.0,0.4
653,22567,0.9779971750009332,0.197596533676915,3.0,0.43333333333333335
654,22590,0.9779747500009341,0.07888428274327453,3.0,0.3333333333333333
655,22613,0.9779523250009351,0.08921907891271985,3.0,0.3333333333333333
656,22636,0.977929900000936,0.07548078514264489,3.0,0.3333333333333333
657,22659,0.977907475000937,0.10774720144763705,3.0,0.3333333333333333
658,22682,0.977885050000938,0.07745428177986469,3.0,0.3333333333333333
659,22705,0.9778626250009389,0.1370792210691434,3.0,0.3333333333333333
660,22728,0.9778402000009399,0.14804296367947245,3.0,0.3333333333333333
661,22751,0.9778177750009408,0.07104224937575054,3.0,0.3333333333333333
662,22774,0.9777953500009418,0.04543537794415897,3.0,0.3333333333333333
663,22795,0.9777748750009426,0.12411636138494941,3.0,0.3333333333333333
664,22845,0.9777261250009447,0.16993907410687825,3.0,0.36666666666666664
665,22868,0.9777037000009456,0.08620618893473875,3.0,0.36666666666666664
666,22891,0.9776812750009466,0.06617951198859373,3.0,0.36666666666666664
667,22912,0.9776608000009475,0.08497729615919525,3.0,0.3
668,22935,0.9776383750009484,0.0637558564549181,3.0,0.26666666666666666
669,22958,0.9776159500009494,0.06824339127342682,3.0,0.26666666666666666
670,22981,0.9775935250009503,0.060163252646816545,3.0,0.26666666666666666
671,23004,0.9775711000009513,0.10774572515947511,3.0,0.23333333333333334
672,23027,0.9775486750009522,0.06761812992590421,3.0,0.23333333333333334
673,23125,0.9774531250009563,0.28209440252612694,3.0,0.3
674,23223,0.9773575750009603,0.48394647937129776,3.0,0.3
675,23295,0.9772873750009633,0.14895429511125258,3.0,0.3
676,23318,0.9772649500009642,0.06404913566802861,3.0,0.3
677,23341,0.9772425250009652,0.07013085632934235,3.0,0.3
678,23364,0.9772201000009662,0.041378323892786284,3.0,0.3
679,23433,0.977152825000969,0.2340984800721344,3.0,0.3333333333333333
680,23454,0.9771323500009699,0.09442137320002075,3.0,0.26666666666666666
681,23523,0.9770650750009727,0.20762515691603767,3.0,0.3
682,23546,0.9770426500009737,0.05300794557479094,3.0,0.3
683,23569,0.9770202250009746,0.06505642231786624,3.0,0.26666666666666666
684,23592,0.9769978000009756,0.01914897615188238,3.0,0.26666666666666666
685,23664,0.9769276000009786,0.20043729615827033,3.0,0.3
686,23687,0.9769051750009795,0.05726747752305528,3.0,0.3
687,23710,0.9768827500009805,0.10682413829636062,3.0,0.3
688,23733,0.9768603250009814,0.056773298307234654,3.0,0.3
689,23756,0.9768379000009824,0.052121499087661505,3.0,0.3
690,23779,0.9768154750009833,0.0740125508964411,3.0,0.3
691,23802,0.9767930500009843,0.04809499025577679,3.0,0.3
692,23898,0.9766994500009882,0.2340189526676113,3.0,0.36666666666666664
693,23919,0.9766789750009891,0.032683335650290246,3.0,0.36666666666666664
694,23942,0.97665655000099,0.04979025075408572,3.0,0.3333333333333333
695,23965,0.976634125000991,0.06215712380253535,3.0,0.3333333333333333
696,23988,0.976611700000992,0.06620380939057213,3.0,0.3333333333333333
697,24057,0.9765444250009948,0.17233586961265246,3.0,0.36666666666666664
698,24078,0.9765239500009957,0.025208051443769364,3.0,0.36666666666666664
699,24150,0.9764537500009987,0.19952396351982316,3.0,0.4
700,24219,0.9763864750010015,0.21879539731162367,3.0,0.43333333333333335
701,24242,0.9763640500010025,0.028948726587259443,3.0,0.43333333333333335
702,24263,0.9763435750010033,0.04782891551803914,3.0,0.43333333333333335
703,24286,0.9763211500010043,0.06858606673995382,3.0,0.36666666666666664
704,24309,0.9762987250010052,0.05641812035537441,3.0,0.3
705,24332,0.9762763000010062,0.09026200697371678,3.0,0.26666666666666666
706,24355,0.9762538750010071,0.028024276352880406,3.0,0.26666666666666666
707,24378,0.9762314500010081,0.05081206337126787,3.0,0.26666666666666666
708,24401,0.976209025001009,0.02038963978702668,3.0,0.26666666666666666
709,24424,0.97618660000101,0.10479216018575244,3.0,0.23333333333333334
710,24447,0.9761641750010109,0.03674420856987126,3.0,0.23333333333333334
711,24498,0.976114450001013,0.1297088746823647,3.0,0.23333333333333334
712,24521,0.976092025001014,0.07833853815827752,3.0,0.23333333333333334
713,24544,0.976069600001015,0.05212914093135623,3.0,0.23333333333333334
714,24567,0.9760471750010159,0.03629986249143258,3.0,0.23333333333333334
715,24590,0.9760247500010168,0.030277921850938583,3.0,0.2
716,24613,0.9760023250010178,0.05560496485668409,3.0,0.2
717,24636,0.9759799000010188,0.04935088077399996,3.0,0.2
718,24659,0.9759574750010197,0.04474381207364786,3.0,0.2
719,24682,0.9759350500010207,0.010572166850579379,3.0,0.2
720,24753,0.9758658250010236,0.1155624637872279,3.0,0.23333333333333334
721,24837,0.9757839250010271,0.23924501668079756,3.0,0.3
722,24860,0.975761500001028,0.018034192455161246,3.0,0.23333333333333334
723,24883,0.975739075001029,0.03695025339038693,3.0,0.23333333333333334
724,24904,0.9757186000010298,0.05252640600519953,3.0,0.23333333333333334
725,24925,0.9756981250010307,0.03258732962422073,3.0,0.23333333333333334
726,24948,0.9756757000010317,0.04522367803110683,3.0,0.23333333333333334
727,24971,0.9756532750010326,0.04881923803259269,3.0,0.2
728,25022,0.9756035500010347,0.12745496822572022,3.0,0.23333333333333334
729,25045,0.9755811250010357,0.08972922979592113,3.0,0.2
730,25068,0.9755587000010366,0.08600508989911759,3.0,0.16666666666666666
731,25091,0.9755362750010376,0.0637234952300787,3.0,0.16666666666666666
732,25142,0.9754865500010397,0.21450522735176492,3.0,0.2
733,25165,0.9754641250010406,0.05251165035406302,3.0,0.2
734,25186,0.9754436500010415,0.0604398724535713,3.0,0.2
735,25209,0.9754212250010424,0.08780666092934553,3.0,0.2
736,25232,0.9753988000010434,0.07921504374098731,3.0,0.2
737,25255,0.9753763750010443,0.04939201316301478,3.0,0.2
738,25278,0.9753539500010453,0.09291389403369976,3.0,0.2
739,25301,0.9753315250010463,0.05578149388747988,3.0,0.2
740,25322,0.9753110500010471,0.07580902952031465,3.0,0.2
741,25345,0.9752886250010481,0.05114330018113833,3.0,0.16666666666666666
742,25366,0.9752681500010489,0.06515908662549919,3.0,0.16666666666666666
743,25389,0.9752457250010499,0.060688916924846126,3.0,0.16666666666666666
744,25458,0.9751784500010527,0.15424465148498712,3.0,0.2
745,25481,0.9751560250010537,0.07017723527678754,3.0,0.2
746,25504,0.9751336000010546,0.016815525988931768,3.0,0.2
747,25527,0.9751111750010556,0.05471020655022585,3.0,0.2
748,25550,0.9750887500010565,0.042947636127792066,3.0,0.2
749,25573,0.9750663250010575,0.04170745233568596,3.0,0.2
750,25594,0.9750458500010584,0.05691069360182155,3.0,0.16666666666666666
751,25617,0.9750234250010593,0.037647201024810784,3.0,0.1
752,25638,0.9750029500010602,0.05337684664300468,3.0,0.1
753,25659,0.974982475001061,0.04309321278196876,3.0,0.1
754,25682,0.974960050001062,0.037985464769008104,3.0,0.1
755,25703,0.9749395750010629,0.06532997162503307,3.0,0.1
756,25801,0.9748440250010669,0.1836791828427522,3.0,0.16666666666666666
757,25872,0.9747748000010699,0.1339673454313015,3.0,0.2
758,25895,0.9747523750010708,0.04047560067192535,3.0,0.16666666666666666
759,25948,0.974700700001073,0.09453577773456345,3.0,0.2
760,25969,0.9746802250010739,0.035585121890107985,3.0,0.2
761,25992,0.9746578000010748,0.042227502726746025,3.0,0.2
762,26013,0.9746373250010757,0.031018280089483596,3.0,0.16666666666666666
763,26111,0.9745417750010797,0.19515557778322545,3.0,0.23333333333333334
764,26182,0.9744725500010827,0.11722919782187091,3.0,0.26666666666666666
765,26283,0.9743740750010869,0.11596758164887433,3.0,0.3333333333333333
766,26306,0.9743516500010878,0.02500538615095138,3.0,0.3333333333333333
767,26327,0.9743311750010887,0.04730024415948719,3.0,0.3333333333333333
768,26350,0.9743087500010896,0.039440984932298306,3.0,0.3333333333333333
769,26373,0.9742863250010906,0.033576164136320585,3.0,0.3333333333333333
770,26394,0.9742658500010914,0.013958784093119903,3.0,0.3333333333333333
771,26417,0.9742434250010924,0.044120296006440185,3.0,0.3333333333333333
772,26438,0.9742229500010933,0.017151834588730708,3.0,0.3333333333333333
773,26461,0.9742005250010942,0.056866008420911385,3.0,0.3333333333333333
774,26484,0.9741781000010952,0.045218656632641796,3.0,0.3
775,26505,0.974157625001096,0.020728342031361535,3.0,0.3
776,26603,0.9740620750011001,0.11104071160661988,3.0,0.36666666666666664
777,26626,0.974039650001101,0.05234597831440624,3.0,0.36666666666666664
778,26649,0.974017225001102,0.011462122749435366,3.0,0.36666666666666664
779,26720,0.9739480000011049,0.0969620006144396,3.0,0.4
780,26743,0.9739255750011059,0.04221335480360722,3.0,0.4
781,26766,0.9739031500011068,0.03293419960391475,3.0,0.4
782,26833,0.9738378250011096,0.09282981411524815,3.0,0.43333333333333335
783,26884,0.9737881000011117,0.03482325004370068,3.0,0.4666666666666667
784,26907,0.9737656750011127,0.023945039250975242,3.0,0.4666666666666667
785,26930,0.9737432500011136,0.0392094094222557,3.0,0.4666666666666667
786,26953,0.9737208250011146,0.04543023654696299,3.0,0.4
787,26976,0.9736984000011155,0.03489307450399792,3.0,0.36666666666666664
788,26999,0.9736759750011165,0.016261282242339803,3.0,0.36666666666666664
789,27095,0.9735823750011204,0.1302441279804043,3.0,0.4
790,27118,0.9735599500011214,0.02754428236585227,3.0,0.4
791,27187,0.9734926750011242,0.053545840331935324,3.0,0.43333333333333335
792,27259,0.9734224750011272,0.07021944780353806,3.0,0.4666666666666667
793,27280,0.9734020000011281,0.006487748762083356,3.0,0.4
794,27303,0.973379575001129,0.04781358603941044,3.0,0.36666666666666664
795,27324,0.9733591000011299,0.01417700714955572,3.0,0.3
796,27393,0.9732918250011328,0.06757092811676557,3.0,0.3333333333333333
797,27416,0.9732694000011337,0.037013328894317965,3.0,0.3333333333333333
798,27437,0.9732489250011346,0.03647104549600044,3.0,0.3333333333333333
799,27460,0.9732265000011355,0.025675581659015734,3.0,0.3333333333333333
800,27481,0.9732060250011364,0.017453751199354883,3.0,0.3333333333333333
801,27504,0.9731836000011373,0.025409897871213616,3.0,0.3333333333333333
802,27574,0.9731153500011402,0.07417826392156712,3.0,0.36666666666666664
803,27597,0.9730929250011412,0.01934782501302834,3.0,0.36666666666666664
804,27618,0.9730724500011421,0.02539662026174483,3.0,0.36666666666666664
805,27641,0.973050025001143,0.013878794409720285,3.0,0.36666666666666664
806,27664,0.973027600001144,0.02180757266796718,3.0,0.3
807,27687,0.9730051750011449,0.009683082461378945,3.0,0.3
808,27754,0.9729398500011477,0.10470355434517842,3.0,0.3333333333333333
809,27777,0.9729174250011486,0.009864953535725363,3.0,0.3
810,27847,0.9728491750011515,0.07324414008689928,3.0,0.3333333333333333
811,27870,0.9728267500011525,0.01131359042483382,3.0,0.3333333333333333
812,27891,0.9728062750011534,0.014941021478080074,3.0,0.3
813,27960,0.9727390000011562,0.06505153637408512,3.0,0.3
814,27983,0.9727165750011572,0.011924455495318398,3.0,0.3
815,28004,0.972696100001158,0.01171578035246057,3.0,0.3
816,28027,0.972673675001159,0.015758572158119932,3.0,0.3
817,28050,0.9726512500011599,0.009721839882331551,3.0,0.3
818,28073,0.9726288250011609,0.052060889514905284,3.0,0.3
819,28096,0.9726064000011618,0.008389761824219022,3.0,0.23333333333333334
820,28119,0.9725839750011628,0.019415709080931265,3.0,0.23333333333333334
821,28217,0.9724884250011668,0.0776997151933756,3.0,0.26666666666666666
822,28238,0.9724679500011677,0.025514641592963017,3.0,0.23333333333333334
823,28261,0.9724455250011687,0.04072545431336039,3.0,0.23333333333333334
824,28282,0.9724250500011695,0.009403365260368446,3.0,0.23333333333333334
825,28305,0.9724026250011705,0.005233890735780733,3.0,0.23333333333333334
826,28424,0.9722866000011754,0.09117780173983192,3.0,0.26666666666666666
827,28496,0.9722164000011784,0.04432397172331548,3.0,0.3
828,28519,0.9721939750011793,0.06848725028248737,3.0,0.3
829,28540,0.9721735000011802,0.009850676304267836,3.0,0.3
830,28611,0.9721042750011831,0.02318949745313148,3.0,0.3333333333333333
831,28713,0.9720048250011873,0.06143235949912196,3.0,0.4
832,28736,0.9719824000011883,0.024841188787831925,3.0,0.36666666666666664
833,28759,0.9719599750011892,0.02210423811993678,3.0,0.36666666666666664
834,28780,0.9719395000011901,0.0026780894986586645,3.0,0.36666666666666664
835,28881,0.9718410250011943,0.0751215056880028,3.0,0.43333333333333335
836,28904,0.9718186000011952,0.014591475204724702,3.0,0.43333333333333335
837,28927,0.9717961750011962,0.009075795610442583,3.0,0.43333333333333335
838,28948,0.9717757000011971,0.03297008581284899,3.0,0.4
839,28971,0.971753275001198,0.0061927688075229526,3.0,0.4
840,28994,0.971730850001199,0.006535658417305967,3.0,0.36666666666666664
841,29017,0.9717084250011999,0.010468175088135467,3.0,0.36666666666666664
842,29040,0.9716860000012009,0.02705063838402566,3.0,0.36666666666666664
843,29063,0.9716635750012018,0.00636216963721381,3.0,0.3333333333333333
844,29086,0.9716411500012028,0.015835022224564455,3.0,0.3333333333333333
845,29184,0.9715456000012068,0.051618614694234566,3.0,0.4
846,29207,0.9715231750012078,0.026000331323302817,3.0,0.4
847,29228,0.9715027000012086,0.006329250205453718,3.0,0.4
848,29251,0.9714802750012096,0.006500057796074543,3.0,0.4
849,29274,0.9714578500012105,0.004600026193656959,3.0,0.4
850,29297,0.9714354250012115,0.014007472610501281,3.0,0.4
851,29320,0.9714130000012124,0.0243040015866427,3.0,0.3333333333333333
852,29343,0.9713905750012134,0.018064596854856063,3.0,0.3333333333333333
853,29366,0.9713681500012143,0.018957115842567873,3.0,0.3333333333333333
854,29387,0.9713476750012152,0.026698810655943817,3.0,0.3333333333333333
855,29410,0.9713252500012162,0.010097474449139554,3.0,0.3333333333333333
856,29433,0.9713028250012171,0.04078091560222674,3.0,0.26666666666666666
857,29502,0.97123555000122,0.05807549520613975,3.0,0.26666666666666666
858,29571,0.9711682750012228,0.03817293273550604,3.0,0.3
859,29594,0.9711458500012238,0.02553413596797327,3.0,0.3
860,29665,0.9710766250012267,0.04907923394603131,3.0,0.3
861,29688,0.9710542000012277,0.004189907607724308,3.0,0.23333333333333334
862,29711,0.9710317750012286,0.008652984368382022,3.0,0.23333333333333334
863,29732,0.9710113000012295,0.016076793321190053,3.0,0.23333333333333334
864,29753,0.9709908250012304,0.00392004914010613,3.0,0.23333333333333334
865,29776,0.9709684000012313,0.019096265195912565,3.0,0.16666666666666666
866,29799,0.9709459750012323,0.020221212127580657,3.0,0.16666666666666666
867,29822,0.9709235500012332,0.019949484303651843,3.0,0.16666666666666666
868,29845,0.9709011250012342,0.002741258118476253,3.0,0.16666666666666666
869,29868,0.9708787000012351,0.005362075613447814,3.0,0.16666666666666666
870,29891,0.9708562750012361,0.02487095540345763,3.0,0.16666666666666666
871,29914,0.970833850001237,0.00479648986220127,3.0,0.16666666666666666
872,29937,0.970811425001238,0.010291264319675975,3.0,0.16666666666666666
873,29960,0.9707890000012389,0.022109572144472622,3.0,0.16666666666666666
874,29983,0.9707665750012399,0.010505096124688862,3.0,0.16666666666666666
875,30034,0.970716850001242,0.1522100235815742,3.0,0.13333333333333333
876,30057,0.9706944250012429,0.0526661690309993,3.0,0.13333333333333333
877,30080,0.9706720000012439,0.02572437532580807,3.0,0.13333333333333333
878,30103,0.9706495750012448,0.06361786230627331,3.0,0.13333333333333333
879,30124,0.9706291000012457,0.04942243855475681,3.0,0.13333333333333333
880,30222,0.9705335500012497,0.2020710252381832,3.0,0.2
881,30245,0.9705111250012507,0.044330765507766046,3.0,0.2
882,30343,0.9704155750012547,0.18141506534084328,3.0,0.26666666666666666
883,30512,0.9702508000012617,0.325784643073348,3.0,0.36666666666666664
884,30587,0.9701776750012648,0.15522991849138634,3.0,0.4
885,30661,0.9701055250012679,0.11065512401000888,3.0,0.43333333333333335
886,30684,0.9700831000012688,0.04768838038580725,3.0,0.43333333333333335
887,30705,0.9700626250012697,0.06161072273971513,3.0,0.4
888,30774,0.9699953500012726,0.1412462177886482,3.0,0.4
889,30797,0.9699729250012735,0.03799761446316552,3.0,0.4
890,30846,0.9699251500012755,0.10921845512348227,3.0,0.4
891,30869,0.9699027250012765,0.04238540523510892,3.0,0.4
892,30892,0.9698803000012775,0.029705594055485562,3.0,0.4
893,30915,0.9698578750012784,0.025678240477645886,3.0,0.4
894,30938,0.9698354500012794,0.023572217558466946,3.0,0.4
895,30961,0.9698130250012803,0.024749284330027876,3.0,0.4
896,31059,0.9697174750012844,0.19002699204429518,3.0,0.4666666666666667
897,31082,0.9696950500012853,0.0159427500966558,3.0,0.4666666666666667
898,31105,0.9696726250012863,0.02028290264570387,3.0,0.4666666666666667
899,31126,0.9696521500012871,0.035218114746385254,3.0,0.4666666666666667
900,31149,0.9696297250012881,0.03118483037178521,3.0,0.4666666666666667
901,31200,0.9695800000012902,0.04893602089396154,3.0,0.5
902,31223,0.9695575750012911,0.03314487730312976,3.0,0.5
903,31244,0.969537100001292,0.019649757752631558,3.0,0.5
904,31298,0.9694844500012942,0.07256913723176694,3.0,0.5333333333333333
905,31321,0.9694620250012952,0.013678062656254042,3.0,0.5
906,31344,0.9694396000012961,0.0179073209692433,3.0,0.5
907,31365,0.969419125001297,0.02011436399334343,3.0,0.5
908,31386,0.9693986500012979,0.03373059853038285,3.0,0.5
909,31454,0.9693323500013007,0.0733512293536478,3.0,0.5333333333333333
910,31556,0.9692329000013049,0.10329955479846831,3.0,0.5333333333333333
911,31579,0.9692104750013059,0.016665706345520448,3.0,0.5333333333333333
912,31602,0.9691880500013068,0.013149643196811667,3.0,0.4666666666666667
913,31625,0.9691656250013078,0.013283527461680933,3.0,0.36666666666666664
914,31648,0.9691432000013087,0.020305013727920596,3.0,0.3333333333333333
915,31671,0.9691207750013097,0.0067434556112857535,3.0,0.3
916,31694,0.9690983500013106,0.03429508015688043,3.0,0.3
917,31717,0.9690759250013116,0.017863526454675593,3.0,0.3
918,31882,0.9689150500013184,0.1311164978242232,3.0,0.36666666666666664
919,31905,0.9688926250013193,0.025594442216970492,3.0,0.36666666666666664
920,31928,0.9688702000013203,0.0201741949931602,3.0,0.3333333333333333
921,32026,0.9687746500013243,0.0872287943129777,3.0,0.4
922,32047,0.9687541750013252,0.028061183584213722,3.0,0.4
923,32118,0.9686849500013281,0.04314047976185975,3.0,0.43333333333333335
924,32141,0.9686625250013291,0.019355526857907535,3.0,0.43333333333333335
925,32162,0.96864205000133,0.009619838565413374,3.0,0.43333333333333335
926,32185,0.9686196250013309,0.019423606019699946,3.0,0.36666666666666664
927,32370,0.9684392500013386,0.14721921191448928,4.0,0.5
928,32393,0.9684168250013395,0.020390656445670174,4.0,0.5
929,32416,0.9683944000013405,0.024407217890257016,4.0,0.5
930,32437,0.9683739250013413,0.009199314735269581,4.0,0.5
931,32490,0.9683222500013435,0.036131078932157834,4.0,0.5
932,32513,0.9682998250013445,0.026394782144052442,4.0,0.5
933,32534,0.9682793500013454,0.014006672552568489,4.0,0.5
934,32557,0.9682569250013463,0.019591856960687437,4.0,0.4666666666666667
935,32578,0.9682364500013472,0.007622039680427406,4.0,0.4666666666666667
936,32629,0.9681867250013493,0.04867633559751994,4.0,0.5
937,32680,0.9681370000013514,0.03425762652204867,4.0,0.5333333333333333
938,32703,0.9681145750013523,0.0345178211973689,4.0,0.5333333333333333
939,32724,0.9680941000013532,0.009457762577767426,4.0,0.5
940,32747,0.9680716750013542,0.04067468437642674,4.0,0.43333333333333335
941,32770,0.9680492500013551,0.03956479068438057,4.0,0.43333333333333335
942,32821,0.9679995250013572,0.03296628724820039,4.0,0.4666666666666667
943,32921,0.9679020250013614,0.09228356431594875,4.0,0.5333333333333333
944,32992,0.9678328000013643,0.06464054210573522,4.0,0.5666666666666667
945,33015,0.9678103750013652,0.011617498541454552,4.0,0.5666666666666667
946,33084,0.9677431000013681,0.05044601842837437,4.0,0.6
947,33203,0.967627075001373,0.12591843680638704,4.0,0.6666666666666666
948,33326,0.9675071500013781,0.12246056301592034,4.0,0.6333333333333333
949,33398,0.9674369500013811,0.09764277815520472,4.0,0.6666666666666666
950,33472,0.9673648000013841,0.052420408523175865,4.0,0.7
951,33558,0.9672809500013877,0.09329871115915012,4.0,0.7
952,33627,0.9672136750013905,0.08246111597509298,4.0,0.7333333333333333
953,33650,0.9671912500013915,0.009679424461864983,4.0,0.7
954,33673,0.9671688250013925,0.014942114266887074,4.0,0.7
955,33696,0.9671464000013934,0.02507687866454944,4.0,0.7
956,33794,0.9670508500013975,0.10385506660713872,4.0,0.7666666666666667
957,33815,0.9670303750013983,0.028105544894060586,4.0,0.6333333333333333
958,33836,0.9670099000013992,0.03043746483308496,4.0,0.6333333333333333
959,33859,0.9669874750014001,0.020861134529695846,4.0,0.6333333333333333
960,33930,0.9669182500014031,0.06462744624332117,4.0,0.6666666666666666
961,33953,0.966895825001404,0.024013288006244693,4.0,0.6333333333333333
962,33976,0.966873400001405,0.01659278377337614,4.0,0.6333333333333333
963,33999,0.9668509750014059,0.04319784939980309,4.0,0.6333333333333333
964,34068,0.9667837000014088,0.08129959803954989,4.0,0.6666666666666666
965,34091,0.9667612750014097,0.03272615135210799,4.0,0.6666666666666666
966,34114,0.9667388500014107,0.030495618220811593,4.0,0.6333333333333333
967,34137,0.9667164250014116,0.015084837308677379,4.0,0.6
968,34206,0.9666491500014145,0.09457999890764768,4.0,0.6333333333333333
969,34278,0.9665789500014175,0.059878968708289904,4.0,0.6666666666666666
970,34349,0.9665097250014204,0.1031759843317559,4.0,0.7
971,34372,0.9664873000014214,0.009162650831058272,4.0,0.7
972,34395,0.9664648750014223,0.01616063871915685,4.0,0.6666666666666666
973,34418,0.9664424500014233,0.01809477835377038,4.0,0.6
974,34441,0.9664200250014242,0.0038049729828344425,4.0,0.5666666666666667
975,34464,0.9663976000014252,0.028407088556377857,4.0,0.5666666666666667
976,34487,0.9663751750014261,0.012979576158613781,4.0,0.5333333333333333
977,34508,0.966354700001427,0.007125060775251768,4.0,0.4666666666666667
978,34531,0.9663322750014279,0.019872871590450814,4.0,0.4
979,34554,0.9663098500014289,0.01715835008508293,4.0,0.36666666666666664
980,34577,0.9662874250014298,0.019905792738427408,4.0,0.3333333333333333
981,34600,0.9662650000014308,0.014693446650198894,4.0,0.26666666666666666
982,34623,0.9662425750014317,0.00785577685564931,4.0,0.23333333333333334
983,34644,0.9662221000014326,0.028638682786549907,4.0,0.23333333333333334
984,34695,0.9661723750014347,0.020267740816052537,4.0,0.26666666666666666
985,34718,0.9661499500014357,0.02169785824480641,4.0,0.26666666666666666
986,34741,0.9661275250014366,0.01997956160630565,4.0,0.2
987,34764,0.9661051000014376,0.011338133670506068,4.0,0.2
988,34833,0.9660378250014404,0.07010410796101496,4.0,0.23333333333333334
989,34854,0.9660173500014413,0.010458783634021529,4.0,0.23333333333333334
990,34877,0.9659949250014422,0.016105445844004862,4.0,0.2
991,34900,0.9659725000014432,0.02389368394506164,4.0,0.2
992,34923,0.9659500750014441,0.016700227548426483,4.0,0.2
993,34946,0.9659276500014451,0.020586736642144388,4.0,0.2
994,35042,0.9658340500014491,0.28883209772357077,4.0,0.23333333333333334
995,35065,0.96581162500145,0.052418141429370735,4.0,0.23333333333333334
996,35088,0.965789200001451,0.045032414149318356,4.0,0.23333333333333334
997,35109,0.9657687250014518,0.07028898266071337,4.0,0.23333333333333334
998,35132,0.9657463000014528,0.06345195199537557,4.0,0.2
999,35155,0.9657238750014537,0.0644941273421864,4.0,0.16666666666666666
1000,35176,0.9657034000014546,0.07220928210153943,4.0,0.13333333333333333
1001,35199,0.9656809750014556,0.06308685135445558,4.0,0.13333333333333333
1002,35222,0.9656585500014565,0.07485449977684766,4.0,0.13333333333333333
1003,35245,0.9656361250014575,0.06778313861286733,4.0,0.13333333333333333
1004,35268,0.9656137000014584,0.051334676925762324,4.0,0.13333333333333333
1005,35291,0.9655912750014594,0.03581744029361289,4.0,0.13333333333333333
1006,35314,0.9655688500014603,0.03043041811179137,4.0,0.13333333333333333
1007,35337,0.9655464250014613,0.036620207134546945,4.0,0.13333333333333333
1008,35360,0.9655240000014622,0.03766696589445928,4.0,0.13333333333333333
1009,35383,0.9655015750014632,0.046062863253609976,4.0,0.13333333333333333
1010,35406,0.9654791500014641,0.030807660055870656,4.0,0.13333333333333333
1011,35429,0.9654567250014651,0.05710756822372787,4.0,0.13333333333333333
1012,35478,0.9654089500014671,0.07163862159359269,4.0,0.16666666666666666
1013,35501,0.965386525001468,0.033098202671681065,4.0,0.16666666666666666
1014,35522,0.9653660500014689,0.015181346210738411,4.0,0.13333333333333333
1015,35543,0.9653455750014698,0.03647583510610275,4.0,0.13333333333333333
1016,35566,0.9653231500014707,0.020056071367434924,4.0,0.13333333333333333
1017,35587,0.9653026750014716,0.03148147339379648,4.0,0.13333333333333333
1018,35610,0.9652802500014726,0.04715096941436059,4.0,0.1
1019,35633,0.9652578250014735,0.035636742955830414,4.0,0.1
1020,35656,0.9652354000014745,0.04323129646218149,4.0,0.1
1021,35727,0.9651661750014774,0.11894069023401244,4.0,0.13333333333333333
1022,35750,0.9651437500014783,0.018974440143210813,4.0,0.13333333333333333
1023,35773,0.9651213250014793,0.015238911264532362,4.0,0.13333333333333333
1024,35794,0.9651008500014802,0.059979932542773895,4.0,0.06666666666666667
1025,35868,0.9650287000014832,0.10099471897774492,4.0,0.1
1026,35966,0.9649331500014873,0.10366641527798492,4.0,0.16666666666666666
1027,36037,0.9648639250014902,0.09898266277014045,4.0,0.2
1028,36058,0.9648434500014911,0.021413078749901615,4.0,0.2
1029,36180,0.9647245000014961,0.1686346545429842,4.0,0.26666666666666666
1030,36255,0.9646513750014992,0.06441387227823725,4.0,0.3
1031,36278,0.9646289500015002,0.03233276412902342,4.0,0.3
1032,36301,0.9646065250015011,0.01836133983306354,4.0,0.3
1033,36324,0.9645841000015021,0.016856589685630752,4.0,0.3
1034,36345,0.9645636250015029,0.03882122341019567,4.0,0.3
1035,36368,0.9645412000015039,0.04680692373949569,4.0,0.3
1036,36454,0.9644573500015075,0.10004542543902062,4.0,0.36666666666666664
1037,36477,0.9644349250015084,0.017552198505654815,4.0,0.36666666666666664
1038,36498,0.9644144500015093,0.022062149892008165,4.0,0.36666666666666664
1039,36521,0.9643920250015102,0.026050735945318593,4.0,0.36666666666666664
1040,36542,0.9643715500015111,0.015279062572517432,4.0,0.36666666666666664
1041,36614,0.9643013500015141,0.09137817610280763,4.0,0.4
1042,36712,0.9642058000015181,0.12503555040893843,4.0,0.43333333333333335
1043,36735,0.9641833750015191,0.025914277121046325,4.0,0.43333333333333335
1044,36758,0.96416095000152,0.008108035326586105,4.0,0.43333333333333335
1045,36781,0.964138525001521,0.02864639521067147,4.0,0.43333333333333335
1046,36804,0.9641161000015219,0.03411761655297596,4.0,0.43333333333333335
1047,36969,0.9639552250015287,0.18047395719804626,4.0,0.5666666666666667
1048,36992,0.9639328000015297,0.027163094537172583,4.0,0.5666666666666667
1049,37015,0.9639103750015307,0.02969250292335346,4.0,0.5666666666666667
1050,37038,0.9638879500015316,0.010739140881923959,4.0,0.5666666666666667
1051,37107,0.9638206750015345,0.06366766836799798,4.0,0.5666666666666667
1052,37276,0.9636559000015414,0.20464662161975866,4.0,0.6666666666666666
1053,37297,0.9636354250015423,0.009686148992841481,4.0,0.6666666666666666
1054,37348,0.9635857000015444,0.04539960178590263,4.0,0.7
1055,37369,0.9635652250015453,0.009641523094614968,4.0,0.6666666666666666
1056,37392,0.9635428000015462,0.017710233049001545,4.0,0.6
1057,37415,0.9635203750015472,0.013760695699602365,4.0,0.5666666666666667
1058,37592,0.9633478000015545,0.10782827728689881,5.0,0.7333333333333333
1059,37615,0.9633253750015555,0.02158354770654114,5.0,0.6666666666666666
1060,37638,0.9633029500015564,0.03123036197212059,5.0,0.6333333333333333
1061,37661,0.9632805250015574,0.011224184134334791,5.0,0.6333333333333333
1062,37684,0.9632581000015583,0.04060475151709397,5.0,0.6333333333333333
1063,37754,0.9631898500015612,0.038305696869429084,5.0,0.6666666666666666
1064,37805,0.9631401250015633,0.04637377247127006,5.0,0.7
1065,37828,0.9631177000015643,0.016696044145646738,5.0,0.7
1066,37851,0.9630952750015652,0.017103812151617603,5.0,0.6333333333333333
1067,37872,0.9630748000015661,0.06183494113065535,5.0,0.6333333333333333
1068,37942,0.963006550001569,0.06650986335080233,5.0,0.6666666666666666
1069,37965,0.9629841250015699,0.008792264336079825,5.0,0.6666666666666666
1070,37988,0.9629617000015709,0.01654904456336226,5.0,0.6666666666666666
1071,38011,0.9629392750015718,0.02839917890742072,5.0,0.6333333333333333
1072,38032,0.9629188000015727,0.011053841673856368,5.0,0.5666666666666667
1073,38053,0.9628983250015736,0.010338590036553796,5.0,0.5666666666666667
1074,38074,0.9628778500015744,0.05095217742564273,5.0,0.5666666666666667
1075,38146,0.9628076500015774,0.05609612362604821,5.0,0.6
1076,38169,0.9627852250015784,0.034244255137309665,5.0,0.6
1077,38190,0.9627647500015792,0.01735969612855115,5.0,0.4666666666666667
1078,38259,0.9626974750015821,0.03635207330080448,5.0,0.5
1079,38282,0.962675050001583,0.02412182382249739,5.0,0.5
1080,38305,0.962652625001584,0.012567062469315715,5.0,0.5
1081,38328,0.962630200001585,0.027552175961318426,5.0,0.4666666666666667
1082,38426,0.962534650001589,0.06039464671812311,5.0,0.43333333333333335
1083,38449,0.96251222500159,0.024942667499999516,5.0,0.43333333333333335
1084,38470,0.9624917500015908,0.023087564291927265,5.0,0.4
1085,38541,0.9624225250015938,0.03509976989153074,5.0,0.43333333333333335
1086,38564,0.9624001000015947,0.009690389269962907,5.0,0.43333333333333335
1087,38587,0.9623776750015957,0.006698280081764096,5.0,0.43333333333333335
1088,38610,0.9623552500015966,0.027226269769016653,5.0,0.26666666666666666
1089,38633,0.9623328250015976,0.008487597950079362,5.0,0.26666666666666666
1090,38656,0.9623104000015985,0.04876453784527257,5.0,0.26666666666666666
1091,38725,0.9622431250016014,0.06517053136121831,5.0,0.3
1092,38775,0.9621943750016034,0.021955545871605864,5.0,0.3333333333333333
1093,38847,0.9621241750016064,0.06149917825132434,5.0,0.3333333333333333
1094,38918,0.9620549500016093,0.05467501311431988,5.0,0.3333333333333333
1095,38990,0.9619847500016123,0.03932232933402702,5.0,0.36666666666666664
1096,39013,0.9619623250016133,0.03880172206481802,5.0,0.36666666666666664
1097,39036,0.9619399000016142,0.012251628955709748,5.0,0.36666666666666664
1098,39059,0.9619174750016152,0.012969026302016573,5.0,0.3333333333333333
1099,39082,0.9618950500016161,0.01996117586895707,5.0,0.3333333333333333
1100,39105,0.9618726250016171,0.007660049781406997,5.0,0.3333333333333333
1101,39128,0.961850200001618,0.007325395188672701,5.0,0.3333333333333333
1102,39151,0.961827775001619,0.024493718969097245,5.0,0.3333333333333333
1103,39200,0.961780000001621,0.05929488489709911,5.0,0.36666666666666664
1104,39223,0.961757575001622,0.006997404643698246,5.0,0.36666666666666664
1105,39244,0.9617371000016228,0.005559018929488957,5.0,0.3333333333333333
1106,39267,0.9617146750016238,0.007917862123576924,5.0,0.3333333333333333
1107,39288,0.9616942000016246,0.022158139594466775,5.0,0.3333333333333333
1108,39311,0.9616717750016256,0.03506029588606907,5.0,0.3
1109,39334,0.9616493500016265,0.0075686933741963,5.0,0.3
1110,39357,0.9616269250016275,0.006140707117083366,5.0,0.3
1111,39426,0.9615596500016304,0.04624506838445086,5.0,0.3333333333333333
1112,39498,0.9614894500016333,0.043892683814192424,5.0,0.3
1113,39574,0.9614153500016365,0.04750857396174979,5.0,0.3333333333333333
1114,39646,0.9613451500016394,0.03625221882248297,5.0,0.36666666666666664
1115,39669,0.9613227250016404,0.006080444813051145,5.0,0.3333333333333333
1116,39692,0.9613003000016414,0.013183564671635395,5.0,0.3333333333333333
1117,39715,0.9612778750016423,0.006852739967143862,5.0,0.3333333333333333
1118,39784,0.9612106000016452,0.05303466298391868,5.0,0.36666666666666664
1119,39807,0.9611881750016461,0.008669204657053342,5.0,0.36666666666666664
1120,39879,0.9611179750016491,0.04027999500067381,5.0,0.4
1121,39902,0.96109555000165,0.006117941378761316,5.0,0.36666666666666664
1122,39923,0.9610750750016509,0.014594021311495453,5.0,0.3333333333333333
1123,39946,0.9610526500016519,0.004004123735285248,5.0,0.3
1124,39969,0.9610302250016528,0.013353491814996232,5.0,0.26666666666666666
1125,39992,0.9610078000016538,0.00816251288051717,5.0,0.23333333333333334
1126,40063,0.9609385750016567,0.30443648195614514,5.0,0.26666666666666666
1127,40184,0.9608206000016617,0.33002710645087063,5.0,0.3333333333333333
1128,40235,0.9607708750016638,0.08516998649065499,5.0,0.36666666666666664
1129,40256,0.9607504000016647,0.04395656826818595,5.0,0.36666666666666664
1130,40328,0.9606802000016677,0.14241269486228703,5.0,0.4
1131,40351,0.9606577750016686,0.05552133806486381,5.0,0.4
1132,40374,0.9606353500016696,0.02326130813889904,5.0,0.4
1133,40397,0.9606129250016705,0.03234527006497956,5.0,0.36666666666666664
1134,40466,0.9605456500016734,0.11362083899439313,5.0,0.4
1135,40538,0.9604754500016763,0.09261720089853043,5.0,0.43333333333333335
1136,40609,0.9604062250016793,0.10199296156861237,5.0,0.4666666666666667
1137,40632,0.9603838000016802,0.024614037367427954,5.0,0.4666666666666667
1138,40653,0.9603633250016811,0.017780746340577025,5.0,0.4666666666666667
1139,40722,0.9602960500016839,0.1214876126141462,5.0,0.5
1140,40745,0.9602736250016849,0.02283689479008899,5.0,0.5
1141,40768,0.9602512000016858,0.03787078038658365,5.0,0.4666666666666667
1142,40791,0.9602287750016868,0.03284935282135848,5.0,0.43333333333333335
1143,40887,0.9601351750016908,0.14587660232791677,5.0,0.4666666666666667
1144,40910,0.9601127500016917,0.023299863838474266,5.0,0.43333333333333335
1145,40933,0.9600903250016927,0.020938075736921746,5.0,0.43333333333333335
1146,41031,0.9599947750016967,0.0891895142631256,5.0,0.5
1147,41054,0.9599723500016977,0.01902882711510756,5.0,0.5
1148,41125,0.9599031250017006,0.05943335179108544,5.0,0.5
1149,41197,0.9598329250017036,0.086452651048603,5.0,0.5333333333333333
1150,41271,0.9597607750017066,0.048215909650025424,5.0,0.5333333333333333
1151,41322,0.9597110500017088,0.03318530546675902,5.0,0.5666666666666667
1152,41375,0.959659375001711,0.12517425026453566,5.0,0.6
1153,41398,0.9596369500017119,0.016546245395147707,5.0,0.6
1154,41419,0.9596164750017128,0.045179276101407595,5.0,0.6
1155,41442,0.9595940500017137,0.03428748312580865,5.0,0.6
1156,41511,0.9595267750017166,0.07412764923537907,5.0,0.6
1157,41583,0.9594565750017195,0.13506974528354476,5.0,0.5666666666666667
1158,41606,0.9594341500017205,0.011859835120048956,5.0,0.5333333333333333
1159,41677,0.9593649250017234,0.0912942993309116,5.0,0.5666666666666667
1160,41700,0.9593425000017244,0.02481167328915035,5.0,0.5333333333333333
1161,41769,0.9592752250017272,0.06045317886309931,5.0,0.5666666666666667
1162,41792,0.9592528000017282,0.009597819789632922,5.0,0.5666666666666667
1163,41815,0.9592303750017291,0.021382564475061372,5.0,0.5666666666666667
1164,41838,0.9592079500017301,0.007750376491458155,5.0,0.5333333333333333
1165,41859,0.959187475001731,0.015103166588232853,5.0,0.5
1166,41882,0.9591650500017319,0.012383435452647973,5.0,0.4666666666666667
1167,41903,0.9591445750017328,0.014200696719854022,5.0,0.4666666666666667
1168,41926,0.9591221500017337,0.00949298467094195,5.0,0.4666666666666667
1169,41949,0.9590997250017347,0.014068856011363096,5.0,0.43333333333333335
1170,42078,0.95897395000174,0.09481377874180907,5.0,0.5333333333333333
1171,42101,0.958951525001741,0.023546038115455303,5.0,0.5333333333333333
1172,42124,0.9589291000017419,0.008727545024157735,5.0,0.5333333333333333
1173,42147,0.9589066750017429,0.018795850101014366,5.0,0.4666666666666667
1174,42170,0.9588842500017438,0.01153102025273256,5.0,0.4666666666666667
1175,42191,0.9588637750017447,0.006285972711339127,5.0,0.4666666666666667
1176,42260,0.9587965000017475,0.034153103828430176,5.0,0.43333333333333335
1177,42332,0.9587263000017505,0.04733025366840593,5.0,0.4666666666666667
1178,42353,0.9587058250017514,0.006751409067874192,5.0,0.43333333333333335
1179,42424,0.9586366000017543,0.042500762167037465,5.0,0.43333333333333335
1180,42447,0.9586141750017553,0.011636391225692932,5.0,0.4
1181,42470,0.9585917500017562,0.007224403092550347,5.0,0.36666666666666664
1182,42493,0.9585693250017572,0.00824481571544311,5.0,0.3333333333333333
1183,42514,0.958548850001758,0.021614515890178154,5.0,0.3333333333333333
1184,42537,0.958526425001759,0.007621196211403003,5.0,0.3333333333333333
1185,42560,0.95850400000176,0.019813067345239688,5.0,0.3333333333333333
1186,42583,0.9584815750017609,0.02514711767071276,5.0,0.3
1187,42604,0.9584611000017618,0.028086848677048692,5.0,0.26666666666666666
1188,42625,0.9584406250017626,0.0075492279647733085,5.0,0.26666666666666666
1189,42721,0.9583470250017666,0.03367183674345142,5.0,0.3
1190,42790,0.9582797500017695,0.09350693239684915,5.0,0.3333333333333333
1191,42813,0.9582573250017704,0.03555937743840332,5.0,0.3
1192,42836,0.9582349000017714,0.007758387644571485,5.0,0.3
1193,42859,0.9582124750017723,0.020374955962324748,5.0,0.3
1194,42882,0.9581900500017733,0.021279435541146086,5.0,0.3
1195,42905,0.9581676250017742,0.012409274175297469,5.0,0.3
1196,42928,0.9581452000017752,0.04697991460488993,5.0,0.3
1197,42951,0.9581227750017761,0.007721938207396306,5.0,0.3
1198,42972,0.958102300001777,0.008238504098699195,5.0,0.3
1199,42993,0.9580818250017779,0.00945336226868676,5.0,0.3
1200,43016,0.9580594000017788,0.020637962912587682,5.0,0.2
1201,43039,0.9580369750017798,0.008498429178871447,5.0,0.2
1202,43062,0.9580145500017807,0.009669281165770371,5.0,0.2
1203,43085,0.9579921250017817,0.02846657061309088,5.0,0.2
1204,43106,0.9579716500017825,0.006254990865272703,5.0,0.2
1205,43129,0.9579492250017835,0.013718001842789818,5.0,0.2
1206,43152,0.9579268000017844,0.010220476684480673,5.0,0.16666666666666666
1207,43175,0.9579043750017854,0.009111117346037645,5.0,0.13333333333333333
1208,43198,0.9578819500017863,0.021126348321558908,5.0,0.13333333333333333
1209,43219,0.9578614750017872,0.02157259465820971,5.0,0.1
1210,43240,0.9578410000017881,0.006646464282312081,5.0,0.1
1211,43263,0.957818575001789,0.008748226475290721,5.0,0.1
1212,43284,0.9577981000017899,0.006502973061287776,5.0,0.1
1213,43305,0.9577776250017908,0.007338037368754158,5.0,0.1
1214,43328,0.9577552000017917,0.034866478767071385,5.0,0.1
1215,43397,0.9576879250017946,0.03184769805375254,5.0,0.13333333333333333
1216,43466,0.9576206500017974,0.048357652594859246,5.0,0.16666666666666666
1217,43489,0.9575982250017984,0.004451536653505173,5.0,0.16666666666666666
1218,43512,0.9575758000017993,0.0059397076729510445,5.0,0.16666666666666666
1219,43584,0.9575056000018023,0.011949092313443543,5.0,0.13333333333333333
1220,43736,0.9573574000018086,0.13418377789275837,5.0,0.2
1221,43759,0.9573349750018095,0.005069470142188948,5.0,0.2
1222,43782,0.9573125500018105,0.004938110971124843,5.0,0.2
1223,43805,0.9572901250018114,0.004495640874665696,5.0,0.2
1224,43828,0.9572677000018124,0.008205720851037768,5.0,0.2
1225,43851,0.9572452750018133,0.006881271474412642,5.0,0.2
1226,43874,0.9572228500018143,0.038776190758653684,5.0,0.2
1227,43897,0.9572004250018152,0.008350060252269031,5.0,0.2
1228,43920,0.9571780000018162,0.006802395761042135,5.0,0.2
1229,43943,0.9571555750018171,0.005038440427597379,5.0,0.2
1230,43966,0.9571331500018181,0.007810463190253358,5.0,0.2
1231,43989,0.957110725001819,0.004755435533297714,5.0,0.2
1232,44010,0.9570902500018199,0.011248186379816616,5.0,0.2
1233,44031,0.9570697750018208,0.018124756610632176,5.0,0.2
1234,44082,0.9570200500018229,0.009585461933966144,5.0,0.23333333333333334
1235,44103,0.9569995750018238,0.006010475633956958,5.0,0.23333333333333334
1236,44126,0.9569771500018247,0.007815841017873026,5.0,0.23333333333333334
1237,44149,0.9569547250018257,0.005269137043796945,5.0,0.23333333333333334
1238,44170,0.9569342500018265,0.00339502396491298,5.0,0.23333333333333334
1239,44193,0.9569118250018275,0.007218192862637807,5.0,0.23333333333333334
1240,44216,0.9568894000018284,0.0033884754629980307,5.0,0.23333333333333334
1241,44239,0.9568669750018294,0.007613267869601259,5.0,0.23333333333333334
1242,44308,0.9567997000018322,0.013607416010927409,5.0,0.26666666666666666
1243,44380,0.9567295000018352,0.023897691071397276,5.0,0.3
1244,44403,0.9567070750018362,0.002220268155724625,5.0,0.3
1245,44426,0.9566846500018371,0.020814379615330836,5.0,0.26666666666666666
1246,44449,0.9566622250018381,0.005839581161126262,5.0,0.23333333333333334
1247,44472,0.956639800001839,0.018655659674550407,5.0,0.23333333333333334
1248,44495,0.95661737500184,0.0041073901775234845,5.0,0.23333333333333334
1249,44516,0.9565969000018408,0.004000327578978613,5.0,0.2
1250,44539,0.9565744750018418,0.026014011631559697,5.0,0.1
1251,44610,0.9565052500018447,0.033544699846970616,5.0,0.13333333333333333
1252,44681,0.9564360250018477,0.016501331308973022,5.0,0.16666666666666666
1253,44753,0.9563658250018506,0.016619268293652567,5.0,0.2
1254,44776,0.9563434000018516,0.006785647250580951,5.0,0.2
1255,44799,0.9563209750018525,0.02122269675237476,5.0,0.2
1256,44822,0.9562985500018535,0.020814361494558398,5.0,0.2
1257,44845,0.9562761250018544,0.005524661479284987,5.0,0.2
1258,44868,0.9562537000018554,0.006519808372104308,5.0,0.2
1259,44891,0.9562312750018563,0.005711829919164302,5.0,0.2
1260,44960,0.9561640000018592,0.015971592873029294,5.0,0.23333333333333334
1261,44983,0.9561415750018601,0.01846284974635637,5.0,0.23333333333333334
1262,45081,0.9560460250018642,0.2693138320446451,5.0,0.3
1263,45152,0.9559768000018671,0.10122994986886624,5.0,0.3333333333333333
1264,45253,0.9558783250018713,0.17653731026803143,5.0,0.36666666666666664
1265,45274,0.9558578500018722,0.023661842602450633,5.0,0.36666666666666664
1266,45297,0.9558354250018731,0.04314369514759164,5.0,0.36666666666666664
1267,45320,0.9558130000018741,0.019968053504271666,5.0,0.36666666666666664
1268,45343,0.955790575001875,0.04076607630486251,5.0,0.36666666666666664
1269,45511,0.955626775001882,0.15821640443391516,5.0,0.4666666666666667
1270,45534,0.9556043500018829,0.05052427657938097,5.0,0.4666666666666667
1271,45557,0.9555819250018839,0.0177324836513435,5.0,0.4666666666666667
1272,45578,0.9555614500018847,0.0339407019164355,5.0,0.43333333333333335
1273,45601,0.9555390250018857,0.0228066414638306,5.0,0.4
1274,45622,0.9555185500018866,0.021457810595165938,5.0,0.4
1275,45645,0.9554961250018875,0.023312127552344464,5.0,0.4
1276,45668,0.9554737000018885,0.04618944063258823,5.0,0.4
1277,45689,0.9554532250018893,0.017438947546907002,5.0,0.4
1278,45787,0.9553576750018934,0.07597491091291886,5.0,0.4666666666666667
1279,45810,0.9553352500018943,0.01293205681577092,5.0,0.4666666666666667
1280,45833,0.9553128250018953,0.016177688055904582,5.0,0.4666666666666667
1281,45884,0.9552631000018974,0.05017215143197973,5.0,0.4666666666666667
1282,45907,0.9552406750018984,0.01520035762223415,5.0,0.43333333333333335
1283,46007,0.9551431750019025,0.06700238687699311,5.0,0.4666666666666667
1284,46030,0.9551207500019034,0.016826086921355454,5.0,0.4666666666666667
1285,46051,0.9551002750019043,0.024586358449596446,5.0,0.4666666666666667
1286,46120,0.9550330000019072,0.04735040334890073,5.0,0.5
1287,46143,0.9550105750019081,0.03172957532660803,5.0,0.5
1288,46166,0.9549881500019091,0.013056359010079177,5.0,0.5
1289,46238,0.954917950001912,0.031304568707128055,5.0,0.5333333333333333
1290,46309,0.954848725001915,0.0491052481575025,5.0,0.5333333333333333
1291,46332,0.9548263000019159,0.009885664818284567,5.0,0.5333333333333333
1292,46355,0.9548038750019169,0.009246802241250407,5.0,0.4666666666666667
1293,46376,0.9547834000019177,0.011230815645831171,5.0,0.43333333333333335
1294,46399,0.9547609750019187,0.023134067661885638,5.0,0.36666666666666664
1295,46422,0.9547385500019197,0.008993158131488599,5.0,0.36666666666666664
1296,46445,0.9547161250019206,0.007305659206394921,5.0,0.36666666666666664
1297,46468,0.9546937000019216,0.005996499628963647,5.0,0.36666666666666664
1298,46491,0.9546712750019225,0.008121830942400265,5.0,0.36666666666666664
1299,46514,0.9546488500019235,0.009973368545615813,5.0,0.26666666666666666
1300,46535,0.9546283750019243,0.011384061219359864,5.0,0.26666666666666666
1301,46558,0.9546059500019253,0.026170857177930884,5.0,0.26666666666666666
1302,46581,0.9545835250019262,0.011117792033473961,5.0,0.26666666666666666
1303,46604,0.9545611000019272,0.009431405233044643,5.0,0.26666666666666666
1304,46627,0.9545386750019281,0.005242456936684903,5.0,0.26666666666666666
1305,46650,0.9545162500019291,0.009325122122390894,5.0,0.26666666666666666
1306,46673,0.95449382500193,0.02244763037742814,5.0,0.26666666666666666
1307,46769,0.954400225001934,0.06197644020721782,5.0,0.3333333333333333
1308,46792,0.954377800001935,0.007433630540617742,5.0,0.26666666666666666
1309,46815,0.9543553750019359,0.008360609152077814,5.0,0.26666666666666666
1310,46838,0.9543329500019369,0.011299092608169303,5.0,0.26666666666666666
1311,46861,0.9543105250019378,0.010481298308150144,5.0,0.23333333333333334
1312,46884,0.9542881000019388,0.015317926539864857,5.0,0.23333333333333334
1313,46905,0.9542676250019396,0.03552980759559432,5.0,0.16666666666666666
1314,46928,0.9542452000019406,0.008205618658394087,5.0,0.16666666666666666
1315,46951,0.9542227750019415,0.004346757828898262,5.0,0.16666666666666666
1316,46974,0.9542003500019425,0.016616532628177083,5.0,0.13333333333333333
1317,46995,0.9541798750019433,0.00550116075828555,5.0,0.13333333333333333
1318,47143,0.9540355750019495,0.10573200695216656,5.0,0.23333333333333334
1319,47166,0.9540131500019504,0.009293525938119274,5.0,0.2
1320,47219,0.9539614750019526,0.015005929100880167,5.0,0.2
1321,47242,0.9539390500019536,0.02390590388495184,5.0,0.2
1322,47311,0.9538717750019564,0.011362450140040892,5.0,0.23333333333333334
1323,47332,0.9538513000019573,0.005518572976143332,5.0,0.23333333333333334
1324,47355,0.9538288750019582,0.007575618588816724,5.0,0.23333333333333334
1325,47378,0.9538064500019592,0.007992112856300082,5.0,0.23333333333333334
1326,47401,0.9537840250019601,0.02062246896457509,5.0,0.23333333333333334
1327,47422,0.953763550001961,0.02807289372140076,5.0,0.23333333333333334
1328,47445,0.953741125001962,0.010847271807506331,5.0,0.23333333333333334
1329,47466,0.9537206500019628,0.012465928193705622,5.0,0.23333333333333334
1330,47535,0.9536533750019657,0.05059930005518254,5.0,0.26666666666666666
1331,47558,0.9536309500019666,0.008111584505968494,5.0,0.26666666666666666
1332,47581,0.9536085250019676,0.019204596592317102,5.0,0.26666666666666666
1333,47677,0.9535149250019715,0.045891927049524384,5.0,0.3333333333333333
1334,47700,0.9534925000019725,0.006768144703528378,5.0,0.3333333333333333
1335,47769,0.9534252250019754,0.0151814554228622,5.0,0.36666666666666664
1336,47792,0.9534028000019763,0.0043651684927681345,5.0,0.36666666666666664
1337,47813,0.9533823250019772,0.005463931411213707,5.0,0.3
1338,47834,0.953361850001978,0.017786884298402583,5.0,0.3
1339,47855,0.9533413750019789,0.008420478607149562,5.0,0.3
1340,47953,0.953245825001983,0.059436166842715465,5.0,0.36666666666666664
1341,47976,0.9532234000019839,0.0035573671993915923,5.0,0.36666666666666664
1342,47997,0.9532029250019848,0.007578083634143695,5.0,0.36666666666666664
1343,48020,0.9531805000019857,0.0075599886313284514,5.0,0.36666666666666664
1344,48043,0.9531580750019867,0.002966715910588391,5.0,0.36666666666666664
1345,48064,0.9531376000019876,0.016037208970374195,5.0,0.36666666666666664
1346,48117,0.9530859250019897,0.023360874667559983,5.0,0.4
1347,48140,0.9530635000019907,0.005589916079770774,5.0,0.4
1348,48161,0.9530430250019916,0.014083896854572231,5.0,0.3
1349,48184,0.9530206000019925,0.004604530244250782,5.0,0.3
1350,48237,0.9529689250019947,0.018523628954426385,5.0,0.3
1351,48335,0.9528733750019988,0.03868477849937335,5.0,0.36666666666666664
1352,48356,0.9528529000019996,0.002673128736205399,5.0,0.3333333333333333
1353,48427,0.9527836750020026,0.02822383134844131,5.0,0.36666666666666664
1354,48450,0.9527612500020035,0.0037619140202878043,5.0,0.36666666666666664
1355,48473,0.9527388250020045,0.004429634089319734,5.0,0.36666666666666664
1356,48496,0.9527164000020054,0.016859075731190387,5.0,0.36666666666666664
1357,48565,0.9526491250020083,0.02435855161093059,5.0,0.4
1358,48588,0.9526267000020092,0.0041934967375709675,5.0,0.4
1359,48657,0.9525594250020121,0.03363399989757454,5.0,0.43333333333333335
1360,48680,0.952537000002013,0.006864381473860703,5.0,0.4
1361,48703,0.952514575002014,0.0043125617266923655,5.0,0.4
1362,48726,0.9524921500020149,0.01846396391556482,5.0,0.4
1363,48749,0.9524697250020159,0.004866818842856446,5.0,0.3333333333333333
1364,48772,0.9524473000020168,0.01958244041998114,5.0,0.3333333333333333
1365,48795,0.9524248750020178,0.013076073708361946,5.0,0.3
1366,48818,0.9524024500020187,0.003990849247202277,5.0,0.3
1367,48841,0.9523800250020197,0.009368165046907961,5.0,0.3
1368,48908,0.9523147000020225,0.019873416904374608,5.0,0.3333333333333333
1369,48931,0.9522922750020234,0.005391731776398956,5.0,0.3333333333333333
1370,48954,0.9522698500020244,0.00494658342540788,5.0,0.26666666666666666
1371,48977,0.9522474250020253,0.005717647736673825,5.0,0.26666666666666666
1372,48998,0.9522269500020262,0.004949052923620911,5.0,0.26666666666666666
1373,49019,0.952206475002027,0.0030547849819413386,5.0,0.26666666666666666
1374,49091,0.95213627500203,0.03180562519810337,5.0,0.3
1375,49112,0.9521158000020309,0.005285402741719736,5.0,0.3
1376,49135,0.9520933750020318,0.003661581387859769,5.0,0.26666666666666666
1377,49158,0.9520709500020328,0.017909472589963116,5.0,0.26666666666666666
1378,49181,0.9520485250020337,0.023290060769795673,5.0,0.26666666666666666
1379,49204,0.9520261000020347,0.0038629123628197704,5.0,0.26666666666666666
1380,49227,0.9520036750020356,0.004694077850217582,5.0,0.23333333333333334
1381,49325,0.9519081250020397,0.026705779126132256,5.0,0.23333333333333334
1382,49348,0.9518857000020406,0.023020302709483076,5.0,0.23333333333333334
1383,49369,0.9518652250020415,0.009602817819541087,5.0,0.2
1384,49438,0.9517979500020444,0.015994140385373612,5.0,0.23333333333333334
1385,49461,0.9517755250020453,0.004729003419924993,5.0,0.23333333333333334
1386,49484,0.9517531000020463,0.00797098482871661,5.0,0.23333333333333334
1387,49673,0.9515688250020541,0.030675388523377478,5.0,0.3333333333333333
1388,49694,0.951548350002055,0.015518027712460025,5.0,0.3333333333333333
1389,49766,0.9514781500020579,0.03623380702811119,5.0,0.3333333333333333
1390,49787,0.9514576750020588,0.005988308525957109,5.0,0.3333333333333333
1391,49810,0.9514352500020598,0.013619306846521795,5.0,0.3333333333333333
1392,49833,0.9514128250020607,0.006359119306580396,5.0,0.3333333333333333
1393,49854,0.9513923500020616,0.010872996437683469,5.0,0.3333333333333333
1394,49950,0.9512987500020655,0.029425364886265015,5.0,0.4
1395,49973,0.9512763250020665,0.005046992577263154,5.0,0.4
1396,49996,0.9512539000020674,0.003981432037107879,5.0,0.4
1397,50019,0.9512314750020684,0.0790554974519182,5.0,0.4
1398,50040,0.9512110000020693,0.07673741340113338,5.0,0.36666666666666664
1399,50063,0.9511885750020702,0.04982647029100917,5.0,0.36666666666666664
1400,50086,0.9511661500020712,0.058414276281837374,5.0,0.36666666666666664
1401,50109,0.9511437250020721,0.06051978324830998,5.0,0.36666666666666664
1402,50132,0.9511213000020731,0.058177202081424184,5.0,0.36666666666666664
1403,50155,0.951098875002074,0.01907701994787203,5.0,0.36666666666666664
1404,50178,0.951076450002075,0.02260020622270531,5.0,0.3333333333333333
1405,50199,0.9510559750020758,0.011491811754240189,5.0,0.3333333333333333
1406,50268,0.9509887000020787,0.08342624564102152,5.0,0.36666666666666664
1407,50387,0.9508726750020836,0.1396569992903096,5.0,0.43333333333333335
1408,50459,0.9508024750020866,0.08306681739486521,5.0,0.4666666666666667
1409,50534,0.9507293500020897,0.08727997885944205,5.0,0.5
1410,50557,0.9507069250020906,0.019232263723097276,5.0,0.5
1411,50580,0.9506845000020916,0.015460624294064473,5.0,0.43333333333333335
1412,50603,0.9506620750020925,0.01326660228187393,5.0,0.43333333333333335
1413,50624,0.9506416000020934,0.01748089844113565,5.0,0.43333333333333335
1414,50745,0.9505236250020984,0.11334323373012012,5.0,0.4666666666666667
1415,50768,0.9505012000020994,0.007724940121988766,5.0,0.4666666666666667
1416,50791,0.9504787750021003,0.03203921651584096,5.0,0.4666666666666667
1417,50812,0.9504583000021012,0.02346150670746283,5.0,0.3333333333333333
1418,50835,0.9504358750021021,0.011800406311522238,5.0,0.3333333333333333
1419,50858,0.9504134500021031,0.024412123930233065,5.0,0.3
1420,50881,0.950391025002104,0.021328416136384476,5.0,0.3
1421,50904,0.950368600002105,0.016646184238197748,5.0,0.3
1422,50927,0.9503461750021059,0.01661702933779452,5.0,0.3
1423,50948,0.9503257000021068,0.02298452916511451,5.0,0.3
1424,50971,0.9503032750021078,0.01513133781918441,5.0,0.23333333333333334
1425,50994,0.9502808500021087,0.023154804497607984,5.0,0.23333333333333334
1426,51066,0.9502106500021117,0.08315257706635748,5.0,0.26666666666666666
1427,51117,0.9501609250021138,0.029996970944921486,5.0,0.3
1428,51140,0.9501385000021147,0.005561681478866376,5.0,0.3
1429,51161,0.9501180250021156,0.017916385746502783,5.0,0.3
1430,51184,0.9500956000021166,0.01209750502857787,5.0,0.3
1431,51207,0.9500731750021175,0.03810462445107987,5.0,0.3
1432,51228,0.9500527000021184,0.010571335173153784,5.0,0.3
1433,51251,0.9500302750021193,0.0217704344613594,5.0,0.3
1434,51274,0.9500078500021203,0.008210202788177412,5.0,0.3
1435,51297,0.9499854250021212,0.015066167590703117,5.0,0.3
1436,51320,0.9499630000021222,0.02196634199935943,5.0,0.26666666666666666
1437,51341,0.9499425250021231,0.012020110894809477,5.0,0.2
1438,51412,0.949873300002126,0.05222863591188798,5.0,0.2
1439,51435,0.949850875002127,0.02133930894706282,5.0,0.16666666666666666
1440,51458,0.9498284500021279,0.015050598543894012,5.0,0.16666666666666666
1441,51481,0.9498060250021289,0.008611657089204527,5.0,0.16666666666666666
1442,51577,0.9497124250021328,0.06728309902791807,5.0,0.23333333333333334
1443,51600,0.9496900000021338,0.023124440684114234,5.0,0.23333333333333334
1444,51621,0.9496695250021346,0.015839971320019686,5.0,0.16666666666666666
1445,51692,0.9496003000021376,0.02842678542219801,5.0,0.2
1446,51715,0.9495778750021385,0.017668603384663584,5.0,0.2
1447,51738,0.9495554500021395,0.010537637252127752,5.0,0.2
1448,51761,0.9495330250021404,0.021160545766178984,5.0,0.2
1449,51784,0.9495106000021414,0.007683393527258886,5.0,0.2
1450,51807,0.9494881750021423,0.018179428476287285,5.0,0.2
1451,51905,0.9493926250021464,0.05149337224702322,5.0,0.26666666666666666
1452,51976,0.9493234000021493,0.04042317016501329,5.0,0.3
1453,52027,0.9492736750021514,0.019237048141803825,5.0,0.3333333333333333
1454,52099,0.9492034750021544,0.046911740846553585,5.0,0.36666666666666664
1455,52173,0.9491313250021575,0.027942820790485712,5.0,0.4
1456,52196,0.9491089000021584,0.008517992708220845,5.0,0.36666666666666664
1457,52219,0.9490864750021594,0.012368691557639977,5.0,0.3333333333333333
1458,52242,0.9490640500021603,0.012479851680836873,5.0,0.3333333333333333
1459,52265,0.9490416250021613,0.03726300545895356,5.0,0.3333333333333333
1460,52288,0.9490192000021622,0.03264675219543278,5.0,0.3333333333333333
1461,52311,0.9489967750021632,0.006404669875337277,5.0,0.3333333333333333
1462,52334,0.9489743500021641,0.00851339738437673,5.0,0.3333333333333333
1463,52357,0.9489519250021651,0.004912761081868666,5.0,0.3333333333333333
1464,52380,0.948929500002166,0.008437548898655223,5.0,0.3333333333333333
1465,52403,0.948907075002167,0.008915572114347015,5.0,0.3333333333333333
1466,52426,0.9488846500021679,0.009916576098476071,5.0,0.3333333333333333
1467,52449,0.9488622250021689,0.004824807079785387,5.0,0.3333333333333333
1468,52472,0.9488398000021698,0.006160510107292794,5.0,0.3
1469,52495,0.9488173750021708,0.010663838071195642,5.0,0.3
1470,52516,0.9487969000021717,0.003957472552428953,5.0,0.3
1471,52539,0.9487744750021726,0.010665216912457254,5.0,0.3
1472,52562,0.9487520500021736,0.006029392958225799,5.0,0.23333333333333334
1473,52585,0.9487296250021745,0.007614231088155066,5.0,0.23333333333333334
1474,52606,0.9487091500021754,0.0065996561461361125,5.0,0.23333333333333334
1475,52629,0.9486867250021763,0.014979605966800591,5.0,0.2
1476,52731,0.9485872750021805,0.028909447197293048,5.0,0.26666666666666666
1477,52754,0.9485648500021815,0.004700580855569569,5.0,0.26666666666666666
1478,52777,0.9485424250021824,0.02226906581563526,5.0,0.26666666666666666
1479,52800,0.9485200000021834,0.002985594810525072,5.0,0.26666666666666666
1480,52821,0.9484995250021843,0.003883632874931209,5.0,0.26666666666666666
1481,52890,0.9484322500021871,0.01752738364484685,5.0,0.23333333333333334
1482,53010,0.9483152500021921,0.03758336750252056,5.0,0.26666666666666666
1483,53082,0.9482450500021951,0.018552952411482693,5.0,0.26666666666666666
1484,53105,0.948222625002196,0.01215768298607145,5.0,0.23333333333333334
1485,53230,0.9481007500022012,0.045582448148707044,5.0,0.26666666666666666
1486,53301,0.9480315250022041,0.01971385053184349,5.0,0.3
1487,53324,0.9480091000022051,0.00809343884975533,5.0,0.3
1488,53347,0.947986675002206,0.009680380377176334,5.0,0.3
1489,53370,0.947964250002207,0.011933665005926741,5.0,0.3
1490,53393,0.9479418250022079,0.004927737445541425,5.0,0.3
1491,53416,0.9479194000022089,0.008684349368195399,5.0,0.3
1492,53439,0.9478969750022098,0.006954290563953691,5.0,0.3
1493,53462,0.9478745500022108,0.015589954982715426,5.0,0.3
1494,53485,0.9478521250022117,0.004586998913509888,5.0,0.3
1495,53506,0.9478316500022126,0.006216873764060438,5.0,0.3
1496,53529,0.9478092250022135,0.004689883229730185,5.0,0.3
1497,53580,0.9477595000022156,0.02198885445613996,5.0,0.3333333333333333
1498,53603,0.9477370750022166,0.01828047530761978,5.0,0.3333333333333333
1499,53626,0.9477146500022176,0.0066108253740821965,5.0,0.3333333333333333
1500,53649,0.9476922250022185,0.02469549378292868,5.0,0.3333333333333333
1501,53672,0.9476698000022195,0.004526300264842575,5.0,0.3333333333333333
1502,53695,0.9476473750022204,0.005641357030981453,5.0,0.3333333333333333
1503,53718,0.9476249500022214,0.006424494138627779,5.0,0.3333333333333333
1504,53739,0.9476044750022222,0.0033538506395416334,5.0,0.3333333333333333
1505,53760,0.9475840000022231,0.005325858888681978,5.0,0.3333333333333333
1506,53783,0.947561575002224,0.04053469049540581,5.0,0.26666666666666666
1507,53806,0.947539150002225,0.0034346290049143136,5.0,0.26666666666666666
1508,53829,0.947516725002226,0.00555345061547996,5.0,0.26666666666666666
1509,53850,0.9474962500022268,0.01842666334778187,5.0,0.26666666666666666
1510,53873,0.9474738250022278,0.004553540391498245,5.0,0.26666666666666666
1511,53896,0.9474514000022287,0.003449454501605942,5.0,0.23333333333333334
1512,53919,0.9474289750022297,0.006583734506421024,5.0,0.16666666666666666
1513,53942,0.9474065500022306,0.0034597574776853435,5.0,0.13333333333333333
1514,53963,0.9473860750022315,0.005661442230120883,5.0,0.13333333333333333
1515,53986,0.9473636500022324,0.006069482044040342,5.0,0.06666666666666667
1516,54039,0.9473119750022346,0.024422418699032278,5.0,0.06666666666666667
1517,54062,0.9472895500022356,0.004059439612319693,5.0,0.06666666666666667
1518,54085,0.9472671250022365,0.006847849774203496,5.0,0.06666666666666667
1519,54108,0.9472447000022375,0.004425638202519622,5.0,0.06666666666666667
1520,54129,0.9472242250022384,0.019477505669783568,5.0,0.06666666666666667
1521,54152,0.9472018000022393,0.004750773568957811,5.0,0.06666666666666667
1522,54175,0.9471793750022403,0.0021353024731070036,5.0,0.06666666666666667
1523,54224,0.9471316000022423,0.03454599556971516,5.0,0.1
1524,54373,0.9469863250022484,0.03780988717880973,5.0,0.2
1525,54396,0.9469639000022494,0.010029624372691615,5.0,0.2
1526,54465,0.9468966250022522,0.024389809055719525,5.0,0.23333333333333334
1527,54488,0.9468742000022532,0.006498860257124761,5.0,0.2
1528,54511,0.9468517750022541,0.005077042875200277,5.0,0.2
1529,54583,0.9467815750022571,0.02640162695388426,5.0,0.23333333333333334
1530,54683,0.9466840750022613,0.07008584947652707,5.0,0.3
1531,54706,0.9466616500022622,0.024601535726105794,5.0,0.3
1532,54729,0.9466392250022632,0.007197966857347637,5.0,0.3
1533,54752,0.9466168000022641,0.020061027111296426,5.0,0.3
1534,54775,0.9465943750022651,0.027273872488876805,5.0,0.3
1535,54798,0.946571950002266,0.006339451032545185,5.0,0.3
1536,54821,0.946549525002267,0.024939960067058564,5.0,0.3
1537,54844,0.9465271000022679,0.007403702049487038,5.0,0.3
1538,54867,0.9465046750022689,0.008313980953971623,5.0,0.3
1539,54918,0.946454950002271,0.027146577696839813,5.0,0.3333333333333333
1540,54939,0.9464344750022718,0.00773930537616252,5.0,0.3333333333333333
1541,54962,0.9464120500022728,0.0051672055924427696,5.0,0.3333333333333333
1542,54985,0.9463896250022737,0.005651465962728253,5.0,0.3333333333333333
1543,55008,0.9463672000022747,0.023636860903934576,5.0,0.3333333333333333
1544,55031,0.9463447750022757,0.0637077122592018,5.0,0.3333333333333333
1545,55052,0.9463243000022765,0.060507853675517254,5.0,0.3333333333333333
1546,55075,0.9463018750022775,0.050843218006775714,5.0,0.3
1547,55098,0.9462794500022784,0.049530006683198735,5.0,0.3
1548,55121,0.9462570250022794,0.0789998743639444,5.0,0.3
1549,55144,0.9462346000022803,0.026501611064304598,5.0,0.3
1550,55193,0.9461868250022824,0.0431578236821224,5.0,0.3333333333333333
1551,55291,0.9460912750022864,0.1440015769258025,5.0,0.4
1552,55362,0.9460220500022893,0.10092169589188416,5.0,0.43333333333333335
1553,55498,0.945889450002295,0.16527283510367852,5.0,0.5
1554,55521,0.9458670250022959,0.016501933394465595,5.0,0.4
1555,55595,0.945794875002299,0.07433693096027127,5.0,0.43333333333333335
1556,55618,0.9457724500022999,0.00968495398046798,5.0,0.4
1557,55641,0.9457500250023009,0.016574410161410924,5.0,0.4
1558,55690,0.9457022500023029,0.052160610550345154,5.0,0.43333333333333335
1559,55741,0.945652525002305,0.06202235342061613,5.0,0.43333333333333335
1560,55764,0.945630100002306,0.02915963903069496,5.0,0.36666666666666664
1561,55787,0.9456076750023069,0.027355192163668107,5.0,0.36666666666666664
1562,55808,0.9455872000023078,0.017249669926968636,5.0,0.36666666666666664
1563,55831,0.9455647750023087,0.012688502134551527,5.0,0.36666666666666664
1564,55852,0.9455443000023096,0.04336491188587388,5.0,0.36666666666666664
1565,55875,0.9455218750023106,0.008508328639436513,5.0,0.36666666666666664
1566,55973,0.9454263250023146,0.0781547121659969,5.0,0.43333333333333335
1567,55996,0.9454039000023156,0.013659520947840065,5.0,0.43333333333333335
1568,56019,0.9453814750023165,0.014673058518383186,5.0,0.43333333333333335
1569,56042,0.9453590500023175,0.010739806079072878,5.0,0.4
1570,56095,0.9453073750023196,0.040533990584663115,5.0,0.43333333333333335
1571,56118,0.9452849500023206,0.015184238534857286,5.0,0.43333333333333335
1572,56239,0.9451669750023256,0.12505320139825926,5.0,0.5
1573,56310,0.9450977500023285,0.05052876410627505,5.0,0.5333333333333333
1574,56331,0.9450772750023294,0.0060672585841530235,5.0,0.5333333333333333
1575,56403,0.9450070750023324,0.08636748997378163,5.0,0.5666666666666667
1576,56426,0.9449846500023333,0.012119547067413805,5.0,0.5666666666666667
1577,56496,0.9449164000023362,0.036104148863159935,5.0,0.6
1578,56547,0.9448666750023383,0.032747261531767435,5.0,0.6333333333333333
1579,56597,0.9448179250023404,0.046959177485405235,5.0,0.6666666666666666
1580,56620,0.9447955000023414,0.025502810276520904,5.0,0.6333333333333333
1581,56643,0.9447730750023423,0.012334385202848352,5.0,0.5666666666666667
1582,56666,0.9447506500023433,0.017082745351217454,5.0,0.5333333333333333
1583,56689,0.9447282250023442,0.01160218312725192,5.0,0.43333333333333335
1584,56712,0.9447058000023452,0.023375276272417977,5.0,0.43333333333333335
1585,56735,0.9446833750023461,0.029918684253061656,5.0,0.4
1586,56758,0.9446609500023471,0.011025860658264719,5.0,0.4
1587,56779,0.9446404750023479,0.005190677711652825,5.0,0.4
1588,56848,0.9445732000023508,0.03713522526595625,5.0,0.4
1589,56871,0.9445507750023517,0.01294055091420887,5.0,0.36666666666666664
1590,56892,0.9445303000023526,0.01765717499074526,5.0,0.36666666666666664
1591,56943,0.9444805750023547,0.047541929056023946,5.0,0.4
1592,56966,0.9444581500023557,0.014191503607435152,5.0,0.4
1593,56989,0.9444357250023566,0.03834589799589594,5.0,0.4
1594,57012,0.9444133000023576,0.010110153445566539,5.0,0.4
1595,57035,0.9443908750023585,0.023880880769866053,5.0,0.4
1596,57058,0.9443684500023595,0.027521794094354846,5.0,0.3333333333333333
1597,57081,0.9443460250023604,0.007757599913020385,5.0,0.3333333333333333
1598,57104,0.9443236000023614,0.010459526842168998,5.0,0.3333333333333333
1599,57173,0.9442563250023642,0.025736649602549733,5.0,0.36666666666666664
1600,57196,0.9442339000023652,0.006911138254508842,5.0,0.3333333333333333
1601,57219,0.9442114750023661,0.0262353720208921,5.0,0.3333333333333333
1602,57240,0.944191000002367,0.01701111089278129,5.0,0.26666666666666666
1603,57263,0.944168575002368,0.015352009497291874,5.0,0.23333333333333334
1604,57286,0.9441461500023689,0.020459284831304103,5.0,0.23333333333333334
1605,57309,0.9441237250023699,0.026425511579873273,5.0,0.2
1606,57362,0.944072050002372,0.016049844554800075,5.0,0.23333333333333334
1607,57385,0.944049625002373,0.024214570908952737,5.0,0.2
1608,57408,0.944027200002374,0.006299360728007741,5.0,0.16666666666666666
1609,57431,0.9440047750023749,0.00710402719778358,5.0,0.13333333333333333
1610,57454,0.9439823500023758,0.014233235448045889,5.0,0.13333333333333333
1611,57477,0.9439599250023768,0.009753669897690997,5.0,0.13333333333333333
1612,57544,0.9438946000023796,0.025516102719848277,5.0,0.16666666666666666
1613,57567,0.9438721750023805,0.0415574912512966,5.0,0.16666666666666666
1614,57590,0.9438497500023815,0.011906451327376999,5.0,0.16666666666666666
1615,57611,0.9438292750023823,0.011390893021598458,5.0,0.16666666666666666
1616,57709,0.9437337250023864,0.04736936309018347,5.0,0.23333333333333334
1617,57777,0.9436674250023892,0.024367113328480627,5.0,0.26666666666666666
1618,57798,0.9436469500023901,0.00553618779667886,5.0,0.23333333333333334
1619,57821,0.943624525002391,0.011218220188311534,5.0,0.23333333333333334
1620,57842,0.9436040500023919,0.007706617769144941,5.0,0.23333333333333334
1621,57865,0.9435816250023928,0.007729245902737603,5.0,0.2
1622,57888,0.9435592000023938,0.017109680389694404,5.0,0.2
1623,57911,0.9435367750023947,0.02204166648516548,5.0,0.2
1624,58011,0.9434392750023989,0.05169521700918267,5.0,0.26666666666666666
1625,58032,0.9434188000023997,0.0058810030059248675,5.0,0.26666666666666666
1626,58055,0.9433963750024007,0.018455438606906682,5.0,0.26666666666666666
1627,58078,0.9433739500024017,0.015514708793489262,5.0,0.26666666666666666
1628,58101,0.9433515250024026,0.008654114708406269,5.0,0.26666666666666666
1629,58124,0.9433291000024036,0.010189259926846717,5.0,0.23333333333333334
1630,58193,0.9432618250024064,0.06353227858016908,5.0,0.26666666666666666
1631,58216,0.9432394000024074,0.006307460513198748,5.0,0.26666666666666666
1632,58237,0.9432189250024082,0.029684613466088194,5.0,0.26666666666666666
1633,58260,0.9431965000024092,0.010542973781412002,5.0,0.26666666666666666
1634,58283,0.9431740750024101,0.016293417778797448,5.0,0.26666666666666666
1635,58306,0.9431516500024111,0.012636303945328109,5.0,0.26666666666666666
1636,58329,0.943129225002412,0.02217627451318549,5.0,0.23333333333333334
1637,58352,0.943106800002413,0.02195837860381289,5.0,0.23333333333333334
1638,58375,0.9430843750024139,0.014095240090682637,5.0,0.23333333333333334
1639,58398,0.9430619500024149,0.006639672013989184,5.0,0.23333333333333334
1640,58419,0.9430414750024158,0.01828295274390257,5.0,0.23333333333333334
1641,58442,0.9430190500024167,0.034581325879116775,5.0,0.23333333333333334
1642,58465,0.9429966250024177,0.007175322069087997,5.0,0.2
1643,58488,0.9429742000024186,0.01846461425157031,5.0,0.2
1644,58511,0.9429517750024196,0.004728452644485515,5.0,0.2
1645,58532,0.9429313000024204,0.008042158122407272,5.0,0.2
1646,58555,0.9429088750024214,0.004187937669485109,5.0,0.13333333333333333
1647,58578,0.9428864500024223,0.02675816430564737,5.0,0.1
1648,58601,0.9428640250024233,0.014498112504952587,5.0,0.1
1649,58624,0.9428416000024242,0.010670798426872352,5.0,0.1
1650,58645,0.9428211250024251,0.007891150866271346,5.0,0.1
1651,58668,0.942798700002426,0.01668839638296049,5.0,0.1
1652,58691,0.942776275002427,0.013545918409363367,5.0,0.1
1653,58714,0.942753850002428,0.015093298366991803,5.0,0.1
1654,58737,0.9427314250024289,0.011131300827400992,5.0,0.03333333333333333
1655,58760,0.9427090000024299,0.005910455787670799,5.0,0.03333333333333333
1656,58783,0.9426865750024308,0.007712727951002307,5.0,0.03333333333333333
1657,58804,0.9426661000024317,0.0037259233049553586,5.0,0.03333333333333333
1658,58827,0.9426436750024326,0.004828718470889726,5.0,0.03333333333333333
1659,58850,0.9426212500024336,0.004670579299272504,5.0,0.03333333333333333
1660,58873,0.9425988250024345,0.003914208216883708,5.0,0.0
1661,58896,0.9425764000024355,0.021178490071179112,5.0,0.0
1662,58919,0.9425539750024364,0.00427929628858692,5.0,0.0
1663,58942,0.9425315500024374,0.0075172667420702055,5.0,0.0
1664,59009,0.9424662250024401,0.018114793037966592,5.0,0.03333333333333333
1665,59032,0.9424438000024411,0.004880882712313905,5.0,0.03333333333333333
1666,59055,0.942421375002442,0.004438021933310665,5.0,0.03333333333333333
1667,59078,0.942398950002443,0.006681506547465688,5.0,0.03333333333333333
1668,59101,0.942376525002444,0.0032969312069326406,5.0,0.03333333333333333
1669,59124,0.9423541000024449,0.0038048147453082493,5.0,0.03333333333333333
1670,59147,0.9423316750024459,0.005171132617761032,5.0,0.03333333333333333
1671,59264,0.9422176000024507,0.04497877852008969,5.0,0.1
1672,59287,0.9421951750024516,0.01981238213920733,5.0,0.1
1673,59308,0.9421747000024525,0.015557792457912,5.0,0.1
1674,59331,0.9421522750024535,0.0050055390056513716,5.0,0.1
1675,59354,0.9421298500024544,0.004375813165097497,5.0,0.1
1676,59377,0.9421074250024554,0.018848324732971378,5.0,0.1
1677,59400,0.9420850000024563,0.005729506863644929,5.0,0.1
1678,59423,0.9420625750024573,0.014333960054500494,5.0,0.1
1679,59446,0.9420401500024582,0.007919688418041915,5.0,0.1
1680,59469,0.9420177250024592,0.01431227861030493,5.0,0.1
1681,59492,0.9419953000024601,0.00380016298731789,5.0,0.1
1682,59515,0.9419728750024611,0.020281956594772055,5.0,0.1
1683,59536,0.9419524000024619,0.018218683209852315,5.0,0.1
1684,59557,0.9419319250024628,0.02812984844786115,5.0,0.1
1685,59580,0.9419095000024638,0.02762699355298537,5.0,0.1
1686,59603,0.9418870750024647,0.005762940912973136,5.0,0.1
1687,59626,0.9418646500024657,0.005719307067920454,5.0,0.1
1688,59693,0.9417993250024684,0.01298244971621898,5.0,0.13333333333333333
1689,59716,0.9417769000024694,0.01211756086377136,5.0,0.13333333333333333
1690,59787,0.9417076750024723,0.02159178212059487,5.0,0.16666666666666666
1691,59838,0.9416579500024744,0.007168427020587842,5.0,0.2
1692,59861,0.9416355250024754,0.007271137787029147,5.0,0.2
1693,59882,0.9416150500024763,0.0041207661433873,5.0,0.2
1694,59905,0.9415926250024772,0.004186328003925155,5.0,0.16666666666666666
1695,59926,0.9415721500024781,0.01987750770058483,5.0,0.16666666666666666
1696,59949,0.941549725002479,0.0038416553288698196,5.0,0.16666666666666666
1697,59972,0.94152730000248,0.0044288931421760935,5.0,0.16666666666666666
1698,59995,0.9415048750024809,0.002618575834276271,5.0,0.16666666666666666
1699,60018,0.9414824500024819,0.03708540695151896,5.0,0.16666666666666666
1700,60041,0.9414600250024828,0.09714506423915736,5.0,0.16666666666666666
1701,60064,0.9414376000024838,0.06624015694251284,5.0,0.1
1702,60087,0.9414151750024847,0.046605066730990075,5.0,0.1
1703,60110,0.9413927500024857,0.04231329864705913,5.0,0.1
1704,60133,0.9413703250024866,0.03900004652678035,5.0,0.1
1705,60229,0.9412767250024906,0.14600123889249517,5.0,0.16666666666666666
1706,60252,0.9412543000024916,0.04476720992533956,5.0,0.16666666666666666
1707,60275,0.9412318750024925,0.03305256542080315,5.0,0.16666666666666666
1708,60296,0.9412114000024934,0.031487823918723734,5.0,0.16666666666666666
1709,60317,0.9411909250024942,0.025719373596075457,5.0,0.16666666666666666
1710,60340,0.9411685000024952,0.020771085357409902,5.0,0.16666666666666666
1711,60363,0.9411460750024961,0.03215128790179733,5.0,0.16666666666666666
1712,60386,0.9411236500024971,0.011109590966952965,5.0,0.16666666666666666
1713,60409,0.941101225002498,0.017947240274224896,5.0,0.16666666666666666
1714,60506,0.941006650002502,0.10137746338659781,5.0,0.23333333333333334
1715,60529,0.940984225002503,0.014329924699268304,5.0,0.23333333333333334
1716,60580,0.9409345000025051,0.047788947020308115,5.0,0.26666666666666666
1717,60700,0.9408175000025101,0.07548937207684503,5.0,0.3333333333333333
1718,60723,0.940795075002511,0.01781735876284074,5.0,0.3
1719,60778,0.9407414500025133,0.062211063857830595,5.0,0.3333333333333333
1720,60801,0.9407190250025143,0.010144088038941845,5.0,0.3
1721,60824,0.9406966000025152,0.014055780266062357,5.0,0.26666666666666666
1722,60845,0.9406761250025161,0.023044683199259453,5.0,0.26666666666666666
1723,60868,0.940653700002517,0.01593798379326472,5.0,0.26666666666666666
1724,60889,0.9406332250025179,0.015448711681528948,5.0,0.26666666666666666
1725,60912,0.9406108000025188,0.031000658567791106,5.0,0.26666666666666666
1726,60983,0.9405415750025218,0.05887643152163946,5.0,0.3
1727,61006,0.9405191500025227,0.013722890791541431,5.0,0.3
1728,61029,0.9404967250025237,0.010726380369305843,5.0,0.3
1729,61052,0.9404743000025246,0.04079524015105562,5.0,0.3
1730,61121,0.9404070250025275,0.06708735160646029,5.0,0.3333333333333333
1731,61190,0.9403397500025303,0.03221675952227088,5.0,0.36666666666666664
1732,61213,0.9403173250025313,0.010717624410972348,5.0,0.36666666666666664
1733,61234,0.9402968500025322,0.007873367116189911,5.0,0.36666666666666664
1734,61306,0.9402266500025351,0.04585115818554186,5.0,0.4
1735,61329,0.9402042250025361,0.015937468015181366,5.0,0.3333333333333333
1736,61352,0.940181800002537,0.018604306009365246,5.0,0.3333333333333333
1737,61375,0.940159375002538,0.006918346931342967,5.0,0.3333333333333333
1738,61447,0.940089175002541,0.04366383565502474,5.0,0.36666666666666664
1739,61470,0.9400667500025419,0.01430485988385044,5.0,0.36666666666666664
1740,61522,0.9400160500025441,0.027492853449075483,5.0,0.4
1741,61545,0.939993625002545,0.008479108451865613,5.0,0.4
1742,61568,0.939971200002546,0.01203067854658002,5.0,0.4
1743,61591,0.9399487750025469,0.025718119868543,5.0,0.4
1744,61614,0.9399263500025479,0.012779524504367146,5.0,0.3333333333333333
1745,61637,0.9399039250025488,0.013177796150557697,5.0,0.3333333333333333
1746,61660,0.9398815000025498,0.008169637276296271,5.0,0.3
1747,61683,0.9398590750025507,0.010251672771119047,5.0,0.23333333333333334
1748,61706,0.9398366500025517,0.012957726314198226,5.0,0.23333333333333334
1749,61729,0.9398142250025526,0.014228972624550806,5.0,0.2
1750,61752,0.9397918000025536,0.01933425452807569,5.0,0.2
1751,61775,0.9397693750025545,0.011596908792853355,5.0,0.2
1752,61871,0.9396757750025585,0.039890447489597136,5.0,0.26666666666666666
1753,61894,0.9396533500025595,0.009745229901454877,5.0,0.26666666666666666
1754,61917,0.9396309250025604,0.01327827740169596,5.0,0.26666666666666666
1755,61938,0.9396104500025613,0.009003620063595008,5.0,0.26666666666666666
1756,62009,0.9395412250025642,0.03376929858859512,5.0,0.26666666666666666
1757,62080,0.9394720000025671,0.02916794509292231,5.0,0.3
1758,62103,0.9394495750025681,0.006868700333143352,5.0,0.3
1759,62124,0.939429100002569,0.0071236826333915815,5.0,0.3
1760,62147,0.9394066750025699,0.017846515314886346,5.0,0.26666666666666666
1761,62170,0.9393842500025709,0.010055126673250925,5.0,0.23333333333333334
1762,62193,0.9393618250025718,0.016322567855240777,5.0,0.23333333333333334
1763,62214,0.9393413500025727,0.005940254559391178,5.0,0.23333333333333334
1764,62237,0.9393189250025736,0.008050720920437016,5.0,0.2
1765,62260,0.9392965000025746,0.007524239943450084,5.0,0.2
1766,62358,0.9392009500025786,0.03918234548473265,5.0,0.26666666666666666
1767,62429,0.9391317250025816,0.03038096102864074,5.0,0.3
1768,62452,0.9391093000025825,0.005706676831323421,5.0,0.26666666666666666
1769,62475,0.9390868750025835,0.007719444856775226,5.0,0.26666666666666666
1770,62498,0.9390644500025844,0.0056669474179216195,5.0,0.23333333333333334
1771,62521,0.9390420250025854,0.0063742334095877595,5.0,0.23333333333333334
1772,62542,0.9390215500025862,0.007706245552981272,5.0,0.23333333333333334
1773,62563,0.9390010750025871,0.00518306556296011,5.0,0.23333333333333334
1774,62632,0.93893380000259,0.021957413580821594,5.0,0.26666666666666666
1775,62655,0.9389113750025909,0.010615912033244967,5.0,0.26666666666666666
1776,62678,0.9388889500025919,0.00620286600315012,5.0,0.26666666666666666
1777,62701,0.9388665250025928,0.008312387668411247,5.0,0.26666666666666666
1778,62724,0.9388441000025938,0.0058632955224311445,5.0,0.26666666666666666
1779,62747,0.9388216750025947,0.006717126256262418,5.0,0.26666666666666666
1780,62770,0.9387992500025957,0.008226890106016072,5.0,0.26666666666666666
1781,62793,0.9387768250025966,0.007538165555160958,5.0,0.26666666666666666
1782,62862,0.9387095500025995,0.016567690299780224,5.0,0.23333333333333334
1783,62883,0.9386890750026003,0.007400537291687215,5.0,0.23333333333333334
1784,62906,0.9386666500026013,0.0065785011793195736,5.0,0.23333333333333334
1785,62929,0.9386442250026023,0.01787578782386845,5.0,0.23333333333333334
1786,62952,0.9386218000026032,0.006670456987194484,5.0,0.2
1787,62975,0.9385993750026042,0.013112086686305702,5.0,0.16666666666666666
1788,62998,0.9385769500026051,0.014294398060883395,5.0,0.16666666666666666
1789,63019,0.938556475002606,0.00706185563467443,5.0,0.16666666666666666
1790,63042,0.9385340500026069,0.013852370026143035,5.0,0.16666666666666666
1791,63065,0.9385116250026079,0.005062959278802737,5.0,0.16666666666666666
1792,63088,0.9384892000026088,0.01707142974009912,5.0,0.16666666666666666
1793,63111,0.9384667750026098,0.006539317593706073,5.0,0.16666666666666666
1794,63132,0.9384463000026106,0.005521206745470408,5.0,0.16666666666666666
1795,63254,0.9383273500026157,0.028191588071422302,5.0,0.23333333333333334
1796,63277,0.9383049250026166,0.003536681400873931,5.0,0.16666666666666666
1797,63300,0.9382825000026176,0.005389359615946887,5.0,0.13333333333333333
1798,63323,0.9382600750026185,0.008271065482404083,5.0,0.13333333333333333
1799,63346,0.9382376500026195,0.004365980927104829,5.0,0.13333333333333333
1800,63369,0.9382152250026204,0.005199641305807745,5.0,0.13333333333333333
1801,63392,0.9381928000026214,0.017374092276440933,5.0,0.13333333333333333
1802,63415,0.9381703750026223,0.008661272273457143,5.0,0.13333333333333333
1803,63438,0.9381479500026233,0.005759311103247455,5.0,0.13333333333333333
1804,63461,0.9381255250026242,0.0043917948969465215,5.0,0.1
1805,63484,0.9381031000026252,0.00984268233696639,5.0,0.1
1806,63507,0.9380806750026262,0.006134121194918407,5.0,0.1
1807,63530,0.9380582500026271,0.02199196231777023,5.0,0.1
1808,63553,0.938035825002628,0.005920924613747047,5.0,0.1
1809,63576,0.938013400002629,0.007299108590814285,5.0,0.1
1810,63599,0.93799097500263,0.005715388571843505,5.0,0.1
1811,63622,0.9379685500026309,0.005157474242878379,5.0,0.1
1812,63673,0.937918825002633,0.0159049407884595,5.0,0.1
1813,63696,0.937896400002634,0.004483729368075728,5.0,0.1
1814,63719,0.9378739750026349,0.005528906334802741,5.0,0.1
1815,63742,0.9378515500026359,0.023111612292268546,5.0,0.1
1816,63765,0.9378291250026368,0.005154626371222548,5.0,0.1
1817,63788,0.9378067000026378,0.003954896146751707,5.0,0.1
1818,63809,0.9377862250026386,0.004871386581726256,5.0,0.1
1819,63832,0.9377638000026396,0.006227849260540097,5.0,0.1
1820,63855,0.9377413750026405,0.004907097723844345,5.0,0.1
1821,63878,0.9377189500026415,0.004327811704570195,5.0,0.1
1822,63899,0.9376984750026424,0.003252344726206502,5.0,0.1
1823,63922,0.9376760500026433,0.004084045021045313,5.0,0.1
1824,63989,0.9376107250026461,0.029670537665879237,5.0,0.13333333333333333
1825,64012,0.937588300002647,0.019516892250976525,5.0,0.06666666666666667
1826,64035,0.937565875002648,0.0048977332953654695,5.0,0.06666666666666667
1827,64084,0.93751810000265,0.012230196913151303,5.0,0.1
1828,64107,0.937495675002651,0.006667359701168607,5.0,0.1
1829,64130,0.9374732500026519,0.004567253308778163,5.0,0.1
1830,64151,0.9374527750026528,0.009961166671928368,5.0,0.1
1831,64220,0.9373855000026556,0.03459217696945416,5.0,0.13333333333333333
1832,64243,0.9373630750026566,0.005969907568214694,5.0,0.13333333333333333
1833,64264,0.9373426000026575,0.004640337228920544,5.0,0.13333333333333333
1834,64287,0.9373201750026584,0.004530937207164243,5.0,0.13333333333333333
1835,64359,0.9372499750026614,0.017471243325417163,5.0,0.16666666666666666
1836,64428,0.9371827000026642,0.01783473393879831,5.0,0.2
1837,64451,0.9371602750026652,0.018773488116494264,5.0,0.2
1838,64474,0.9371378500026661,0.01757313228881685,5.0,0.2
1839,64546,0.9370676500026691,0.013294568558194442,5.0,0.23333333333333334
1840,64617,0.936998425002672,0.023413570976117626,5.0,0.26666666666666666
1841,64640,0.936976000002673,0.012390854333716561,5.0,0.26666666666666666
1842,64663,0.936953575002674,0.005805074466479709,5.0,0.23333333333333334
1843,64730,0.9368882500026767,0.01628290927146736,5.0,0.26666666666666666
1844,64781,0.9368385250026788,0.016333396457412164,5.0,0.3
1845,64804,0.9368161000026798,0.012435981516318861,5.0,0.3
1846,64827,0.9367936750026807,0.012485174502216978,5.0,0.3
1847,64848,0.9367732000026816,0.005958254612778546,5.0,0.3
1848,64869,0.9367527250026825,0.004529006297161686,5.0,0.3
1849,64890,0.9367322500026833,0.0037171452950133244,5.0,0.3
1850,64913,0.9367098250026843,0.005592499014710484,5.0,0.3
1851,64936,0.9366874000026852,0.006597670617338736,5.0,0.3
1852,64957,0.9366669250026861,0.004456909049622482,5.0,0.3
1853,64980,0.9366445000026871,0.004769954277435318,5.0,0.3
1854,65049,0.9365772250026899,0.15695095935370773,5.0,0.3
1855,65070,0.9365567500026908,0.03670992917614058,5.0,0.3
1856,65139,0.9364894750026936,0.08138139883521944,5.0,0.3333333333333333
1857,65211,0.9364192750026966,0.09520716343831737,5.0,0.3333333333333333
1858,65232,0.9363988000026975,0.011221370215935167,5.0,0.3333333333333333
1859,65253,0.9363783250026984,0.016873787899385206,5.0,0.3333333333333333
1860,65276,0.9363559000026993,0.028651136046391912,5.0,0.3333333333333333
1861,65299,0.9363334750027003,0.051253598896437325,5.0,0.3
1862,65320,0.9363130000027011,0.018105141891282983,5.0,0.3
1863,65343,0.9362905750027021,0.01982422481160029,5.0,0.3
1864,65366,0.936268150002703,0.01965636467866716,5.0,0.3
1865,65389,0.936245725002704,0.02739535959699424,5.0,0.26666666666666666
1866,65412,0.9362233000027049,0.017872524687845726,5.0,0.23333333333333334
1867,65435,0.9362008750027059,0.012080377317033708,5.0,0.23333333333333334
1868,65458,0.9361784500027068,0.038249068580626044,5.0,0.23333333333333334
1869,65479,0.9361579750027077,0.015880523045780137,5.0,0.2
1870,65502,0.9361355500027086,0.03310805041837739,5.0,0.16666666666666666
1871,65584,0.936055600002712,0.058327950464445166,5.0,0.23333333333333334
1872,65605,0.9360351250027129,0.016048787292675115,5.0,0.23333333333333334
1873,65628,0.9360127000027139,0.023768996961734956,5.0,0.2
1874,65651,0.9359902750027148,0.0069278330556699075,5.0,0.16666666666666666
1875,65672,0.9359698000027157,0.010892152960877866,5.0,0.16666666666666666
1876,65695,0.9359473750027166,0.01754270674791769,5.0,0.16666666666666666
1877,65718,0.9359249500027176,0.022115565232525114,5.0,0.16666666666666666
1878,65741,0.9359025250027185,0.012475925945182098,5.0,0.16666666666666666
1879,65764,0.9358801000027195,0.010565966797003057,5.0,0.16666666666666666
1880,65785,0.9358596250027204,0.013470397199853323,5.0,0.16666666666666666
1881,65808,0.9358372000027213,0.010107536374562187,5.0,0.16666666666666666
1882,65859,0.9357874750027234,0.04526638698007446,5.0,0.2
1883,65882,0.9357650500027244,0.011927809253393207,5.0,0.2
1884,65905,0.9357426250027253,0.02572420820069965,5.0,0.16666666666666666
1885,65976,0.9356734000027283,0.04336683661676943,5.0,0.2
1886,65999,0.9356509750027292,0.010498440453375224,5.0,0.16666666666666666
1887,66022,0.9356285500027302,0.013101043579808902,5.0,0.13333333333333333
1888,66045,0.9356061250027311,0.0070408255014626775,5.0,0.13333333333333333
1889,66068,0.935583700002732,0.016098394022264984,5.0,0.13333333333333333
1890,66152,0.9355018000027355,0.05292874400220171,5.0,0.2
1891,66175,0.9354793750027365,0.014258723509556148,5.0,0.2
1892,66226,0.9354296500027386,0.029501051438273862,5.0,0.23333333333333334
1893,66249,0.9354072250027395,0.017394404028891586,5.0,0.23333333333333334
1894,66270,0.9353867500027404,0.007084662625857163,5.0,0.23333333333333334
1895,66293,0.9353643250027414,0.009283055747800972,5.0,0.23333333333333334
1896,66316,0.9353419000027423,0.012023030471027596,5.0,0.23333333333333334
1897,66339,0.9353194750027433,0.010574856220046058,5.0,0.23333333333333334
1898,66362,0.9352970500027442,0.023246048724104185,5.0,0.23333333333333334
1899,66413,0.9352473250027463,0.02464599227096187,5.0,0.26666666666666666
1900,66434,0.9352268500027472,0.010892859550949652,5.0,0.26666666666666666
1901,66457,0.9352044250027481,0.008211332631617552,5.0,0.2
1902,66480,0.9351820000027491,0.004779418053658446,5.0,0.2
1903,66552,0.9351118000027521,0.02496428810627549,5.0,0.23333333333333334
1904,66575,0.935089375002753,0.02446689385760692,5.0,0.23333333333333334
1905,66598,0.935066950002754,0.004593473950080806,5.0,0.23333333333333334
1906,66696,0.934971400002758,0.0540512290353945,5.0,0.3
1907,66767,0.934902175002761,0.02850806783681037,5.0,0.3333333333333333
1908,66788,0.9348817000027618,0.00905394790788705,5.0,0.3333333333333333
1909,66841,0.934830025002764,0.02204901530421921,5.0,0.36666666666666664
1910,66864,0.934807600002765,0.006625509784498718,5.0,0.36666666666666664
1911,66887,0.9347851750027659,0.006109359506808687,5.0,0.36666666666666664
1912,66910,0.9347627500027669,0.004761009869980626,5.0,0.3333333333333333
1913,66977,0.9346974250027696,0.03757622068951605,5.0,0.36666666666666664
1914,67000,0.9346750000027706,0.010160857593291439,5.0,0.36666666666666664
1915,67023,0.9346525750027715,0.007972868330398342,5.0,0.3333333333333333
1916,67046,0.9346301500027725,0.004403226754220668,5.0,0.3333333333333333
1917,67069,0.9346077250027734,0.00758780466276221,5.0,0.3333333333333333
1918,67092,0.9345853000027744,0.0061308571603149176,5.0,0.3333333333333333
1919,67115,0.9345628750027754,0.0070234035192697775,5.0,0.3333333333333333
1920,67136,0.9345424000027762,0.005760291074693669,5.0,0.26666666666666666
1921,67208,0.9344722000027792,0.0182948769597715,5.0,0.3
1922,67231,0.9344497750027801,0.006726839696057141,5.0,0.26666666666666666
1923,67254,0.9344273500027811,0.017650715642957948,5.0,0.26666666666666666
1924,67277,0.934404925002782,0.006547889832290821,5.0,0.26666666666666666
1925,67300,0.934382500002783,0.028380421976180514,5.0,0.26666666666666666
1926,67323,0.934360075002784,0.02094260013109306,5.0,0.26666666666666666
1927,67346,0.9343376500027849,0.005737779007176869,5.0,0.26666666666666666
1928,67369,0.9343152250027859,0.008108437476039398,5.0,0.26666666666666666
1929,67392,0.9342928000027868,0.006241723021958023,5.0,0.23333333333333334
1930,67415,0.9342703750027878,0.008322395806317218,5.0,0.23333333333333334
1931,67438,0.9342479500027887,0.005838226759806275,5.0,0.23333333333333334
1932,67461,0.9342255250027897,0.00589620407208713,5.0,0.23333333333333334
1933,67484,0.9342031000027906,0.008875802810507594,5.0,0.2
1934,67505,0.9341826250027915,0.0057013794939848594,5.0,0.2
1935,67528,0.9341602000027924,0.004468007557079545,5.0,0.2
1936,67551,0.9341377750027934,0.00774536922108382,5.0,0.13333333333333333
1937,67574,0.9341153500027943,0.005539563837373862,5.0,0.1
1938,67597,0.9340929250027953,0.007302577570953872,5.0,0.1
1939,67618,0.9340724500027962,0.006350482242851285,5.0,0.06666666666666667
1940,67668,0.9340237000027982,0.020914106578857172,5.0,0.1
1941,67691,0.9340012750027992,0.005677338966052048,5.0,0.1
1942,67789,0.9339057250028032,0.021686833497369662,5.0,0.16666666666666666
1943,67812,0.9338833000028042,0.009865901149169076,5.0,0.13333333333333333
1944,67835,0.9338608750028051,0.004758381259307498,5.0,0.13333333333333333
1945,67906,0.9337916500028081,0.01908056299726013,5.0,0.16666666666666666
1946,67929,0.933769225002809,0.012358091149508255,5.0,0.16666666666666666
1947,67952,0.93374680000281,0.008204073295928538,5.0,0.16666666666666666
1948,67975,0.9337243750028109,0.006208211982084322,5.0,0.16666666666666666
1949,67996,0.9337039000028118,0.004085862288775388,5.0,0.16666666666666666
1950,68019,0.9336814750028127,0.003798732373979874,5.0,0.16666666666666666
1951,68090,0.9336122500028157,0.01995940428241738,5.0,0.16666666666666666
1952,68210,0.9334952500028206,0.04600063527504972,5.0,0.23333333333333334
1953,68282,0.9334250500028236,0.028240040974196745,5.0,0.26666666666666666
1954,68305,0.9334026250028246,0.009731400525197387,5.0,0.26666666666666666
1955,68328,0.9333802000028255,0.006319221705780365,5.0,0.26666666666666666
1956,68426,0.9332846500028296,0.05472903957343078,5.0,0.3333333333333333
1957,68547,0.9331666750028346,0.07330994693256798,5.0,0.4
1958,68570,0.9331442500028355,0.011760959216189804,5.0,0.4
1959,68642,0.9330740500028385,0.03460561480096658,5.0,0.43333333333333335
1960,68692,0.9330253000028406,0.017105125753005268,5.0,0.4666666666666667
1961,68715,0.9330028750028415,0.004958763354807161,5.0,0.4666666666666667
1962,68738,0.9329804500028425,0.009146403823251603,5.0,0.4666666666666667
1963,68761,0.9329580250028434,0.02347676870704163,5.0,0.4666666666666667
1964,68784,0.9329356000028444,0.020979393495508702,5.0,0.4666666666666667
1965,68807,0.9329131750028453,0.026246857381920563,5.0,0.4666666666666667
1966,68830,0.9328907500028463,0.003903138258465333,5.0,0.4666666666666667
1967,68853,0.9328683250028472,0.0054415975500887726,5.0,0.4666666666666667
1968,68876,0.9328459000028482,0.00600112033134792,5.0,0.4666666666666667
1969,68899,0.9328234750028491,0.005201770120038418,5.0,0.4666666666666667
1970,68922,0.9328010500028501,0.004610484304066631,5.0,0.43333333333333335
1971,68945,0.932778625002851,0.004206410774713731,5.0,0.43333333333333335
1972,68968,0.932756200002852,0.005038977815274848,5.0,0.36666666666666664
1973,68991,0.9327337750028529,0.006032510875229491,5.0,0.36666666666666664
1974,69012,0.9327133000028538,0.005734430160373449,5.0,0.36666666666666664
1975,69035,0.9326908750028547,0.003430862829191028,5.0,0.3333333333333333
1976,69058,0.9326684500028557,0.00749962156987749,5.0,0.3333333333333333
1977,69079,0.9326479750028566,0.002722253899264615,5.0,0.3333333333333333
1978,69100,0.9326275000028574,0.005737757797760423,5.0,0.3333333333333333
1979,69121,0.9326070250028583,0.0029884609302825993,5.0,0.3333333333333333
1980,69144,0.9325846000028593,0.0028369194333208725,5.0,0.3333333333333333
1981,69195,0.9325348750028614,0.011527682439918863,5.0,0.3333333333333333
1982,69218,0.9325124500028623,0.003902266929799225,5.0,0.26666666666666666
1983,69336,0.9323974000028672,0.037712178547735675,5.0,0.3
1984,69359,0.9323749750028681,0.013980753574287519,5.0,0.3
1985,69382,0.9323525500028691,0.006559220651979558,5.0,0.3
1986,69405,0.93233012500287,0.00473090825471445,5.0,0.23333333333333334
1987,69428,0.932307700002871,0.005989584584312979,5.0,0.16666666666666666
1988,69451,0.932285275002872,0.004429563294252148,5.0,0.16666666666666666
1989,69472,0.9322648000028728,0.010156922098758514,5.0,0.13333333333333333
1990,69541,0.9321975250028757,0.022745400077837985,5.0,0.13333333333333333
1991,69564,0.9321751000028766,0.00595409796005697,5.0,0.13333333333333333
1992,69587,0.9321526750028776,0.004814885713130934,5.0,0.13333333333333333
1993,69610,0.9321302500028785,0.009588435961632058,5.0,0.13333333333333333
1994,69633,0.9321078250028795,0.008008175918803317,5.0,0.13333333333333333
1995,69682,0.9320600500028815,0.011213109642994823,5.0,0.16666666666666666
1996,69705,0.9320376250028825,0.008559655587305315,5.0,0.16666666666666666
1997,69726,0.9320171500028833,0.005776467289251741,5.0,0.16666666666666666
1998,69747,0.9319966750028842,0.010084381599881453,5.0,0.16666666666666666
1999,69770,0.9319742500028851,0.004221151059027761,5.0,0.16666666666666666
2000,69793,0.9319518250028861,0.004678026647525257,5.0,0.16666666666666666
2001,69816,0.931929400002887,0.007504235923988745,5.0,0.16666666666666666
2002,69839,0.931906975002888,0.023969731955730822,5.0,0.16666666666666666
2003,69860,0.9318865000028889,0.025291079400631133,5.0,0.16666666666666666
2004,69883,0.9318640750028898,0.006141603405922069,5.0,0.16666666666666666
2005,69906,0.9318416500028908,0.011230852986045647,5.0,0.16666666666666666
2006,70006,0.9317441500028949,0.04744388651852205,5.0,0.23333333333333334
2007,70056,0.931695400002897,0.1264799787895754,5.0,0.26666666666666666
2008,70129,0.9316242250029,0.17881123351980932,5.0,0.3
2009,70152,0.9316018000029009,0.027763396785303485,5.0,0.3
2010,70175,0.9315793750029019,0.02034264187386725,5.0,0.3
2011,70226,0.931529650002904,0.04263823047585902,5.0,0.3
2012,70247,0.9315091750029049,0.025311238219728693,5.0,0.3
2013,70270,0.9314867500029058,0.019497637025779113,5.0,0.23333333333333334
2014,70293,0.9314643250029068,0.02830574291147059,5.0,0.23333333333333334
2015,70316,0.9314419000029077,0.01886927228042623,5.0,0.23333333333333334
2016,70339,0.9314194750029087,0.026898275522398762,5.0,0.23333333333333334
2017,70362,0.9313970500029096,0.01776223180058878,5.0,0.23333333333333334
2018,70413,0.9313473250029117,0.06260014838335337,5.0,0.26666666666666666
2019,70436,0.9313249000029127,0.035045870710746385,5.0,0.26666666666666666
2020,70459,0.9313024750029136,0.0174673309084028,5.0,0.23333333333333334
2021,70531,0.9312322750029166,0.07080773250345374,5.0,0.26666666666666666
2022,70554,0.9312098500029176,0.014264119701692834,5.0,0.26666666666666666
2023,70577,0.9311874250029185,0.02361742197535932,5.0,0.26666666666666666
2024,70600,0.9311650000029195,0.015349477991549065,5.0,0.26666666666666666
2025,70623,0.9311425750029204,0.01986147249408532,5.0,0.23333333333333334
2026,70646,0.9311201500029214,0.013715469292947091,5.0,0.23333333333333334
2027,70667,0.9310996750029222,0.015937653864966705,5.0,0.23333333333333334
2028,70690,0.9310772500029232,0.018208866778877564,5.0,0.23333333333333334
2029,70711,0.931056775002924,0.020146696093434002,5.0,0.23333333333333334
2030,70734,0.931034350002925,0.023756653288728558,5.0,0.23333333333333334
2031,70757,0.931011925002926,0.019888509552401956,5.0,0.23333333333333334
2032,70778,0.9309914500029268,0.013299525824550074,5.0,0.23333333333333334
2033,70799,0.9309709750029277,0.008479320342303254,5.0,0.23333333333333334
2034,70820,0.9309505000029286,0.01280474143641186,5.0,0.23333333333333334
2035,70889,0.9308832250029314,0.04162652562808944,5.0,0.26666666666666666
2036,70987,0.9307876750029355,0.09166325854312163,5.0,0.26666666666666666
2037,71008,0.9307672000029363,0.010453466093167663,5.0,0.23333333333333334
2038,71079,0.9306979750029393,0.03835603226980311,5.0,0.23333333333333334
2039,71151,0.9306277750029422,0.03279524356548791,5.0,0.26666666666666666
2040,71172,0.9306073000029431,0.00843482564232545,5.0,0.26666666666666666
2041,71241,0.930540025002946,0.02825596205002512,5.0,0.26666666666666666
2042,71264,0.9305176000029469,0.008172127752914093,5.0,0.26666666666666666
2043,71336,0.9304474000029499,0.02068472540122457,5.0,0.3
2044,71407,0.9303781750029528,0.0520877231247141,5.0,0.3333333333333333
2045,71430,0.9303557500029538,0.02377673479350051,5.0,0.3333333333333333
2046,71453,0.9303333250029547,0.007401216593279969,5.0,0.3333333333333333
2047,71476,0.9303109000029557,0.005842687329277396,5.0,0.3333333333333333
2048,71499,0.9302884750029566,0.010464817940373905,5.0,0.3
2049,71522,0.9302660500029576,0.006441715995606501,5.0,0.3
2050,71622,0.9301685500029617,0.0334995223711303,5.0,0.36666666666666664
2051,71645,0.9301461250029627,0.00973391085426556,5.0,0.3333333333333333
2052,71716,0.9300769000029656,0.03042926462512696,5.0,0.36666666666666664
2053,71787,0.9300076750029685,0.021038366998254787,5.0,0.4
2054,71810,0.9299852500029695,0.008297350104840007,5.0,0.4
2055,71882,0.9299150500029725,0.033394313275493914,5.0,0.43333333333333335
2056,71905,0.9298926250029734,0.005914187044254504,5.0,0.43333333333333335
2057,71972,0.9298273000029762,0.023879376385593787,5.0,0.4666666666666667
2058,71995,0.9298048750029771,0.009366635498736287,5.0,0.4666666666666667
2059,72018,0.9297824500029781,0.020421346245711902,5.0,0.4666666666666667
2060,72041,0.929760025002979,0.009146335953118978,5.0,0.4666666666666667
2061,72064,0.92973760000298,0.006933299959200667,5.0,0.4666666666666667
2062,72085,0.9297171250029809,0.0035148074821336195,5.0,0.4666666666666667
2063,72108,0.9296947000029818,0.007920273797935806,5.0,0.4666666666666667
2064,72131,0.9296722750029828,0.005316448161465814,5.0,0.4666666666666667
2065,72154,0.9296498500029837,0.005954887121333741,5.0,0.43333333333333335
2066,72177,0.9296274250029847,0.00485355419368716,5.0,0.36666666666666664
2067,72200,0.9296050000029856,0.005061166346422397,5.0,0.36666666666666664
2068,72329,0.929479225002991,0.033557238759385655,5.0,0.43333333333333335
2069,72352,0.9294568000029919,0.006135404953965917,5.0,0.4
2070,72375,0.9294343750029929,0.020823768638365436,5.0,0.4
2071,72444,0.9293671000029957,0.016002633796233567,5.0,0.4
2072,72467,0.9293446750029967,0.006515360304547357,5.0,0.4
2073,72490,0.9293222500029976,0.004679545061662793,5.0,0.36666666666666664
2074,72562,0.9292520500030006,0.03320194786283537,5.0,0.36666666666666664
2075,72585,0.9292296250030015,0.00693490426056087,5.0,0.36666666666666664
2076,72608,0.9292072000030025,0.005697916705685202,5.0,0.36666666666666664
2077,72629,0.9291867250030034,0.005444248570711352,5.0,0.36666666666666664
2078,72682,0.9291350500030056,0.016756035285652615,5.0,0.4
2079,72735,0.9290833750030077,0.009889731290968484,5.0,0.43333333333333335
2080,72786,0.9290336500030099,0.03383378044964047,5.0,0.4
2081,72809,0.9290112250030108,0.01131528097903356,5.0,0.4
2082,72832,0.9289888000030118,0.008436966578301508,5.0,0.36666666666666664
2083,72855,0.9289663750030127,0.007096552610164508,5.0,0.3333333333333333
2084,72878,0.9289439500030137,0.012183919749077177,5.0,0.3333333333333333
2085,72901,0.9289215250030146,0.004200994200800778,5.0,0.3
2086,72924,0.9288991000030156,0.004695677955169231,5.0,0.3
2087,72947,0.9288766750030165,0.010015332278271671,5.0,0.26666666666666666
2088,72968,0.9288562000030174,0.004970090176357189,5.0,0.26666666666666666
2089,72991,0.9288337750030183,0.005933159998676274,5.0,0.26666666666666666
2090,73014,0.9288113500030193,0.0045960028292029165,5.0,0.26666666666666666
2091,73065,0.9287616250030214,0.01048204591643298,5.0,0.3
2092,73088,0.9287392000030223,0.003587742983654607,5.0,0.3
2093,73109,0.9287187250030232,0.0177112062156084,5.0,0.3
2094,73132,0.9286963000030242,0.019490292470436543,5.0,0.3
2095,73155,0.9286738750030251,0.0055238194690900855,5.0,0.3
2096,73178,0.9286514500030261,0.005945586151938187,5.0,0.3
2097,73199,0.9286309750030269,0.005120189489389304,5.0,0.3
2098,73222,0.9286085500030279,0.008077329315710813,5.0,0.2
2099,73245,0.9285861250030288,0.005046548869358958,5.0,0.2
2100,73268,0.9285637000030298,0.00515688559244154,5.0,0.2
2101,73366,0.9284681500030338,0.018224656123493332,5.0,0.23333333333333334
2102,73437,0.9283989250030368,0.02686066923706676,5.0,0.26666666666666666
2103,73509,0.9283287250030398,0.017629111447604373,5.0,0.3
2104,73532,0.9283063000030407,0.005453973131807288,5.0,0.26666666666666666
2105,73553,0.9282858250030416,0.004942574683809653,5.0,0.26666666666666666
2106,73576,0.9282634000030425,0.004339328592323,5.0,0.26666666666666666
2107,73599,0.9282409750030435,0.004015905309643131,5.0,0.26666666666666666
2108,73622,0.9282185500030444,0.004523541527305497,5.0,0.23333333333333334
2109,73643,0.9281980750030453,0.003338128200994106,5.0,0.2
2110,73666,0.9281756500030462,0.0031352617479569744,5.0,0.16666666666666666
2111,73735,0.9281083750030491,0.013317212522451882,5.0,0.2
2112,73756,0.92808790000305,0.003923840647985344,5.0,0.2
2113,73779,0.9280654750030509,0.0035275242044008337,5.0,0.2
2114,73802,0.9280430500030519,0.00303167987112829,5.0,0.2
2115,73825,0.9280206250030528,0.003316005893793772,5.0,0.2
2116,73876,0.9279709000030549,0.008515579113009153,5.0,0.23333333333333334
2117,73897,0.9279504250030558,0.0025674728349258658,5.0,0.23333333333333334
2118,73920,0.9279280000030568,0.002570943022874417,5.0,0.23333333333333334
2119,73943,0.9279055750030577,0.0025921914602804463,5.0,0.23333333333333334
2120,73966,0.9278831500030587,0.002756993686489295,5.0,0.23333333333333334
2121,73989,0.9278607250030596,0.0025597581625333987,5.0,0.2
2122,74087,0.9277651750030637,0.01788881034553924,5.0,0.26666666666666666
2123,74110,0.9277427500030646,0.0024536035780329257,5.0,0.26666666666666666
2124,74131,0.9277222750030655,0.0044009694138367195,5.0,0.26666666666666666
2125,74202,0.9276530500030684,0.013459310772304889,5.0,0.3
2126,74225,0.9276306250030694,0.0035651570524350973,5.0,0.3
2127,74248,0.9276082000030703,0.004214748558297288,5.0,0.3
2128,74271,0.9275857750030713,0.0029870823163946625,5.0,0.3
2129,74294,0.9275633500030722,0.0030283488249551738,5.0,0.3
2130,74317,0.9275409250030732,0.0017263358076888835,5.0,0.3
2131,74340,0.9275185000030741,0.0033165201530209742,5.0,0.23333333333333334
2132,74363,0.9274960750030751,0.00250337091529218,5.0,0.2
2133,74386,0.927473650003076,0.00323266971281555,5.0,0.16666666666666666
2134,74407,0.9274531750030769,0.0021863952169951517,5.0,0.16666666666666666
2135,74475,0.9273868750030797,0.009889587974612368,5.0,0.2
2136,74498,0.9273644500030807,0.004199343464279082,5.0,0.2
2137,74584,0.9272806000030842,0.02203823151648976,5.0,0.26666666666666666
2138,74605,0.9272601250030851,0.005719113381928764,5.0,0.26666666666666666
2139,74628,0.927237700003086,0.005586521985605941,5.0,0.26666666666666666
2140,74651,0.927215275003087,0.006077035639464157,5.0,0.26666666666666666
2141,74674,0.9271928500030879,0.00572359872967354,5.0,0.23333333333333334
2142,74743,0.9271255750030908,0.011823046505014645,5.0,0.26666666666666666
2143,74815,0.9270553750030938,0.011084324682087754,5.0,0.3
2144,74886,0.9269861500030967,0.020133080464802333,5.0,0.3333333333333333
2145,74909,0.9269637250030976,0.004406972730066627,5.0,0.3333333333333333
2146,74978,0.9268964500031005,0.012479566979891388,5.0,0.3333333333333333
2147,75001,0.9268740250031015,0.0063744107173988596,5.0,0.3333333333333333
2148,75052,0.9268243000031036,0.12045330356340855,5.0,0.36666666666666664
2149,75073,0.9268038250031044,0.02181078994181007,5.0,0.36666666666666664
2150,75096,0.9267814000031054,0.04441282262268942,5.0,0.36666666666666664
2151,75119,0.9267589750031063,0.027043291091104038,5.0,0.36666666666666664
2152,75190,0.9266897500031093,0.09243567644443829,5.0,0.3333333333333333
2153,75211,0.9266692750031101,0.01756896262668306,5.0,0.3333333333333333
2154,75234,0.9266468500031111,0.02064165430056164,5.0,0.3333333333333333
2155,75257,0.926624425003112,0.022163225468830206,5.0,0.3
2156,75280,0.926602000003113,0.016801684389065485,5.0,0.3
2157,75303,0.9265795750031139,0.020934948784997687,5.0,0.3
2158,75324,0.9265591000031148,0.021533805600483902,5.0,0.3
2159,75347,0.9265366750031158,0.03206408620462753,5.0,0.3
2160,75370,0.9265142500031167,0.01455415527743753,5.0,0.3
2161,75393,0.9264918250031177,0.03315530421969015,5.0,0.3
2162,75462,0.9264245500031205,0.056597134316689335,5.0,0.3333333333333333
2163,75651,0.9262402750031283,0.13462079451710451,5.0,0.4666666666666667
2164,75726,0.9261671500031314,0.06137164912070148,5.0,0.5
2165,75749,0.9261447250031324,0.011360155032889452,5.0,0.4666666666666667
2166,75847,0.9260491750031364,0.06534149483195506,5.0,0.5333333333333333
2167,75870,0.9260267500031374,0.020239709374436643,5.0,0.4666666666666667
2168,75893,0.9260043250031383,0.018418502317217644,5.0,0.4666666666666667
2169,75916,0.9259819000031393,0.014304843694844749,5.0,0.4666666666666667
2170,75939,0.9259594750031402,0.01879948093846906,5.0,0.4666666666666667
2171,75962,0.9259370500031412,0.014627049065893516,5.0,0.4666666666666667
2172,75983,0.9259165750031421,0.014969074785767589,5.0,0.43333333333333335
2173,76006,0.925894150003143,0.011564485626877286,5.0,0.4
2174,76029,0.925871725003144,0.010338934494939167,5.0,0.36666666666666664
2175,76052,0.9258493000031449,0.008485145444865339,5.0,0.36666666666666664
2176,76075,0.9258268750031459,0.00851070239150431,5.0,0.3333333333333333
2177,76098,0.9258044500031468,0.007699472094827797,5.0,0.3333333333333333
2178,76121,0.9257820250031478,0.010402897372841835,5.0,0.3
2179,76144,0.9257596000031487,0.008630321724922396,5.0,0.3
2180,76167,0.9257371750031497,0.018201358026999515,5.0,0.3
2181,76236,0.9256699000031525,0.0329278787066869,5.0,0.3333333333333333
2182,76257,0.9256494250031534,0.012105768495530356,5.0,0.3
2183,76280,0.9256270000031543,0.011901851146831177,5.0,0.3
2184,76303,0.9256045750031553,0.011824267196061555,5.0,0.3
2185,76375,0.9255343750031583,0.02549379237825633,5.0,0.3333333333333333
2186,76444,0.9254671000031611,0.02768705988273723,5.0,0.36666666666666664
2187,76467,0.9254446750031621,0.00634129984973697,5.0,0.36666666666666664
2188,76488,0.9254242000031629,0.00479257460028748,5.0,0.36666666666666664
2189,76608,0.9253072000031679,0.05150638264422014,5.0,0.43333333333333335
2190,76680,0.9252370000031709,0.04326119895995362,5.0,0.4666666666666667
2191,76778,0.9251414500031749,0.03622968194031273,5.0,0.5333333333333333
2192,76801,0.9251190250031759,0.006924874709511641,5.0,0.5
2193,76822,0.9250985500031768,0.006463418492785422,5.0,0.36666666666666664
2194,76845,0.9250761250031777,0.0037423109570227098,5.0,0.3333333333333333
2195,76868,0.9250537000031787,0.0037059042842884082,5.0,0.3333333333333333
2196,76891,0.9250312750031796,0.009896305127767846,5.0,0.26666666666666666
2197,76912,0.9250108000031805,0.004956221055181231,5.0,0.26666666666666666
2198,76933,0.9249903250031813,0.005323398523614742,5.0,0.26666666666666666
2199,76956,0.9249679000031823,0.0073973288090201095,5.0,0.26666666666666666
2200,76979,0.9249454750031832,0.009059676049218979,5.0,0.26666666666666666
2201,77030,0.9248957500031854,0.011158588116813917,5.0,0.3
2202,77053,0.9248733250031863,0.010886580512305954,5.0,0.3
2203,77076,0.9248509000031873,0.00952813027834054,5.0,0.3
2204,77099,0.9248284750031882,0.01672745731775649,5.0,0.3
2205,77122,0.9248060500031892,0.005459470918140141,5.0,0.3
2206,77145,0.9247836250031901,0.00868017427274026,5.0,0.3
2207,77196,0.9247339000031922,0.019573770401621005,5.0,0.3333333333333333
2208,77219,0.9247114750031932,0.007349121020524763,5.0,0.3333333333333333
2209,77240,0.924691000003194,0.011572580850042868,5.0,0.3333333333333333
2210,77261,0.9246705250031949,0.0063203966928995214,5.0,0.3333333333333333
2211,77284,0.9246481000031959,0.006545549847942311,5.0,0.3
2212,77307,0.9246256750031968,0.00429917505607591,5.0,0.3
2213,77328,0.9246052000031977,0.00416347213104018,5.0,0.3
2214,77349,0.9245847250031985,0.004536105112492805,5.0,0.3
2215,77372,0.9245623000031995,0.005039729436248308,5.0,0.26666666666666666
2216,77395,0.9245398750032005,0.005652698899211828,5.0,0.23333333333333334
2217,77416,0.9245194000032013,0.005861698773514945,5.0,0.23333333333333334
2218,77437,0.9244989250032022,0.007990424499439541,5.0,0.23333333333333334
2219,77460,0.9244765000032031,0.005653212774632266,5.0,0.16666666666666666
2220,77511,0.9244267750032052,0.013502715941285715,5.0,0.16666666666666666
2221,77534,0.9244043500032062,0.007568905668449588,5.0,0.1
2222,77557,0.9243819250032071,0.004429756976605859,5.0,0.1
2223,77578,0.924361450003208,0.004736833485367242,5.0,0.1
2224,77601,0.924339025003209,0.004316835453209933,5.0,0.1
2225,77717,0.9242259250032138,0.03043365575649659,5.0,0.16666666666666666
2226,77815,0.9241303750032178,0.03861948305711849,5.0,0.23333333333333334
2227,77838,0.9241079500032188,0.0044616078666877,5.0,0.23333333333333334
2228,77909,0.9240387250032217,0.016551777043787297,5.0,0.26666666666666666
2229,77930,0.9240182500032226,0.004212078762066085,5.0,0.26666666666666666
2230,77953,0.9239958250032235,0.018160823394282488,5.0,0.26666666666666666
2231,77976,0.9239734000032245,0.0068888722962583415,5.0,0.23333333333333334
2232,77999,0.9239509750032254,0.00905506432900438,5.0,0.23333333333333334
2233,78022,0.9239285500032264,0.004985948689864017,5.0,0.23333333333333334
2234,78071,0.9238807750032284,0.018925018994195852,5.0,0.26666666666666666
2235,78143,0.9238105750032314,0.023709504934231518,5.0,0.3
2236,78166,0.9237881500032323,0.006633267177676316,5.0,0.3
2237,78187,0.9237676750032332,0.007726699855993502,5.0,0.26666666666666666
2238,78310,0.9236477500032383,0.03146326093337848,5.0,0.3333333333333333
2239,78331,0.9236272750032392,0.0037417139319586568,5.0,0.3333333333333333
2240,78354,0.9236048500032401,0.004385699783597374,5.0,0.3333333333333333
2241,78423,0.923537575003243,0.014708218037412735,5.0,0.36666666666666664
2242,78446,0.9235151500032439,0.005104633710288908,5.0,0.36666666666666664
2243,78518,0.9234449500032469,0.016291633330183686,5.0,0.4
2244,78541,0.9234225250032478,0.007507868256652728,5.0,0.4
2245,78564,0.9234001000032488,0.004223186057060957,5.0,0.4
2246,78587,0.9233776750032497,0.005200672490900615,5.0,0.4
2247,78610,0.9233552500032507,0.00416513392701745,5.0,0.4
2248,78633,0.9233328250032516,0.004864752241701353,5.0,0.4
2249,78656,0.9233104000032526,0.004932405041472521,5.0,0.4
2250,78679,0.9232879750032535,0.0036324314423836768,5.0,0.36666666666666664
2251,78702,0.9232655500032545,0.00964924119762145,5.0,0.36666666666666664
2252,78725,0.9232431250032554,0.004993484064470977,5.0,0.36666666666666664
2253,78748,0.9232207000032564,0.01222850606427528,5.0,0.36666666666666664
2254,78769,0.9232002250032573,0.004090225182153517,5.0,0.36666666666666664
2255,78792,0.9231778000032582,0.005731242727051722,5.0,0.3
2256,78815,0.9231553750032592,0.011398036587706883,5.0,0.23333333333333334
2257,78838,0.9231329500032601,0.008076677921053488,5.0,0.23333333333333334
2258,78859,0.923112475003261,0.004933207525027683,5.0,0.2
2259,78880,0.9230920000032619,0.007981746894074604,5.0,0.2
2260,78903,0.9230695750032628,0.005173828711122042,5.0,0.2
2261,78926,0.9230471500032638,0.004042910019052215,5.0,0.2
2262,78998,0.9229769500032667,0.013760649198957253,5.0,0.23333333333333334
2263,79066,0.9229106500032696,0.016098633934234385,5.0,0.26666666666666666
2264,79087,0.9228901750032704,0.009519992581772385,5.0,0.23333333333333334
2265,79110,0.9228677500032714,0.003591630211303709,5.0,0.2
2266,79133,0.9228453250032723,0.013164836138457758,5.0,0.2
2267,79184,0.9227956000032744,0.009994265310524497,5.0,0.23333333333333334
2268,79253,0.9227283250032773,0.017126295246271184,5.0,0.2
2269,79276,0.9227059000032782,0.006961774703086121,5.0,0.2
2270,79297,0.9226854250032791,0.007160661858506501,5.0,0.2
2271,79320,0.92266300000328,0.006214553715835791,5.0,0.16666666666666666
2272,79343,0.922640575003281,0.003910241388439317,5.0,0.16666666666666666
2273,79366,0.922618150003282,0.004303912359318929,5.0,0.13333333333333333
2274,79433,0.9225528250032847,0.012337037318502553,5.0,0.16666666666666666
2275,79456,0.9225304000032857,0.0038238241322687827,5.0,0.16666666666666666
2276,79479,0.9225079750032866,0.0035003466764464974,5.0,0.16666666666666666
2277,79502,0.9224855500032876,0.004805835771549027,5.0,0.16666666666666666
2278,79525,0.9224631250032885,0.003721989953191951,5.0,0.16666666666666666
2279,79577,0.9224124250032907,0.009833624624661752,5.0,0.2
2280,79600,0.9223900000032916,0.003223415840693633,5.0,0.2
2281,79623,0.9223675750032926,0.005431155972473789,5.0,0.2
2282,79646,0.9223451500032935,0.0033865120094560552,5.0,0.2
2283,79766,0.9222281500032985,0.03394555101840524,5.0,0.26666666666666666
2284,79789,0.9222057250032994,0.009928602503350703,5.0,0.26666666666666666
2285,79812,0.9221833000033004,0.005258784502075287,5.0,0.26666666666666666
2286,79835,0.9221608750033014,0.00514037799439393,5.0,0.26666666666666666
2287,79856,0.9221404000033022,0.004298917216146947,5.0,0.26666666666666666
2288,79879,0.9221179750033032,0.0028986028337385505,5.0,0.26666666666666666
2289,79902,0.9220955500033041,0.00786366553438711,5.0,0.26666666666666666
2290,79925,0.9220731250033051,0.004185277048236458,5.0,0.26666666666666666
2291,79948,0.922050700003306,0.004773860033310484,5.0,0.26666666666666666
2292,79971,0.922028275003307,0.004470189938729163,5.0,0.23333333333333334
2293,79994,0.9220058500033079,0.0035883779419236816,5.0,0.2
2294,80017,0.9219834250033089,0.05544825780089013,5.0,0.2
2295,80040,0.9219610000033098,0.05360892496537417,5.0,0.2
2296,80063,0.9219385750033108,0.03350304416380823,5.0,0.2
2297,80112,0.9218908000033128,0.05806120202760212,5.0,0.2
2298,80183,0.9218215750033157,0.09696131880627945,5.0,0.2
2299,80206,0.9217991500033167,0.042293922568205744,5.0,0.2
2300,80227,0.9217786750033176,0.018774955635308288,5.0,0.2
2301,80250,0.9217562500033185,0.02315745897067245,5.0,0.2
2302,80273,0.9217338250033195,0.020836126874201,5.0,0.2
2303,80294,0.9217133500033203,0.023098619771189988,5.0,0.2
2304,80315,0.9216928750033212,0.01384228840470314,5.0,0.16666666666666666
2305,80338,0.9216704500033222,0.01320865863817744,5.0,0.16666666666666666
2306,80361,0.9216480250033231,0.01972067536553368,5.0,0.16666666666666666
2307,80382,0.921627550003324,0.017502960981801152,5.0,0.16666666666666666
2308,80403,0.9216070750033248,0.013338365715753753,5.0,0.16666666666666666
2309,80426,0.9215846500033258,0.025906312297593104,5.0,0.13333333333333333
2310,80522,0.9214910500033298,0.0918915455295064,5.0,0.2
2311,80545,0.9214686250033307,0.014727000991115347,5.0,0.2
2312,80708,0.9213097000033375,0.12208030344118015,5.0,0.3
2313,80731,0.9212872750033384,0.011178461027157027,5.0,0.23333333333333334
2314,80754,0.9212648500033394,0.03194408881245181,5.0,0.23333333333333334
2315,80777,0.9212424250033403,0.01454837221535854,5.0,0.23333333333333334
2316,80800,0.9212200000033413,0.011202061577932909,5.0,0.23333333333333334
2317,80823,0.9211975750033422,0.013000662802369334,5.0,0.23333333333333334
2318,80894,0.9211283500033451,0.03484631788160186,5.0,0.26666666666666666
2319,80944,0.9210796000033472,0.029944011661427794,5.0,0.3
2320,80967,0.9210571750033482,0.015177596171270125,5.0,0.3
2321,80990,0.9210347500033491,0.012916356827190612,5.0,0.3
2322,81013,0.9210123250033501,0.008172582005499862,5.0,0.3
2323,81036,0.920989900003351,0.017247632807993796,5.0,0.3
2324,81059,0.920967475003352,0.011980338291323278,5.0,0.3
2325,81082,0.9209450500033529,0.013076637085760012,5.0,0.3
2326,81105,0.9209226250033539,0.007908157524070702,5.0,0.3
2327,81126,0.9209021500033547,0.007150321514927782,5.0,0.26666666666666666
2328,81149,0.9208797250033557,0.008637749546323903,5.0,0.23333333333333334
2329,81172,0.9208573000033566,0.01084710633585928,5.0,0.23333333333333334
2330,81193,0.9208368250033575,0.0047601273690816015,5.0,0.23333333333333334
2331,81216,0.9208144000033585,0.012702292158792261,5.0,0.23333333333333334
2332,81239,0.9207919750033594,0.008694421823747689,5.0,0.23333333333333334
2333,81337,0.9206964250033635,0.04657378445699578,5.0,0.3
2334,81507,0.9205306750033705,0.05821516447758768,5.0,0.4
2335,81530,0.9205082500033714,0.018888233847974334,5.0,0.4
2336,81553,0.9204858250033724,0.009391060139023466,5.0,0.4
2337,81604,0.9204361000033745,0.03513450102036586,5.0,0.43333333333333335
2338,81627,0.9204136750033755,0.020729078765725717,5.0,0.43333333333333335
2339,81745,0.9202986250033803,0.05574635366428993,5.0,0.5
2340,81768,0.9202762000033813,0.020559980133839417,5.0,0.43333333333333335
2341,81791,0.9202537750033822,0.01239827369863633,5.0,0.43333333333333335
2342,81814,0.9202313500033832,0.010666538088116795,5.0,0.3333333333333333
2343,81835,0.920210875003384,0.010463813494425267,5.0,0.3333333333333333
2344,81858,0.920188450003385,0.009921922472130973,5.0,0.3333333333333333
2345,81881,0.920166025003386,0.01044446685409639,5.0,0.3333333333333333
2346,81904,0.9201436000033869,0.01113826396613149,5.0,0.3333333333333333
2347,82070,0.9199817500033938,0.10082129259171779,5.0,0.43333333333333335
2348,82093,0.9199593250033947,0.008037626728764735,5.0,0.4
2349,82116,0.9199369000033957,0.010979744489304721,5.0,0.36666666666666664
2350,82137,0.9199164250033965,0.01087402566918172,5.0,0.36666666666666664
2351,82160,0.9198940000033975,0.017701853765174747,5.0,0.36666666666666664
2352,82183,0.9198715750033984,0.01608801490147016,5.0,0.36666666666666664
2353,82204,0.9198511000033993,0.019343487212609034,5.0,0.36666666666666664
2354,82227,0.9198286750034003,0.01085824620531639,5.0,0.36666666666666664
2355,82248,0.9198082000034011,0.006842811086244183,5.0,0.36666666666666664
2356,82271,0.9197857750034021,0.007261970291438047,5.0,0.36666666666666664
2357,82294,0.919763350003403,0.008083442640781868,5.0,0.36666666666666664
2358,82428,0.9196327000034086,0.08274267662272905,5.0,0.4666666666666667
2359,82449,0.9196122250034094,0.017933175004145596,5.0,0.4666666666666667
2360,82470,0.9195917500034103,0.007773430894303601,5.0,0.4666666666666667
2361,82493,0.9195693250034113,0.014578151793102734,5.0,0.4666666666666667
2362,82516,0.9195469000034122,0.007509542439947836,5.0,0.4666666666666667
2363,82539,0.9195244750034132,0.021086959161038976,5.0,0.4
2364,82608,0.919457200003416,0.023572104011691408,5.0,0.3333333333333333
2365,82629,0.9194367250034169,0.007075310619256925,5.0,0.3333333333333333
2366,82652,0.9194143000034178,0.007582617523439694,5.0,0.3333333333333333
2367,82673,0.9193938250034187,0.009275040651118616,5.0,0.3
2368,82724,0.9193441000034208,0.016447000947664492,5.0,0.3333333333333333
2369,82745,0.9193236250034217,0.014994339471741114,5.0,0.26666666666666666
2370,82768,0.9193012000034226,0.011020000660209917,5.0,0.26666666666666666
2371,82791,0.9192787750034236,0.006225515353435185,5.0,0.26666666666666666
2372,82909,0.9191637250034285,0.06538605567402556,5.0,0.3333333333333333
2373,82932,0.9191413000034294,0.004894760342722293,5.0,0.3333333333333333
2374,82955,0.9191188750034304,0.010235929159534862,5.0,0.3333333333333333
2375,82978,0.9190964500034313,0.012367129835183732,5.0,0.3333333333333333
2376,83001,0.9190740250034323,0.019072086055530235,5.0,0.3333333333333333
2377,83022,0.9190535500034331,0.007492861470382195,5.0,0.23333333333333334
2378,83045,0.9190311250034341,0.005900042429857422,5.0,0.23333333333333334
2379,83066,0.919010650003435,0.036349569007143145,5.0,0.23333333333333334
2380,83089,0.9189882250034359,0.010451448571984656,5.0,0.23333333333333334
2381,83112,0.9189658000034369,0.01856255921666161,5.0,0.23333333333333334
2382,83133,0.9189453250034377,0.015539257230557268,5.0,0.23333333333333334
2383,83156,0.9189229000034387,0.016722412859962787,5.0,0.23333333333333334
2384,83179,0.9189004750034396,0.019072259958193172,5.0,0.23333333333333334
2385,83202,0.9188780500034406,0.017995212430832908,5.0,0.23333333333333334
2386,83225,0.9188556250034415,0.009667835824075155,5.0,0.23333333333333334
2387,83248,0.9188332000034425,0.006941019688383676,5.0,0.23333333333333334
2388,83346,0.9187376500034465,0.04332413082011044,5.0,0.2
2389,83417,0.9186684250034495,0.046758144701016136,5.0,0.23333333333333334
2390,83440,0.9186460000034504,0.011182801230461337,5.0,0.23333333333333334
2391,83463,0.9186235750034514,0.019262563684605993,5.0,0.23333333333333334
2392,83484,0.9186031000034522,0.005913025022891816,5.0,0.23333333333333334
2393,83505,0.9185826250034531,0.004068238187755924,5.0,0.23333333333333334
2394,83528,0.9185602000034541,0.005505070494109532,5.0,0.2
2395,83551,0.918537775003455,0.0057639225633465685,5.0,0.2
2396,83574,0.918515350003456,0.008385122248000698,5.0,0.2
2397,83597,0.9184929250034569,0.01136607673834078,5.0,0.2
2398,83620,0.9184705000034579,0.009691877596196719,5.0,0.16666666666666666
2399,83643,0.9184480750034588,0.015506395931879524,5.0,0.16666666666666666
2400,83666,0.9184256500034598,0.00820045680302428,5.0,0.16666666666666666
2401,83689,0.9184032250034607,0.005911130923777819,5.0,0.16666666666666666
2402,83712,0.9183808000034617,0.005487483023898676,5.0,0.1
2403,83735,0.9183583750034626,0.010846447308722418,5.0,0.1
2404,83758,0.9183359500034636,0.008321206412801985,5.0,0.1
2405,83779,0.9183154750034644,0.005122575530549511,5.0,0.1
2406,83830,0.9182657500034666,0.013769000564934686,5.0,0.13333333333333333
2407,83880,0.9182170000034686,0.02066190278492286,5.0,0.16666666666666666
2408,83903,0.9181945750034696,0.011898391341674142,5.0,0.16666666666666666
2409,83971,0.9181282750034724,0.03441851546813268,5.0,0.2
2410,83994,0.9181058500034733,0.04644859338441165,5.0,0.2
2411,84017,0.9180834250034743,0.00813243436277844,5.0,0.2
2412,84040,0.9180610000034752,0.009357044102216605,5.0,0.2
2413,84063,0.9180385750034762,0.011432440216594841,5.0,0.2
2414,84181,0.9179235250034811,0.045403011710732244,5.0,0.26666666666666666
2415,84204,0.917901100003482,0.006523994637973374,5.0,0.26666666666666666
2416,84227,0.917878675003483,0.006079542807128746,5.0,0.26666666666666666
2417,84250,0.9178562500034839,0.004989884735550731,5.0,0.26666666666666666
2418,84273,0.9178338250034849,0.007228226280858507,5.0,0.2
2419,84296,0.9178114000034858,0.006420405858079903,5.0,0.16666666666666666
2420,84319,0.9177889750034868,0.006483217672212049,5.0,0.16666666666666666
2421,84342,0.9177665500034877,0.006602184213988949,5.0,0.16666666666666666
2422,84393,0.9177168250034898,0.011510271146107698,5.0,0.2
2423,84416,0.9176944000034908,0.004829929963307222,5.0,0.2
2424,84437,0.9176739250034917,0.006668200188869378,5.0,0.2
2425,84505,0.9176076250034945,0.02443648191911052,5.0,0.23333333333333334
2426,84528,0.9175852000034954,0.006495387864561053,5.0,0.23333333333333334
2427,84551,0.9175627750034964,0.004678452431107871,5.0,0.23333333333333334
2428,84574,0.9175403500034973,0.004148524760239525,5.0,0.23333333333333334
2429,84597,0.9175179250034983,0.012716336503217462,5.0,0.23333333333333334
2430,84620,0.9174955000034992,0.007011745354247978,5.0,0.23333333333333334
2431,84692,0.9174253000035022,0.021872315046493895,5.0,0.26666666666666666
2432,84715,0.9174028750035031,0.004552226891973987,5.0,0.26666666666666666
2433,84766,0.9173531500035053,0.01962298183934763,5.0,0.3
2434,84787,0.9173326750035061,0.004686826403485611,5.0,0.3
2435,84810,0.9173102500035071,0.011703999967721757,5.0,0.3
2436,84861,0.9172605250035092,0.018265799091750523,5.0,0.3
2437,84884,0.9172381000035101,0.00650775478061405,5.0,0.26666666666666666
2438,84907,0.9172156750035111,0.004938075282552745,5.0,0.26666666666666666
2439,84928,0.917195200003512,0.005585812097706366,5.0,0.23333333333333334
2440,84951,0.9171727750035129,0.009736307511047926,5.0,0.23333333333333334
2441,84974,0.9171503500035139,0.008411667033215053,5.0,0.23333333333333334
2442,84997,0.9171279250035148,0.010294735737261362,5.0,0.23333333333333334
2443,85018,0.9171074500035157,0.06894131372973789,5.0,0.23333333333333334
2444,85069,0.9170577250035178,0.1410855265276041,5.0,0.2
2445,85090,0.9170372500035187,0.029226529994048178,5.0,0.2
2446,85162,0.9169670500035216,0.14917870664794464,5.0,0.23333333333333334
2447,85185,0.9169446250035226,0.04293534824682865,5.0,0.23333333333333334
2448,85208,0.9169222000035235,0.04601762980746571,5.0,0.23333333333333334
2449,85259,0.9168724750035256,0.049013944779289886,5.0,0.26666666666666666
2450,85280,0.9168520000035265,0.02502113746595569,5.0,0.26666666666666666
2451,85303,0.9168295750035275,0.03085343338898383,5.0,0.26666666666666666
2452,85326,0.9168071500035284,0.02117633237503469,5.0,0.23333333333333334
2453,85349,0.9167847250035294,0.018572757428046316,5.0,0.23333333333333334
2454,85416,0.9167194000035321,0.07284360862104222,5.0,0.26666666666666666
2455,85439,0.9166969750035331,0.02602643305726815,5.0,0.23333333333333334
2456,85462,0.916674550003534,0.01657224490190856,5.0,0.23333333333333334
2457,85578,0.9165614500035388,0.09165691730595427,5.0,0.3
2458,85601,0.9165390250035398,0.017615537261008285,5.0,0.3
2459,85622,0.9165185500035407,0.02227894711541012,5.0,0.3
2460,85645,0.9164961250035416,0.023242044175276533,5.0,0.3
2461,85668,0.9164737000035426,0.028937628332641907,5.0,0.26666666666666666
2462,85691,0.9164512750035435,0.025404843647265807,5.0,0.26666666666666666
2463,85714,0.9164288500035445,0.016373007441870868,5.0,0.23333333333333334
2464,85735,0.9164083750035453,0.01658896717708558,5.0,0.23333333333333334
2465,85758,0.9163859500035463,0.016140585743414704,5.0,0.23333333333333334
2466,85781,0.9163635250035472,0.01014665612456156,5.0,0.2
2467,85802,0.9163430500035481,0.008450305038422812,5.0,0.2
2468,85900,0.9162475000035522,0.06083324433711823,5.0,0.26666666666666666
2469,85971,0.9161782750035551,0.045800985280948225,5.0,0.3
2470,85994,0.916155850003556,0.012762964077410288,5.0,0.3
2471,86045,0.9161061250035581,0.02900355405290611,5.0,0.3333333333333333
2472,86098,0.9160544500035603,0.02551757328910753,5.0,0.36666666666666664
2473,86119,0.9160339750035612,0.010120897575689014,5.0,0.36666666666666664
2474,86142,0.9160115500035622,0.011265207314863801,5.0,0.3333333333333333
2475,86211,0.915944275003565,0.034812715734005906,5.0,0.36666666666666664
2476,86283,0.915874075003568,0.03093272449041251,5.0,0.36666666666666664
2477,86306,0.9158516500035689,0.009765289731149096,5.0,0.36666666666666664
2478,86329,0.9158292250035699,0.009946412355930079,5.0,0.36666666666666664
2479,86352,0.9158068000035708,0.016128858900628984,5.0,0.3333333333333333
2480,86375,0.9157843750035718,0.010826896759681404,5.0,0.3333333333333333
2481,86398,0.9157619500035727,0.01058033842855366,5.0,0.3333333333333333
2482,86419,0.9157414750035736,0.015080431221576873,5.0,0.3333333333333333
2483,86442,0.9157190500035746,0.008458283642539755,5.0,0.3333333333333333
2484,86465,0.9156966250035755,0.015947430169035215,5.0,0.3
2485,86488,0.9156742000035765,0.013101608565193601,5.0,0.3
2486,86511,0.9156517750035774,0.009926626909873448,5.0,0.3
2487,86532,0.9156313000035783,0.008700878930540057,5.0,0.23333333333333334
2488,86555,0.9156088750035792,0.007552546405349858,5.0,0.23333333333333334
2489,86578,0.9155864500035802,0.008544813950720709,5.0,0.23333333333333334
2490,86601,0.9155640250035811,0.010809821847942658,5.0,0.23333333333333334
2491,86624,0.9155416000035821,0.0064740942980279215,5.0,0.23333333333333334
2492,86647,0.915519175003583,0.012975400291907135,5.0,0.23333333333333334
2493,86714,0.9154538500035858,0.02803038730053231,5.0,0.26666666666666666
2494,86737,0.9154314250035868,0.006416092139261309,5.0,0.26666666666666666
2495,86760,0.9154090000035877,0.008107717614620924,5.0,0.26666666666666666
2496,86811,0.9153592750035898,0.014815775808528997,5.0,0.3
2497,86834,0.9153368500035908,0.00597778646988445,5.0,0.3
2498,86857,0.9153144250035917,0.007547750457888469,5.0,0.23333333333333334
2499,86878,0.9152939500035926,0.008708096582267899,5.0,0.2
2500,86901,0.9152715250035935,0.007006285231909715,5.0,0.2
2501,86924,0.9152491000035945,0.009725911280838773,5.0,0.16666666666666666
2502,86947,0.9152266750035954,0.011825760615465697,5.0,0.13333333333333333
2503,86970,0.9152042500035964,0.010335436032619327,5.0,0.13333333333333333
2504,86993,0.9151818250035973,0.005999680877721403,5.0,0.13333333333333333
2505,87014,0.9151613500035982,0.0058933917607646435,5.0,0.1
2506,87037,0.9151389250035992,0.0060139675115351565,5.0,0.06666666666666667
2507,87058,0.9151184500036,0.007292163485544734,5.0,0.06666666666666667
2508,87081,0.915096025003601,0.007941115349240135,5.0,0.06666666666666667
2509,87104,0.9150736000036019,0.006370276805682806,5.0,0.06666666666666667
2510,87221,0.9149595250036068,0.03155698749833391,5.0,0.13333333333333333
2511,87244,0.9149371000036077,0.0073183667336707,5.0,0.13333333333333333
2512,87265,0.9149166250036086,0.006454115762608126,5.0,0.13333333333333333
2513,87288,0.9148942000036095,0.006346023561491165,5.0,0.13333333333333333
2514,87311,0.9148717750036105,0.007022196805337444,5.0,0.13333333333333333
2515,87332,0.9148513000036114,0.008051294993492775,5.0,0.13333333333333333
2516,87355,0.9148288750036123,0.005630603216559393,5.0,0.13333333333333333
2517,87378,0.9148064500036133,0.005937063091550954,5.0,0.13333333333333333
2518,87401,0.9147840250036142,0.009378129310789518,5.0,0.13333333333333333
2519,87424,0.9147616000036152,0.0075353327265474945,5.0,0.13333333333333333
2520,87447,0.9147391750036161,0.005749555512011284,5.0,0.13333333333333333
2521,87470,0.9147167500036171,0.006130796369689051,5.0,0.13333333333333333
2522,87493,0.914694325003618,0.005434202139440458,5.0,0.13333333333333333
2523,87516,0.914671900003619,0.004950941714923829,5.0,0.1
2524,87539,0.9146494750036199,0.004758482162287692,5.0,0.1
2525,87562,0.9146270500036209,0.004160186181252357,5.0,0.1
2526,87585,0.9146046250036218,0.007573653812869452,5.0,0.06666666666666667
2527,87608,0.9145822000036228,0.004958734520187136,5.0,0.06666666666666667
2528,87631,0.9145597750036237,0.006261466463911347,5.0,0.06666666666666667
2529,87654,0.9145373500036247,0.00648353639189736,5.0,0.06666666666666667
2530,87677,0.9145149250036256,0.005307315070240293,5.0,0.06666666666666667
2531,87728,0.9144652000036277,0.011701720686687622,5.0,0.1
2532,87749,0.9144447250036286,0.005693038372555748,5.0,0.1
2533,87772,0.9144223000036296,0.004640694809495471,5.0,0.1
2534,87795,0.9143998750036305,0.004463593591935933,5.0,0.1
2535,87891,0.9143062750036345,0.02440835802917718,5.0,0.16666666666666666
2536,87914,0.9142838500036354,0.006966684362851083,5.0,0.16666666666666666
2537,87935,0.9142633750036363,0.004531288206635509,5.0,0.16666666666666666
2538,87958,0.9142409500036373,0.004219878515868913,5.0,0.16666666666666666
2539,87981,0.9142185250036382,0.004652329706004821,5.0,0.16666666666666666
2540,88004,0.9141961000036392,0.004135181279707467,5.0,0.1
2541,88027,0.9141736750036401,0.003813459501543548,5.0,0.1
2542,88050,0.9141512500036411,0.005221060186158866,5.0,0.1
2543,88122,0.914081050003644,0.013058315718808444,5.0,0.13333333333333333
2544,88145,0.914058625003645,0.00495993818185525,5.0,0.13333333333333333
2545,88168,0.9140362000036459,0.0039797653298592195,5.0,0.13333333333333333
2546,88266,0.91394065000365,0.016588665936069447,5.0,0.2
2547,88289,0.9139182250036509,0.003954807827540208,5.0,0.2
2548,88360,0.9138490000036539,0.011205273513041902,5.0,0.23333333333333334
2549,88383,0.9138265750036548,0.00535548845800804,5.0,0.23333333333333334
2550,88406,0.9138041500036558,0.004017498838948086,5.0,0.23333333333333334
2551,88429,0.9137817250036567,0.0043252036703052,5.0,0.23333333333333334
2552,88450,0.9137612500036576,0.003295083086413797,5.0,0.23333333333333334
2553,88473,0.9137388250036586,0.004461439806618728,5.0,0.23333333333333334
2554,88496,0.9137164000036595,0.004228713980410248,5.0,0.23333333333333334
2555,88519,0.9136939750036605,0.0032731985120335594,5.0,0.23333333333333334
2556,88542,0.9136715500036614,0.00569692688077339,5.0,0.23333333333333334
2557,88563,0.9136510750036623,0.004832856171560707,5.0,0.23333333333333334
2558,88584,0.9136306000036631,0.0027733814567909576,5.0,0.23333333333333334
2559,88607,0.9136081750036641,0.005440269553218968,5.0,0.23333333333333334
2560,88630,0.913585750003665,0.0032262752974929754,5.0,0.23333333333333334
2561,88653,0.913563325003666,0.004419909688294865,5.0,0.2
2562,88676,0.913540900003667,0.0036517572007142007,5.0,0.2
2563,88699,0.9135184750036679,0.0042950811111950316,5.0,0.2
2564,88720,0.9134980000036688,0.0027629505675577093,5.0,0.2
2565,88741,0.9134775250036696,0.002890446201490704,5.0,0.13333333333333333
2566,88764,0.9134551000036706,0.0038309316405502614,5.0,0.13333333333333333
2567,88864,0.9133576000036747,0.025733489226695383,5.0,0.2
2568,88982,0.9132425500036796,0.034075361843861174,5.0,0.26666666666666666
2569,89003,0.9132220750036805,0.004661447310354561,5.0,0.26666666666666666
2570,89026,0.9131996500036814,0.005629274604871171,5.0,0.26666666666666666
2571,89049,0.9131772250036824,0.005639379276544787,5.0,0.26666666666666666
2572,89072,0.9131548000036833,0.0037071539263706654,5.0,0.26666666666666666
2573,89095,0.9131323750036843,0.004995778483134927,5.0,0.23333333333333334
2574,89191,0.9130387750036882,0.026794379205966834,5.0,0.3
2575,89341,0.9128925250036944,0.03602973902889062,5.0,0.4
2576,89364,0.9128701000036954,0.004879435298789758,5.0,0.3333333333333333
2577,89483,0.9127540750037003,0.06753760531137232,5.0,0.4
2578,89506,0.9127316500037013,0.008046880382607924,5.0,0.36666666666666664
2579,89527,0.9127111750037021,0.004835488998651272,5.0,0.36666666666666664
2580,89548,0.912690700003703,0.003842596652248176,5.0,0.36666666666666664
2581,89571,0.912668275003704,0.006267725613724906,5.0,0.36666666666666664
2582,89592,0.9126478000037048,0.004280879431462381,5.0,0.36666666666666664
2583,89615,0.9126253750037058,0.0038400121993618086,5.0,0.36666666666666664
2584,89636,0.9126049000037066,0.004686816904722946,5.0,0.36666666666666664
2585,89659,0.9125824750037076,0.012292522464122158,5.0,0.36666666666666664
2586,89682,0.9125600500037085,0.009007017128169537,5.0,0.36666666666666664
2587,89705,0.9125376250037095,0.013292146657477133,5.0,0.36666666666666664
2588,89728,0.9125152000037104,0.006459817530412693,5.0,0.36666666666666664
2589,89800,0.9124450000037134,0.045894475682871416,5.0,0.4
2590,89868,0.9123787000037162,0.016118064006150234,5.0,0.43333333333333335
2591,89891,0.9123562750037172,0.005538172266824404,5.0,0.43333333333333335
2592,89962,0.9122870500037201,0.02153271178394789,5.0,0.4666666666666667
2593,89985,0.9122646250037211,0.010881499969400465,5.0,0.4666666666666667
2594,90006,0.9122441500037219,0.0228103490153444,5.0,0.4666666666666667
2595,90079,0.912172975003725,0.2081825448112795,5.0,0.5
2596,90102,0.9121505500037259,0.035785036510787904,5.0,0.5
2597,90125,0.9121281250037269,0.04205088294111192,5.0,0.43333333333333335
2598,90194,0.9120608500037297,0.12769723232486285,5.0,0.4
2599,90217,0.9120384250037307,0.053969079002854414,5.0,0.4
2600,90291,0.9119662750037337,0.10065703162399586,5.0,0.43333333333333335
2601,90342,0.9119165500037358,0.06631298505089944,5.0,0.4666666666666667
2602,90365,0.9118941250037368,0.024510963121429086,5.0,0.4666666666666667
2603,90386,0.9118736500037377,0.019364191219210625,5.0,0.4666666666666667
2604,90409,0.9118512250037386,0.023269313795026392,5.0,0.4
2605,90432,0.9118288000037396,0.024863405960786622,5.0,0.3
2606,90455,0.9118063750037405,0.022337455360684544,5.0,0.3
2607,90553,0.9117108250037446,0.10719809315196471,5.0,0.3
2608,90624,0.9116416000037475,0.06933362540439703,5.0,0.3333333333333333
2609,90647,0.9116191750037484,0.02108549207332544,5.0,0.3333333333333333
2610,90668,0.9115987000037493,0.02937403843679931,5.0,0.3333333333333333
2611,90691,0.9115762750037503,0.014341236092150211,5.0,0.3333333333333333
2612,90712,0.9115558000037511,0.020258681193809025,5.0,0.3333333333333333
2613,90735,0.9115333750037521,0.024863287835614756,5.0,0.3333333333333333
2614,90758,0.911510950003753,0.014021995855728164,5.0,0.3333333333333333
2615,90807,0.9114631750037551,0.03389918506582035,5.0,0.36666666666666664
2616,90876,0.9113959000037579,0.04390935757692205,5.0,0.4
2617,90899,0.9113734750037589,0.012856881476182025,5.0,0.4
2618,90922,0.9113510500037598,0.023623828594281804,5.0,0.4
2619,90945,0.9113286250037608,0.013813141878927127,5.0,0.36666666666666664
2620,90966,0.9113081500037616,0.01361385743075516,5.0,0.3333333333333333
2621,90989,0.9112857250037626,0.02137769317778293,5.0,0.3333333333333333
2622,91010,0.9112652500037635,0.011726259435818065,5.0,0.3
2623,91061,0.9112155250037656,0.04737054334691493,5.0,0.3333333333333333
2624,91084,0.9111931000037665,0.014340255867864471,5.0,0.3333333333333333
2625,91151,0.9111277750037693,0.05255201688123634,5.0,0.3333333333333333
2626,91174,0.9111053500037702,0.011825348192360252,5.0,0.3333333333333333
2627,91197,0.9110829250037712,0.023834348758100532,5.0,0.3333333333333333
2628,91349,0.9109347250037775,0.09036999516683863,5.0,0.4
2629,91372,0.9109123000037784,0.03059813794970978,5.0,0.4
2630,91395,0.9108898750037794,0.030567971800337546,5.0,0.36666666666666664
2631,91418,0.9108674500037803,0.022520450700540096,5.0,0.3333333333333333
2632,91441,0.9108450250037813,0.013702685355383437,5.0,0.3333333333333333
2633,91464,0.9108226000037822,0.015252967808919493,5.0,0.3333333333333333
2634,91487,0.9108001750037832,0.020358220383059233,5.0,0.3333333333333333
2635,91510,0.9107777500037841,0.015306952540413477,5.0,0.3333333333333333
2636,91533,0.9107553250037851,0.011224164569284767,5.0,0.3333333333333333
2637,91556,0.910732900003786,0.015147615762543865,5.0,0.26666666666666666
2638,91579,0.910710475003787,0.017499436857178807,5.0,0.23333333333333334
2639,91602,0.9106880500037879,0.011039692180929706,5.0,0.23333333333333334
2640,91653,0.91063832500379,0.045300058685825206,5.0,0.26666666666666666
2641,91676,0.910615900003791,0.013624486215121578,5.0,0.26666666666666666
2642,91699,0.910593475003792,0.011111293119029142,5.0,0.26666666666666666
2643,91722,0.9105710500037929,0.007788455346599221,5.0,0.26666666666666666
2644,91793,0.9105018250037958,0.037493546718906146,5.0,0.3
2645,91816,0.9104794000037968,0.023091639966878574,5.0,0.26666666666666666
2646,91839,0.9104569750037977,0.027445964515209198,5.0,0.23333333333333334
2647,91862,0.9104345500037987,0.012072930941940285,5.0,0.23333333333333334
2648,91885,0.9104121250037996,0.007198671068181284,5.0,0.23333333333333334
2649,91908,0.9103897000038006,0.02578380180784734,5.0,0.23333333333333334
2650,91929,0.9103692250038015,0.014188320819812361,5.0,0.23333333333333334
2651,91952,0.9103468000038024,0.014684120687888935,5.0,0.23333333333333334
2652,91975,0.9103243750038034,0.00998226655065082,5.0,0.23333333333333334
2653,91998,0.9103019500038043,0.011708759069733787,5.0,0.2
2654,92019,0.9102814750038052,0.020402533045853488,5.0,0.2
2655,92042,0.9102590500038061,0.008511316831572913,5.0,0.16666666666666666
2656,92065,0.9102366250038071,0.007157680476666428,5.0,0.16666666666666666
2657,92086,0.910216150003808,0.0051579976206994615,5.0,0.16666666666666666
2658,92109,0.9101937250038089,0.02844220782571938,5.0,0.06666666666666667
2659,92132,0.9101713000038099,0.021871557575650513,5.0,0.06666666666666667
2660,92155,0.9101488750038108,0.011995858141744975,5.0,0.06666666666666667
2661,92178,0.9101264500038118,0.008051452467043418,5.0,0.06666666666666667
2662,92247,0.9100591750038146,0.023845824911404634,5.0,0.1
2663,92319,0.9099889750038176,0.041219853272195905,5.0,0.13333333333333333
2664,92342,0.9099665500038185,0.007289878856681753,5.0,0.13333333333333333
2665,92363,0.9099460750038194,0.016484764106280636,5.0,0.13333333333333333
2666,92386,0.9099236500038204,0.011742071466869675,5.0,0.13333333333333333
2667,92409,0.9099012250038213,0.021818702240125276,5.0,0.13333333333333333
2668,92481,0.9098310250038243,0.021821617850946495,5.0,0.16666666666666666
2669,92502,0.9098105500038252,0.006430684959923383,5.0,0.16666666666666666
2670,92525,0.9097881250038261,0.03205080595216714,5.0,0.13333333333333333
2671,92548,0.9097657000038271,0.006048383678717073,5.0,0.13333333333333333
2672,92618,0.90969745000383,0.019764395990932826,5.0,0.16666666666666666
2673,92687,0.9096301750038328,0.028576835931744426,5.0,0.2
2674,92708,0.9096097000038337,0.008247762914834311,5.0,0.16666666666666666
2675,92780,0.9095395000038367,0.04607057643443113,5.0,0.2
2676,92803,0.9095170750038376,0.006624484209169168,5.0,0.2
2677,92826,0.9094946500038386,0.005387996985518839,5.0,0.2
2678,92849,0.9094722250038395,0.0052873020722472575,5.0,0.2
2679,92872,0.9094498000038405,0.006187012309965212,5.0,0.2
2680,92895,0.9094273750038414,0.0066145028176833875,5.0,0.2
2681,92918,0.9094049500038424,0.005874597820366034,5.0,0.2
2682,92941,0.9093825250038433,0.006929689327080268,5.0,0.2
2683,92992,0.9093328000038454,0.015387226929306053,5.0,0.23333333333333334
2684,93015,0.9093103750038464,0.004985170147847384,5.0,0.23333333333333334
2685,93085,0.9092421250038493,0.015390192995255347,5.0,0.26666666666666666
2686,93108,0.9092197000038502,0.007131585247407202,5.0,0.26666666666666666
2687,93131,0.9091972750038512,0.00729187203978654,5.0,0.26666666666666666
2688,93154,0.9091748500038521,0.004369258000224363,5.0,0.26666666666666666
2689,93177,0.9091524250038531,0.011038797994842753,5.0,0.26666666666666666
2690,93200,0.909130000003854,0.020969838384189643,5.0,0.26666666666666666
2691,93223,0.909107575003855,0.00806059949536575,5.0,0.26666666666666666
2692,93246,0.9090851500038559,0.005721079112845473,5.0,0.23333333333333334
2693,93269,0.9090627250038569,0.006008973257848993,5.0,0.2
2694,93320,0.909013000003859,0.026917384238913655,5.0,0.23333333333333334
2695,93341,0.9089925250038599,0.004406318359542638,5.0,0.23333333333333334
2696,93364,0.9089701000038608,0.007442554131557699,5.0,0.23333333333333334
2697,93387,0.9089476750038618,0.0056685549061512575,5.0,0.23333333333333334
2698,93410,0.9089252500038627,0.007817002115189098,5.0,0.2
2699,93433,0.9089028250038637,0.01979673265304882,5.0,0.2
2700,93536,0.9088024000038679,0.029257235411932925,5.0,0.26666666666666666
2701,93559,0.9087799750038689,0.006021887544193305,5.0,0.26666666666666666
2702,93580,0.9087595000038697,0.010486044688150287,5.0,0.23333333333333334
2703,93603,0.9087370750038707,0.005242614293820225,5.0,0.2
2704,93626,0.9087146500038716,0.008770555898081511,5.0,0.2
2705,93649,0.9086922250038726,0.006624226643907605,5.0,0.16666666666666666
2706,93718,0.9086249500038754,0.01911785320044146,5.0,0.2
2707,93768,0.9085762000038775,0.014244453719584271,5.0,0.23333333333333334
2708,93840,0.9085060000038805,0.017980364675167948,5.0,0.26666666666666666
2709,93861,0.9084855250038814,0.005021049582865089,5.0,0.26666666666666666
2710,93932,0.9084163000038843,0.01875975408620434,5.0,0.3
2711,93955,0.9083938750038852,0.005459888951008907,5.0,0.3
2712,93976,0.9083734000038861,0.0039424093811248895,5.0,0.3
2713,93999,0.9083509750038871,0.0070893561278353445,5.0,0.26666666666666666
2714,94022,0.908328550003888,0.008722762526303995,5.0,0.26666666666666666
2715,94045,0.908306125003889,0.017359366684104316,5.0,0.23333333333333334
2716,94096,0.9082564000038911,0.010614691740556736,5.0,0.26666666666666666
2717,94119,0.908233975003892,0.016639882192976074,5.0,0.26666666666666666
2718,94142,0.908211550003893,0.0069601580216840375,5.0,0.26666666666666666
2719,94165,0.9081891250038939,0.00407934031682089,5.0,0.26666666666666666
2720,94188,0.9081667000038949,0.003973660608608043,5.0,0.26666666666666666
2721,94211,0.9081442750038958,0.00305627282068599,5.0,0.26666666666666666
2722,94234,0.9081218500038968,0.014895989384967834,5.0,0.26666666666666666
2723,94257,0.9080994250038977,0.014307819419627776,5.0,0.26666666666666666
2724,94280,0.9080770000038987,0.003858475036395248,5.0,0.23333333333333334
2725,94303,0.9080545750038996,0.004091267837793566,5.0,0.23333333333333334
2726,94373,0.9079863250039025,0.012260240040632198,5.0,0.26666666666666666
2727,94396,0.9079639000039035,0.004147605111938901,5.0,0.26666666666666666
2728,94419,0.9079414750039044,0.006723252154188231,5.0,0.26666666666666666
2729,94442,0.9079190500039054,0.01596542757761199,5.0,0.26666666666666666
2730,94465,0.9078966250039063,0.004186341615422862,5.0,0.2
2731,94488,0.9078742000039073,0.005390997619542759,5.0,0.2
2732,94511,0.9078517750039082,0.005815227792481892,5.0,0.2
2733,94534,0.9078293500039092,0.0037883695331402123,5.0,0.2
2734,94557,0.9078069250039101,0.0038464778517663945,5.0,0.2
2735,94580,0.9077845000039111,0.003975266161432955,5.0,0.2
2736,94650,0.907716250003914,0.014123706521786517,5.0,0.2
2737,94673,0.9076938250039149,0.0036963365964766126,5.0,0.16666666666666666
2738,94773,0.9075963250039191,0.03608708505271352,5.0,0.2
2739,94796,0.90757390000392,0.0038076344717410393,5.0,0.2
2740,94819,0.907551475003921,0.003345072916999925,5.0,0.16666666666666666
2741,94842,0.9075290500039219,0.004441834731551353,5.0,0.16666666666666666
2742,94865,0.9075066250039229,0.004990498648112407,5.0,0.16666666666666666
2743,94888,0.9074842000039238,0.013505234834155999,5.0,0.16666666666666666
2744,95006,0.9073691500039287,0.04572128423387767,5.0,0.23333333333333334
2745,95027,0.9073486750039296,0.03427961756824516,5.0,0.23333333333333334
2746,95050,0.9073262500039305,0.05250748572871089,5.0,0.2
2747,95071,0.9073057750039314,0.044744708662619814,5.0,0.2
2748,95094,0.9072833500039323,0.05739137690397911,5.0,0.2
2749,95117,0.9072609250039333,0.03620424304972403,5.0,0.2
2750,95140,0.9072385000039342,0.033806351901148446,5.0,0.2
2751,95163,0.9072160750039352,0.02661985049780924,5.0,0.2
2752,95186,0.9071936500039361,0.029378639010246843,5.0,0.2
2753,95209,0.9071712250039371,0.02426783430564683,5.0,0.2
2754,95232,0.907148800003938,0.015390927117550746,5.0,0.2
2755,95255,0.907126375003939,0.03670343037811108,5.0,0.2
2756,95278,0.90710395000394,0.03380788654612843,5.0,0.16666666666666666
2757,95301,0.9070815250039409,0.030987727055617142,5.0,0.16666666666666666
2758,95324,0.9070591000039419,0.020631512976251543,5.0,0.16666666666666666
2759,95347,0.9070366750039428,0.01904628602642333,5.0,0.16666666666666666
2760,95370,0.9070142500039438,0.02697420140611939,5.0,0.16666666666666666
2761,95393,0.9069918250039447,0.016270993277430534,5.0,0.16666666666666666
2762,95463,0.9069235750039476,0.05184923361230176,5.0,0.2
2763,95486,0.9069011500039486,0.01731017549172975,5.0,0.2
2764,95509,0.9068787250039495,0.020931488135829568,5.0,0.2
2765,95532,0.9068563000039505,0.019072097609750926,5.0,0.2
2766,95555,0.9068338750039514,0.016479333564348053,5.0,0.16666666666666666
2767,95576,0.9068134000039523,0.017476848763180897,5.0,0.16666666666666666
2768,95644,0.9067471000039551,0.048997989659255836,5.0,0.13333333333333333
2769,95665,0.906726625003956,0.02103642233123537,5.0,0.13333333333333333
2770,95688,0.9067042000039569,0.013585120519564953,5.0,0.13333333333333333
2771,95711,0.9066817750039579,0.012186382642539684,5.0,0.13333333333333333
2772,95734,0.9066593500039588,0.023157742150942795,5.0,0.13333333333333333
2773,95757,0.9066369250039598,0.013306404653121717,5.0,0.13333333333333333
2774,95780,0.9066145000039607,0.012841867086535785,5.0,0.06666666666666667
2775,95803,0.9065920750039617,0.014113840785284992,5.0,0.06666666666666667
2776,95826,0.9065696500039626,0.008702941151568666,5.0,0.06666666666666667
2777,95849,0.9065472250039636,0.01171012305712793,5.0,0.06666666666666667
2778,95872,0.9065248000039645,0.016768417626735754,5.0,0.06666666666666667
2779,95893,0.9065043250039654,0.011940287455217913,5.0,0.06666666666666667
2780,95914,0.9064838500039663,0.014562724565621465,5.0,0.06666666666666667
2781,95937,0.9064614250039672,0.011987665551714599,5.0,0.06666666666666667
2782,95960,0.9064390000039682,0.021242933900794014,5.0,0.06666666666666667
2783,95983,0.9064165750039691,0.019450128555035917,5.0,0.06666666666666667
2784,96006,0.9063941500039701,0.025971672686864622,5.0,0.06666666666666667
2785,96029,0.906371725003971,0.014138844053377397,5.0,0.06666666666666667
2786,96052,0.906349300003972,0.013965125821414404,5.0,0.06666666666666667
2787,96075,0.9063268750039729,0.017610991490073502,5.0,0.06666666666666667
2788,96096,0.9063064000039738,0.009669475752161816,5.0,0.06666666666666667
2789,96119,0.9062839750039747,0.009540678758639842,5.0,0.06666666666666667
2790,96142,0.9062615500039757,0.007187031194916926,5.0,0.06666666666666667
2791,96165,0.9062391250039766,0.009812378768401686,5.0,0.06666666666666667
2792,96186,0.9062186500039775,0.010040308618044946,5.0,0.03333333333333333
2793,96207,0.9061981750039784,0.006695299362036167,5.0,0.03333333333333333
2794,96230,0.9061757500039793,0.02124904566881014,5.0,0.03333333333333333
2795,96253,0.9061533250039803,0.015773321632877924,5.0,0.03333333333333333
2796,96276,0.9061309000039812,0.015667807376303244,5.0,0.03333333333333333
2797,96327,0.9060811750039833,0.021100227029819507,5.0,0.06666666666666667
2798,96350,0.9060587500039843,0.0092110934710945,5.0,0.03333333333333333
2799,96373,0.9060363250039852,0.011811219053925015,5.0,0.03333333333333333
2800,96396,0.9060139000039862,0.015780280147737358,5.0,0.03333333333333333
2801,96419,0.9059914750039871,0.008254548716649879,5.0,0.03333333333333333
2802,96442,0.9059690500039881,0.010584078961983323,5.0,0.03333333333333333
2803,96465,0.905946625003989,0.013109968800563365,5.0,0.03333333333333333
2804,96488,0.90592420000399,0.010897576663410291,5.0,0.03333333333333333
2805,96511,0.9059017750039909,0.010616461720928783,5.0,0.03333333333333333
2806,96534,0.9058793500039919,0.009510111027339008,5.0,0.03333333333333333
2807,96557,0.9058569250039928,0.010559793990978505,5.0,0.03333333333333333
2808,96580,0.9058345000039938,0.00944808572967304,5.0,0.03333333333333333
2809,96603,0.9058120750039947,0.005705457318981644,5.0,0.03333333333333333
2810,96626,0.9057896500039957,0.009399252470757347,5.0,0.03333333333333333
2811,96649,0.9057672250039966,0.01193924203835195,5.0,0.03333333333333333
2812,96672,0.9057448000039976,0.007668411359190941,5.0,0.03333333333333333
2813,96695,0.9057223750039985,0.006977142569667194,5.0,0.03333333333333333
2814,96718,0.9056999500039995,0.007453582489688415,5.0,0.03333333333333333
2815,96741,0.9056775250040004,0.007060913820168935,5.0,0.03333333333333333
2816,96764,0.9056551000040014,0.006539057285408489,5.0,0.03333333333333333
2817,96787,0.9056326750040024,0.006233106680156197,5.0,0.03333333333333333
2818,96810,0.9056102500040033,0.0054250539251370355,5.0,0.03333333333333333
2819,96833,0.9055878250040043,0.0062465324881486595,5.0,0.03333333333333333
2820,96856,0.9055654000040052,0.00915793848253088,5.0,0.03333333333333333
2821,96879,0.9055429750040062,0.006251534083276056,5.0,0.03333333333333333
2822,96930,0.9054932500040083,0.0295039702905342,5.0,0.06666666666666667
2823,96983,0.9054415750040105,0.030310282469145022,5.0,0.1
2824,97037,0.9053889250040127,0.016133172437548637,5.0,0.13333333333333333
2825,97060,0.9053665000040136,0.025178354255331215,5.0,0.13333333333333333
2826,97083,0.9053440750040146,0.011324628845613915,5.0,0.13333333333333333
2827,97106,0.9053216500040155,0.0069373781807371415,5.0,0.1
2828,97129,0.9052992250040165,0.032204456882027443,5.0,0.1
2829,97152,0.9052768000040174,0.02973565208230866,5.0,0.1
2830,97175,0.9052543750040184,0.007538672820373904,5.0,0.1
2831,97198,0.9052319500040193,0.006614476442337036,5.0,0.1
2832,97221,0.9052095250040203,0.008597382871812442,5.0,0.1
2833,97244,0.9051871000040213,0.008127621629682835,5.0,0.1
2834,97267,0.9051646750040222,0.019827029947919073,5.0,0.1
2835,97290,0.9051422500040232,0.012310955644352362,5.0,0.1
2836,97313,0.9051198250040241,0.004566403113130946,5.0,0.1
2837,97366,0.9050681500040263,0.012456910295441048,5.0,0.13333333333333333
2838,97389,0.9050457250040272,0.009301955862611067,5.0,0.13333333333333333
2839,97458,0.9049784500040301,0.046020698311622255,5.0,0.16666666666666666
2840,97481,0.904956025004031,0.008981254155514762,5.0,0.16666666666666666
2841,97550,0.9048887500040339,0.021923717351455707,5.0,0.2
2842,97622,0.9048185500040369,0.04630932219879469,5.0,0.23333333333333334
2843,97691,0.9047512750040397,0.021910122071858495,5.0,0.26666666666666666
2844,97714,0.9047288500040407,0.0050658370309975,5.0,0.26666666666666666
2845,97737,0.9047064250040416,0.005282777976390207,5.0,0.26666666666666666
2846,97760,0.9046840000040426,0.005796149176603649,5.0,0.26666666666666666
2847,97783,0.9046615750040435,0.01106381641147891,5.0,0.26666666666666666
2848,97806,0.9046391500040445,0.004203752148896456,5.0,0.26666666666666666
2849,97829,0.9046167250040454,0.017801125126425177,5.0,0.26666666666666666
2850,97852,0.9045943000040464,0.007386227669485379,5.0,0.26666666666666666
2851,97875,0.9045718750040473,0.01381734023016179,5.0,0.26666666666666666
2852,97896,0.9045514000040482,0.013933284539234592,5.0,0.23333333333333334
2853,97919,0.9045289750040492,0.007239406371809309,5.0,0.2
2854,97942,0.9045065500040501,0.008719062236195896,5.0,0.16666666666666666
2855,97965,0.9044841250040511,0.006628074770560488,5.0,0.16666666666666666
2856,97988,0.904461700004052,0.005480235875438666,5.0,0.16666666666666666
2857,98011,0.904439275004053,0.021100099991599564,5.0,0.16666666666666666
2858,98081,0.9043710250040559,0.0212963989652053,5.0,0.2
2859,98104,0.9043486000040568,0.007074833210936049,5.0,0.2
2860,98127,0.9043261750040578,0.01294438633340178,5.0,0.2
2861,98150,0.9043037500040587,0.008589539054810302,5.0,0.2
2862,98173,0.9042813250040597,0.008022043686651159,5.0,0.2
2863,98196,0.9042589000040606,0.005253900999377947,5.0,0.2
2864,98219,0.9042364750040616,0.008206009424611693,5.0,0.2
2865,98270,0.9041867500040637,0.01796298834233312,5.0,0.23333333333333334
2866,98293,0.9041643250040646,0.006303833921265323,5.0,0.23333333333333334
2867,98314,0.9041438500040655,0.005159591004485264,5.0,0.2
2868,98337,0.9041214250040664,0.004896132828434929,5.0,0.2
2869,98360,0.9040990000040674,0.005006416820833692,5.0,0.16666666666666666
2870,98383,0.9040765750040684,0.00852183424285613,5.0,0.16666666666666666
2871,98406,0.9040541500040693,0.007912944391136989,5.0,0.13333333333333333
2872,98429,0.9040317250040703,0.006614359735976905,5.0,0.1
2873,98513,0.9039498250040737,0.024197187536628917,5.0,0.13333333333333333
2874,98582,0.9038825500040766,0.0327701327187242,5.0,0.16666666666666666
2875,98605,0.9038601250040775,0.008709927496965975,5.0,0.16666666666666666
2876,98628,0.9038377000040785,0.004440135118784383,5.0,0.16666666666666666
2877,98679,0.9037879750040806,0.01843282029221882,5.0,0.2
2878,98748,0.9037207000040834,0.018269100080942735,5.0,0.23333333333333334
2879,98769,0.9037002250040843,0.005221666913712397,5.0,0.23333333333333334
2880,98792,0.9036778000040853,0.011632619527517818,5.0,0.23333333333333334
2881,98815,0.9036553750040862,0.005933187476330204,5.0,0.23333333333333334
2882,98838,0.9036329500040872,0.008494243331369944,5.0,0.23333333333333334
2883,98861,0.9036105250040881,0.0071537209951202385,5.0,0.23333333333333334
2884,98882,0.903590050004089,0.003459617404587334,5.0,0.23333333333333334
2885,98905,0.9035676250040899,0.008535923305316828,5.0,0.23333333333333334
2886,99024,0.9034516000040949,0.04551323817577213,5.0,0.3
2887,99047,0.9034291750040958,0.006588298623682931,5.0,0.3
2888,99070,0.9034067500040968,0.00956713207415305,5.0,0.26666666666666666
2889,99093,0.9033843250040977,0.005257297263597138,5.0,0.26666666666666666
2890,99116,0.9033619000040987,0.011441920411016326,5.0,0.26666666666666666
2891,99139,0.9033394750040996,0.006456137118220795,5.0,0.26666666666666666
2892,99162,0.9033170500041006,0.010224950034171343,5.0,0.26666666666666666
2893,99185,0.9032946250041015,0.010883355636906344,5.0,0.26666666666666666
2894,99206,0.9032741500041024,0.006416776253900025,5.0,0.26666666666666666
2895,99227,0.9032536750041033,0.00444614228035789,5.0,0.23333333333333334
2896,99250,0.9032312500041042,0.008985399617813528,5.0,0.23333333333333334
2897,99273,0.9032088250041052,0.008526287041604519,5.0,0.23333333333333334
2898,99296,0.9031864000041061,0.005360331590054557,5.0,0.23333333333333334
2899,99319,0.9031639750041071,0.005342662196198944,5.0,0.23333333333333334
2900,99342,0.903141550004108,0.009043311234563589,5.0,0.23333333333333334
2901,99365,0.903119125004109,0.008134637471812312,5.0,0.23333333333333334
2902,99388,0.9030967000041099,0.008943945402279496,5.0,0.23333333333333334
2903,99411,0.9030742750041109,0.005914739842410199,5.0,0.16666666666666666
2904,99480,0.9030070000041137,0.015671004075556993,5.0,0.16666666666666666
2905,99501,0.9029865250041146,0.02988831329275854,5.0,0.16666666666666666
2906,99524,0.9029641000041155,0.007951590232551098,5.0,0.16666666666666666
2907,99545,0.9029436250041164,0.00357646778866183,5.0,0.13333333333333333
2908,99568,0.9029212000041174,0.0038960393649176694,5.0,0.1
2909,99591,0.9028987750041183,0.0043024653459724505,5.0,0.1
2910,99612,0.9028783000041192,0.0033180721366079524,5.0,0.1
2911,99635,0.9028558750041201,0.006070429306419101,5.0,0.1
2912,99656,0.902835400004121,0.003956370772357332,5.0,0.1
2913,99679,0.9028129750041219,0.004575262682919856,5.0,0.1
2914,99702,0.9027905500041229,0.0061129053283366375,5.0,0.1
2915,99723,0.9027700750041238,0.003949628830014262,5.0,0.1
2916,99774,0.9027203500041259,0.01388526895607356,5.0,0.06666666666666667
2917,99825,0.902670625004128,0.010238035276415758,5.0,0.1
2918,99848,0.9026482000041289,0.004829027551750187,5.0,0.1
2919,99871,0.9026257750041299,0.005491382711625192,5.0,0.1
2920,99894,0.9026033500041308,0.0036010578260174952,5.0,0.1
2921,99917,0.9025809250041318,0.003687586315209046,5.0,0.1
2922,99940,0.9025585000041327,0.0037811850270372815,5.0,0.1
2923,99963,0.9025360750041337,0.0037023440199845936,5.0,0.1
2924,99986,0.9025136500041346,0.004136334111535689,5.0,0.1
2925,100009,0.9024912250041356,0.022840238500066334,5.0,0.1
2926,100032,0.9024688000041365,0.08149849934852682,5.0,0.1
2927,100053,0.9024483250041374,0.034146296995459124,5.0,0.1
2928,100076,0.9024259000041384,0.04683853675669525,5.0,0.1
2929,100097,0.9024054250041392,0.028577696401043795,5.0,0.1
2930,100120,0.9023830000041402,0.03976108130882494,5.0,0.1
2931,100143,0.9023605750041411,0.027533911357750185,5.0,0.1
2932,100164,0.902340100004142,0.01607640318979975,5.0,0.1
2933,100187,0.902317675004143,0.041378560636076145,5.0,0.1
2934,100210,0.9022952500041439,0.03610138877411373,5.0,0.06666666666666667
2935,100231,0.9022747750041448,0.01827739443979226,5.0,0.06666666666666667
2936,100254,0.9022523500041457,0.021898476625210606,5.0,0.06666666666666667
2937,100340,0.9021685000041493,0.0836629912519129,5.0,0.13333333333333333
2938,100363,0.9021460750041502,0.027816971400170587,5.0,0.13333333333333333
2939,100386,0.9021236500041512,0.013879702717531472,5.0,0.13333333333333333
2940,100409,0.9021012250041521,0.01807453142828308,5.0,0.13333333333333333
2941,100432,0.9020788000041531,0.024578401760663837,5.0,0.13333333333333333
2942,100455,0.902056375004154,0.022740653468645178,5.0,0.13333333333333333
2943,100478,0.902033950004155,0.012381677734083496,5.0,0.13333333333333333
2944,100499,0.9020134750041559,0.013195258099585772,5.0,0.13333333333333333
2945,100522,0.9019910500041568,0.009861595026450232,5.0,0.13333333333333333
2946,100545,0.9019686250041578,0.00940842779527884,5.0,0.1
2947,100568,0.9019462000041587,0.024743001209571958,5.0,0.06666666666666667
2948,100591,0.9019237750041597,0.010364895686507225,5.0,0.06666666666666667
2949,100689,0.9018282250041637,0.06164656982582528,5.0,0.13333333333333333
2950,100760,0.9017590000041666,0.04101172376613249,5.0,0.16666666666666666
2951,100783,0.9017365750041676,0.011508216310176067,5.0,0.16666666666666666
2952,100834,0.9016868500041697,0.01614091688679764,5.0,0.2
2953,100857,0.9016644250041707,0.006114163224992808,5.0,0.2
2954,100880,0.9016420000041716,0.011440771937486716,5.0,0.2
2955,100901,0.9016215250041725,0.007735632927506231,5.0,0.2
2956,100924,0.9015991000041734,0.015758431021822616,5.0,0.2
2957,100947,0.9015766750041744,0.006868785691040102,5.0,0.2
2958,100968,0.9015562000041752,0.008788740997260902,5.0,0.2
2959,100989,0.9015357250041761,0.006815110908064526,5.0,0.2
2960,101057,0.9014694250041789,0.03206602737191133,5.0,0.23333333333333334
2961,101080,0.9014470000041799,0.0101336147490656,5.0,0.23333333333333334
2962,101180,0.901349500004184,0.042236098373905406,5.0,0.3
2963,101298,0.9012344500041889,0.07197090841509635,5.0,0.36666666666666664
2964,101321,0.9012120250041898,0.01390771185833728,5.0,0.36666666666666664
2965,101342,0.9011915500041907,0.008622241817647591,5.0,0.36666666666666664
2966,101365,0.9011691250041917,0.01908154133707285,5.0,0.36666666666666664
2967,101388,0.9011467000041926,0.040101661303197034,5.0,0.3
2968,101486,0.9010511500041967,0.06253373529034434,5.0,0.36666666666666664
2969,101509,0.9010287250041976,0.007821004728612024,5.0,0.36666666666666664
2970,101532,0.9010063000041986,0.006759616837371141,5.0,0.36666666666666664
2971,101555,0.9009838750041995,0.005677024215401616,5.0,0.36666666666666664
2972,101576,0.9009634000042004,0.01771509719401365,5.0,0.36666666666666664
2973,101597,0.9009429250042013,0.007114478379662614,5.0,0.36666666666666664
2974,101618,0.9009224500042021,0.005995491053909063,5.0,0.36666666666666664
2975,101641,0.9009000250042031,0.00982232279056916,5.0,0.36666666666666664
2976,101664,0.900877600004204,0.007183686542703072,5.0,0.36666666666666664
2977,101685,0.9008571250042049,0.013210788762080483,5.0,0.36666666666666664
2978,101706,0.9008366500042058,0.010496789240278304,5.0,0.36666666666666664
2979,101775,0.9007693750042086,0.044037334533641115,5.0,0.3333333333333333
2980,101798,0.9007469500042096,0.010652903380105272,5.0,0.3
2981,101821,0.9007245250042105,0.007317057810723782,5.0,0.3
2982,101844,0.9007021000042115,0.015961255725414958,5.0,0.26666666666666666
2983,101867,0.9006796750042124,0.0077859724951849785,5.0,0.26666666666666666
2984,101916,0.9006319000042144,0.016413136989285704,5.0,0.3
2985,101988,0.9005617000042174,0.04108420151169412,5.0,0.3333333333333333
2986,102011,0.9005392750042184,0.006972834577027243,5.0,0.3333333333333333
2987,102032,0.9005188000042192,0.005787472091469681,5.0,0.3333333333333333
2988,102055,0.9004963750042202,0.00963786863576388,5.0,0.3333333333333333
2989,102078,0.9004739500042211,0.015134712637518533,5.0,0.3333333333333333
2990,102101,0.9004515250042221,0.005865580547833815,5.0,0.3
2991,102124,0.900429100004223,0.013066991879895795,5.0,0.3
2992,102145,0.9004086250042239,0.0056745191250229254,5.0,0.23333333333333334
2993,102166,0.9003881500042248,0.019477477311738767,5.0,0.16666666666666666
2994,102189,0.9003657250042257,0.010298690445779357,5.0,0.16666666666666666
2995,102210,0.9003452500042266,0.008903336682124063,5.0,0.16666666666666666
2996,102233,0.9003228250042276,0.007595302748086397,5.0,0.16666666666666666
2997,102256,0.9003004000042285,0.01107188444439089,5.0,0.16666666666666666
2998,102279,0.9002779750042295,0.01341226037038723,5.0,0.1
2999,102302,0.9002555500042304,0.01039263423444936,5.0,0.1
3000,102369,0.9001902250042332,0.021831769965501735,5.0,0.13333333333333333
3001,102392,0.9001678000042341,0.007865264611609746,5.0,0.13333333333333333
3002,102490,0.9000722500042382,0.04341306257265387,5.0,0.2
3003,102513,0.9000498250042391,0.0065668953393469565,5.0,0.2
3004,102536,0.9000274000042401,0.005830145550135057,5.0,0.2
3005,102559,0.900004975004241,0.00511791374447057,5.0,0.2
3006,102582,0.899982550004242,0.012169918547442649,5.0,0.2
3007,102605,0.8999601250042429,0.006971431190322619,5.0,0.2
3008,102626,0.8999396500042438,0.003710604833031539,5.0,0.2
3009,102649,0.8999172250042448,0.004847306227020454,5.0,0.16666666666666666
3010,102672,0.8998948000042457,0.004686125390435336,5.0,0.16666666666666666
3011,102695,0.8998723750042467,0.003667597906314768,5.0,0.16666666666666666
3012,102718,0.8998499500042476,0.004707399508333765,5.0,0.16666666666666666
3013,102741,0.8998275250042486,0.0051229227319709025,5.0,0.16666666666666666
3014,102764,0.8998051000042495,0.005281175937852822,5.0,0.13333333333333333
3015,102787,0.8997826750042505,0.006620236701564863,5.0,0.1
3016,102810,0.8997602500042514,0.006334486464766087,5.0,0.1
3017,102833,0.8997378250042524,0.004850279798120027,5.0,0.1
3018,102900,0.8996725000042551,0.03359935531625524,5.0,0.13333333333333333
3019,102923,0.8996500750042561,0.005776826525107026,5.0,0.13333333333333333
3020,102946,0.899627650004257,0.0042015555227408186,5.0,0.13333333333333333
3021,102969,0.899605225004258,0.004451872759091202,5.0,0.13333333333333333
3022,102992,0.8995828000042589,0.005099871927086497,5.0,0.13333333333333333
3023,103015,0.8995603750042599,0.004892572131211637,5.0,0.13333333333333333
3024,103036,0.8995399000042608,0.008291511810966767,5.0,0.13333333333333333
3025,103059,0.8995174750042617,0.004465648580662673,5.0,0.13333333333333333
3026,103082,0.8994950500042627,0.006523776188259944,5.0,0.13333333333333333
3027,103105,0.8994726250042636,0.00461032096791314,5.0,0.13333333333333333
3028,103126,0.8994521500042645,0.003984116803621873,5.0,0.13333333333333333
3029,103149,0.8994297250042654,0.003561855100997491,5.0,0.13333333333333333
3030,103170,0.8994092500042663,0.006992982915107859,5.0,0.1
3031,103193,0.8993868250042673,0.009603690315998392,5.0,0.1
3032,103216,0.8993644000042682,0.005513666004844708,5.0,0.03333333333333333
3033,103284,0.899298100004271,0.023499111532146344,5.0,0.06666666666666667
3034,103307,0.899275675004272,0.005627683218335733,5.0,0.06666666666666667
3035,103330,0.8992532500042729,0.003987298310676124,5.0,0.06666666666666667
3036,103381,0.899203525004275,0.01589025710563874,5.0,0.1
3037,103404,0.899181100004276,0.006930094023118727,5.0,0.1
3038,103473,0.8991138250042788,0.013486774572811555,5.0,0.13333333333333333
3039,103496,0.8990914000042798,0.009234181648935191,5.0,0.13333333333333333
3040,103519,0.8990689750042807,0.007365245088294614,5.0,0.13333333333333333
3041,103617,0.8989734250042848,0.0369938712392468,5.0,0.2
3042,103686,0.8989061500042876,0.015822241140995175,5.0,0.23333333333333334
3043,103709,0.8988837250042886,0.0036707732433569618,5.0,0.23333333333333334
3044,103781,0.8988135250042916,0.020654186326282797,5.0,0.26666666666666666
3045,103804,0.8987911000042925,0.009110044265980832,5.0,0.26666666666666666
3046,103827,0.8987686750042935,0.010495538226678036,5.0,0.26666666666666666
3047,103876,0.8987209000042955,0.01349177287920611,5.0,0.3
3048,103899,0.8986984750042964,0.005862555466592312,5.0,0.26666666666666666
3049,103970,0.8986292500042994,0.023486230420530774,5.0,0.3
3050,103993,0.8986068250043003,0.005010467117244843,5.0,0.3
3051,104016,0.8985844000043013,0.026700048336351756,5.0,0.3
3052,104084,0.8985181000043041,0.025196208101988304,5.0,0.3333333333333333
3053,104107,0.898495675004305,0.010230416715785395,5.0,0.3333333333333333
3054,104130,0.898473250004306,0.00633989605557872,5.0,0.3333333333333333
3055,104153,0.898450825004307,0.0045798290775564965,5.0,0.3333333333333333
3056,104176,0.8984284000043079,0.004176664864644408,5.0,0.3333333333333333
3057,104197,0.8984079250043088,0.009509792078461032,5.0,0.3333333333333333
3058,104266,0.8983406500043116,0.015959706070134416,5.0,0.36666666666666664
3059,104287,0.8983201750043125,0.003962987277191132,5.0,0.36666666666666664
3060,104359,0.8982499750043155,0.01719884353224188,5.0,0.4
3061,104382,0.8982275500043164,0.006726754640112631,5.0,0.4
3062,104405,0.8982051250043174,0.008627043484011665,5.0,0.4
3063,104426,0.8981846500043182,0.004470040552405408,5.0,0.36666666666666664
3064,104447,0.8981641750043191,0.0031703841959824786,5.0,0.36666666666666664
3065,104470,0.8981417500043201,0.004862433059315663,5.0,0.36666666666666664
3066,104493,0.898119325004321,0.002687888059881516,5.0,0.3333333333333333
3067,104514,0.8980988500043219,0.0037267419356794562,5.0,0.3333333333333333
3068,104537,0.8980764250043228,0.005837151416926645,5.0,0.3
3069,104560,0.8980540000043238,0.0032378057803725824,5.0,0.3
3070,104583,0.8980315750043247,0.01014588068210287,5.0,0.3
3071,104606,0.8980091500043257,0.004882077202637447,5.0,0.23333333333333334
3072,104627,0.8979886750043266,0.006446229905122891,5.0,0.2
3073,104650,0.8979662500043275,0.003738672279723687,5.0,0.2
3074,104673,0.8979438250043285,0.004246248972776812,5.0,0.16666666666666666
3075,104696,0.8979214000043294,0.006244468801014591,5.0,0.16666666666666666
3076,104747,0.8978716750043315,0.013383210440224502,5.0,0.2
3077,104816,0.8978044000043344,0.013419580878689885,5.0,0.2
3078,104837,0.8977839250043352,0.003867117819027044,5.0,0.2
3079,104860,0.8977615000043362,0.004603075511113275,5.0,0.16666666666666666
3080,104883,0.8977390750043371,0.006034815887687728,5.0,0.16666666666666666
3081,104906,0.8977166500043381,0.009738632867083652,5.0,0.16666666666666666
3082,104929,0.897694225004339,0.004359122605819721,5.0,0.13333333333333333
3083,104952,0.89767180000434,0.0048354573864344275,5.0,0.13333333333333333
3084,104975,0.8976493750043409,0.003909631735950825,5.0,0.13333333333333333
3085,105026,0.897599650004343,0.041617114566179225,5.0,0.16666666666666666
3086,105095,0.8975323750043459,0.1288651710638078,5.0,0.2
3087,105146,0.897482650004348,0.08520868452615105,5.0,0.23333333333333334
3088,105218,0.897412450004351,0.09767186956014484,5.0,0.23333333333333334
3089,105239,0.8973919750043519,0.02057909354334697,5.0,0.23333333333333334
3090,105260,0.8973715000043527,0.024348705614102073,5.0,0.2
3091,105358,0.8972759500043568,0.08914805701351725,5.0,0.26666666666666666
3092,105429,0.8972067250043597,0.06678299523628084,5.0,0.3
3093,105501,0.8971365250043627,0.046789884836471174,5.0,0.3333333333333333
3094,105575,0.8970643750043658,0.047735517800902016,5.0,0.36666666666666664
3095,105596,0.8970439000043666,0.032080260978545994,5.0,0.36666666666666664
3096,105619,0.8970214750043676,0.02461047405085992,5.0,0.36666666666666664
3097,105642,0.8969990500043685,0.011335196169966366,5.0,0.36666666666666664
3098,105665,0.8969766250043695,0.01960388351290021,5.0,0.36666666666666664
3099,105686,0.8969561500043703,0.010478980533662252,5.0,0.36666666666666664
3100,105709,0.8969337250043713,0.007738246757071465,5.0,0.36666666666666664
3101,105732,0.8969113000043722,0.016760584418079816,5.0,0.36666666666666664
3102,105755,0.8968888750043732,0.01571634426363744,5.0,0.36666666666666664
3103,105778,0.8968664500043741,0.015805712129804306,5.0,0.36666666666666664
3104,105801,0.8968440250043751,0.014076334839046467,5.0,0.36666666666666664
3105,105824,0.896821600004376,0.027881651752977632,5.0,0.36666666666666664
3106,105847,0.896799175004377,0.011920258300960995,5.0,0.3333333333333333
3107,105870,0.896776750004378,0.011324407249048818,5.0,0.3
3108,105891,0.8967562750043788,0.009258857229724526,5.0,0.3
3109,105914,0.8967338500043798,0.0199643421365181,5.0,0.3
3110,105937,0.8967114250043807,0.011693864355038386,5.0,0.3
3111,105960,0.8966890000043817,0.021203023206908256,5.0,0.3
3112,105983,0.8966665750043826,0.009888017506455071,5.0,0.3
3113,106006,0.8966441500043836,0.009083905941224657,5.0,0.3
3114,106029,0.8966217250043845,0.008478396863210946,5.0,0.3
3115,106052,0.8965993000043855,0.011127770449093077,5.0,0.26666666666666666
3116,106075,0.8965768750043864,0.009533541888231412,5.0,0.23333333333333334
3117,106098,0.8965544500043874,0.008290807716548443,5.0,0.2
3118,106121,0.8965320250043883,0.008841931390634272,5.0,0.16666666666666666
3119,106144,0.8965096000043893,0.020893984197755344,5.0,0.16666666666666666
3120,106167,0.8964871750043902,0.013209624885348603,5.0,0.16666666666666666
3121,106190,0.8964647500043912,0.010662876811693422,5.0,0.1
3122,106211,0.896444275004392,0.010531904408708215,5.0,0.06666666666666667
3123,106234,0.896421850004393,0.006855379731860012,5.0,0.03333333333333333
3124,106255,0.8964013750043939,0.007824519881978631,5.0,0.0
3125,106276,0.8963809000043947,0.006839713307272177,5.0,0.0
3126,106299,0.8963584750043957,0.01738323977770051,5.0,0.0
3127,106370,0.8962892500043986,0.03371334068287979,5.0,0.03333333333333333
3128,106423,0.8962375750044008,0.0259954561079212,5.0,0.06666666666666667
3129,106446,0.8962151500044018,0.009579814424796496,5.0,0.06666666666666667
3130,106469,0.8961927250044027,0.008568304474465549,5.0,0.06666666666666667
3131,106567,0.8960971750044068,0.03995571468840353,5.0,0.13333333333333333
3132,106635,0.8960308750044096,0.04669919175648829,5.0,0.16666666666666666
3133,106658,0.8960084500044105,0.021064086380647495,5.0,0.16666666666666666
3134,106681,0.8959860250044115,0.008340272208442912,5.0,0.16666666666666666
3135,106734,0.8959343500044137,0.03558427864481928,5.0,0.2
3136,106785,0.8958846250044158,0.02779262192780152,5.0,0.23333333333333334
3137,106853,0.8958183250044186,0.04888125129946275,5.0,0.26666666666666666
3138,106876,0.8957959000044196,0.016625732539978344,5.0,0.26666666666666666
3139,106899,0.8957734750044205,0.012709752234513871,5.0,0.26666666666666666
3140,106922,0.8957510500044215,0.012854298707679845,5.0,0.26666666666666666
3141,106945,0.8957286250044224,0.014508886481053196,5.0,0.26666666666666666
3142,107012,0.8956633000044252,0.033831560918770265,5.0,0.3
3143,107035,0.8956408750044261,0.008314391467138194,5.0,0.3
3144,107084,0.8955931000044282,0.02681622804811923,5.0,0.3333333333333333
3145,107107,0.8955706750044291,0.00656892827100819,5.0,0.3333333333333333
3146,107130,0.8955482500044301,0.008330902179295663,5.0,0.3333333333333333
3147,107153,0.895525825004431,0.014975783058616798,5.0,0.3333333333333333
3148,107174,0.8955053500044319,0.010251713640172966,5.0,0.3333333333333333
3149,107195,0.8954848750044327,0.010525927689741366,5.0,0.3333333333333333
3150,107218,0.8954624500044337,0.007143090675526764,5.0,0.3333333333333333
3151,107241,0.8954400250044346,0.009479218737396877,5.0,0.3333333333333333
3152,107262,0.8954195500044355,0.008229616563767195,5.0,0.3333333333333333
3153,107332,0.8953513000044384,0.02665183612407418,5.0,0.36666666666666664
3154,107355,0.8953288750044394,0.007099530106643215,5.0,0.36666666666666664
3155,107407,0.8952781750044415,0.014902162263751961,5.0,0.4
3156,107505,0.8951826250044456,0.037114175560418516,5.0,0.4666666666666667
3157,107576,0.8951134000044485,0.029479282748070545,5.0,0.4666666666666667
3158,107648,0.8950432000044515,0.03810328412146191,5.0,0.4666666666666667
3159,107722,0.8949710500044545,0.04028917356117745,5.0,0.5
3160,107797,0.8948979250044576,0.028804494693758897,5.0,0.5333333333333333
3161,107820,0.8948755000044586,0.006173779627715703,5.0,0.4666666666666667
3162,107843,0.8948530750044595,0.011005280313838739,5.0,0.43333333333333335
3163,107864,0.8948326000044604,0.01349143881816417,5.0,0.43333333333333335
3164,107887,0.8948101750044614,0.006727653417328838,5.0,0.43333333333333335
3165,107910,0.8947877500044623,0.011501476568810176,5.0,0.4
3166,107962,0.8947370500044645,0.017123082507168874,5.0,0.4
3167,107985,0.8947146250044654,0.014911074271367397,5.0,0.36666666666666664
3168,108008,0.8946922000044664,0.01040926791029051,5.0,0.36666666666666664
3169,108076,0.8946259000044692,0.024810421586153097,5.0,0.4
3170,108148,0.8945557000044722,0.02554048736783443,5.0,0.43333333333333335
3171,108171,0.8945332750044731,0.008187898292817408,5.0,0.43333333333333335
3172,108192,0.894512800004474,0.0059888034156756476,5.0,0.4
3173,108215,0.8944903750044749,0.014155514109006617,5.0,0.4
3174,108238,0.8944679500044759,0.006311539851594716,5.0,0.36666666666666664
3175,108261,0.8944455250044768,0.005462958091811743,5.0,0.36666666666666664
3176,108284,0.8944231000044778,0.012450253256247379,5.0,0.36666666666666664
3177,108305,0.8944026250044786,0.007681974093429744,5.0,0.36666666666666664
3178,108403,0.8943070750044827,0.032200094472500496,5.0,0.43333333333333335
3179,108474,0.8942378500044856,0.019615613789937925,5.0,0.4666666666666667
3180,108546,0.8941676500044886,0.02465302054042695,5.0,0.5
3181,108569,0.8941452250044896,0.004732592111395206,5.0,0.5
3182,108590,0.8941247500044904,0.005667997116688639,5.0,0.5
3183,108613,0.8941023250044914,0.005336253969289828,5.0,0.4666666666666667
3184,108634,0.8940818500044923,0.004944968051859178,5.0,0.4666666666666667
3185,108657,0.8940594250044932,0.0068212599799153395,5.0,0.43333333333333335
3186,108729,0.8939892250044962,0.019928219455323415,5.0,0.4
3187,108752,0.8939668000044971,0.007879212138504954,5.0,0.36666666666666664
3188,108775,0.8939443750044981,0.007517282552726101,5.0,0.3333333333333333
3189,108844,0.8938771000045009,0.02136758812412154,5.0,0.3333333333333333
3190,108867,0.8938546750045019,0.008407635526964441,5.0,0.3
3191,108890,0.8938322500045028,0.007837941360776313,5.0,0.3
3192,108913,0.8938098250045038,0.00634456449188292,5.0,0.3
3193,108980,0.8937445000045066,0.020501641018199734,5.0,0.3333333333333333
3194,109051,0.8936752750045095,0.014278430324338842,5.0,0.36666666666666664
3195,109072,0.8936548000045104,0.006168893021822441,5.0,0.36666666666666664
3196,109095,0.8936323750045113,0.020775799588591326,5.0,0.3333333333333333
3197,109193,0.8935368250045154,0.018899197166319937,5.0,0.4
3198,109216,0.8935144000045163,0.005713125647162087,5.0,0.4
3199,109237,0.8934939250045172,0.004580094580887817,5.0,0.36666666666666664
3200,109288,0.8934442000045193,0.010947246526484378,5.0,0.36666666666666664
3201,109311,0.8934217750045202,0.011584298801608384,5.0,0.36666666666666664
3202,109332,0.8934013000045211,0.006088294358050916,5.0,0.36666666666666664
3203,109402,0.893333050004524,0.019484355907479767,5.0,0.4
3204,109425,0.893310625004525,0.009839218291745055,5.0,0.4
3205,109495,0.8932423750045279,0.021179599651077297,5.0,0.43333333333333335
3206,109546,0.89319265000453,0.018050055412459187,5.0,0.4666666666666667
3207,109569,0.8931702250045309,0.010728979366831481,5.0,0.4666666666666667
3208,109592,0.8931478000045319,0.007181588989624288,5.0,0.4
3209,109613,0.8931273250045327,0.00816190029217978,5.0,0.36666666666666664
3210,109636,0.8931049000045337,0.00665214134278358,5.0,0.3333333333333333
3211,109659,0.8930824750045346,0.006905462745635305,5.0,0.3333333333333333
3212,109682,0.8930600500045356,0.00654202132136561,5.0,0.3333333333333333
3213,109705,0.8930376250045365,0.007372321095317602,5.0,0.3333333333333333
3214,109728,0.8930152000045375,0.0058446628936508205,5.0,0.3333333333333333
3215,109751,0.8929927750045384,0.004249309906299459,5.0,0.3333333333333333
3216,109774,0.8929703500045394,0.010147127581149107,5.0,0.3
3217,109797,0.8929479250045403,0.006758240539056715,5.0,0.3
3218,109820,0.8929255000045413,0.007134936495276634,5.0,0.3
3219,109843,0.8929030750045422,0.018460672603396233,5.0,0.26666666666666666
3220,109864,0.8928826000045431,0.004916771613352466,5.0,0.26666666666666666
3221,109887,0.8928601750045441,0.005419573135441169,5.0,0.26666666666666666
3222,109910,0.892837750004545,0.004536197884590365,5.0,0.26666666666666666
3223,109979,0.8927704750045479,0.016132443332026014,5.0,0.26666666666666666
3224,110062,0.8926895500045513,0.15654330139659578,5.0,0.3
3225,110085,0.8926671250045523,0.04773135800496675,5.0,0.3
3226,110108,0.8926447000045532,0.031007219484308735,5.0,0.3
3227,110131,0.8926222750045542,0.03558633531793021,5.0,0.23333333333333334
3228,110154,0.8925998500045551,0.036487437319010496,5.0,0.23333333333333334
3229,110177,0.8925774250045561,0.030806315146037377,5.0,0.23333333333333334
3230,110200,0.892555000004557,0.03212796550360508,5.0,0.2
3231,110223,0.892532575004558,0.025614542260882445,5.0,0.2
3232,110244,0.8925121000045588,0.03878518659621477,5.0,0.2
3233,110267,0.8924896750045598,0.016711219373974018,5.0,0.16666666666666666
3234,110290,0.8924672500045607,0.01848676496592816,5.0,0.16666666666666666
3235,110313,0.8924448250045617,0.025575218445737846,5.0,0.13333333333333333
3236,110336,0.8924224000045626,0.013847623282345012,5.0,0.1
3237,110359,0.8923999750045636,0.03045387270685751,5.0,0.1
3238,110428,0.8923327000045664,0.0769801817878033,5.0,0.13333333333333333
3239,110451,0.8923102750045674,0.022199075581738725,5.0,0.13333333333333333
3240,110474,0.8922878500045683,0.014165328044327907,5.0,0.13333333333333333
3241,110497,0.8922654250045693,0.01909551706921775,5.0,0.13333333333333333
3242,110520,0.8922430000045702,0.009053622881765477,5.0,0.13333333333333333
3243,110590,0.8921747500045731,0.05464266434137244,5.0,0.16666666666666666
3244,110613,0.8921523250045741,0.027532994499779306,5.0,0.16666666666666666
3245,110636,0.892129900004575,0.017313982316409238,5.0,0.16666666666666666
3246,110659,0.892107475004576,0.014960211585275829,5.0,0.16666666666666666
3247,110682,0.8920850500045769,0.018051864273729734,5.0,0.16666666666666666
3248,110753,0.8920158250045799,0.04947430278843967,5.0,0.2
3249,110824,0.8919466000045828,0.039563056037877686,5.0,0.23333333333333334
3250,110845,0.8919261250045837,0.00925078849104466,5.0,0.23333333333333334
3251,110868,0.8919037000045846,0.012022001064906362,5.0,0.23333333333333334
3252,110891,0.8918812750045856,0.013111962005496025,5.0,0.23333333333333334
3253,110987,0.8917876750045896,0.05633248146477854,5.0,0.26666666666666666
3254,111010,0.8917652500045905,0.013321804319275543,5.0,0.2
3255,111061,0.8917155250045926,0.02702213062730152,5.0,0.23333333333333334
3256,111130,0.8916482500045955,0.04802392893907381,5.0,0.26666666666666666
3257,111202,0.8915780500045984,0.025568850556737743,5.0,0.3
3258,111225,0.8915556250045994,0.011316836149489973,5.0,0.3
3259,111248,0.8915332000046003,0.00912788775167428,5.0,0.3
3260,111271,0.8915107750046013,0.01175167992914794,5.0,0.3
3261,111294,0.8914883500046022,0.01024626584694488,5.0,0.3
3262,111317,0.8914659250046032,0.010972543568641413,5.0,0.3
3263,111340,0.8914435000046042,0.005229878308455227,5.0,0.3
3264,111363,0.8914210750046051,0.007575989846372977,5.0,0.3
3265,111384,0.891400600004606,0.006713350550853647,5.0,0.3
3266,111407,0.8913781750046069,0.015251466298650485,5.0,0.3
3267,111428,0.8913577000046078,0.010331556521123275,5.0,0.3
3268,111451,0.8913352750046087,0.010388255490397569,5.0,0.26666666666666666
3269,111472,0.8913148000046096,0.015768501645652577,5.0,0.26666666666666666
3270,111495,0.8912923750046106,0.010956796984828543,5.0,0.26666666666666666
3271,111518,0.8912699500046115,0.009987122553866357,5.0,0.26666666666666666
3272,111539,0.8912494750046124,0.0054368304190575145,5.0,0.26666666666666666
3273,111608,0.8911822000046152,0.023056446232658345,5.0,0.26666666666666666
3274,111629,0.8911617250046161,0.014087845927861053,5.0,0.26666666666666666
3275,111701,0.8910915250046191,0.031226059480104595,5.0,0.3
3276,111724,0.89106910000462,0.006539383131894283,5.0,0.3
3277,111796,0.890998900004623,0.02656624796509277,5.0,0.3333333333333333
3278,111847,0.8909491750046251,0.02591812225728063,5.0,0.3333333333333333
3279,111870,0.8909267500046261,0.0065659589163260534,5.0,0.3
3280,111893,0.890904325004627,0.011949151929002255,5.0,0.3
3281,111916,0.890881900004628,0.009351918874017429,5.0,0.3
3282,111937,0.8908614250046288,0.011647124294540845,5.0,0.3
3283,111988,0.890811700004631,0.02585645392537117,5.0,0.26666666666666666
3284,112011,0.8907892750046319,0.012248778504726943,5.0,0.26666666666666666
3285,112034,0.8907668500046328,0.007299885452084709,5.0,0.23333333333333334
3286,112087,0.890715175004635,0.0240833326606662,5.0,0.23333333333333334
3287,112110,0.890692750004636,0.008136205513437744,5.0,0.2
3288,112133,0.8906703250046369,0.006633941127802245,5.0,0.2
3289,112231,0.890574775004641,0.043032155623222934,5.0,0.26666666666666666
3290,112252,0.8905543000046419,0.012342614041699562,5.0,0.26666666666666666
3291,112275,0.8905318750046428,0.00857034677756019,5.0,0.26666666666666666
3292,112298,0.8905094500046438,0.009373631721246056,5.0,0.26666666666666666
3293,112321,0.8904870250046447,0.012678719227551483,5.0,0.26666666666666666
3294,112344,0.8904646000046457,0.013924725295510143,5.0,0.26666666666666666
3295,112365,0.8904441250046465,0.01025082836713409,5.0,0.26666666666666666
3296,112388,0.8904217000046475,0.012787346509867348,5.0,0.26666666666666666
3297,112411,0.8903992750046484,0.01016026565048378,5.0,0.26666666666666666
3298,112434,0.8903768500046494,0.007441755544277839,5.0,0.26666666666666666
3299,112457,0.8903544250046503,0.014623402414144948,5.0,0.26666666666666666
3300,112480,0.8903320000046513,0.009477073566813488,5.0,0.26666666666666666
3301,112503,0.8903095750046522,0.01087429251492722,5.0,0.26666666666666666
3302,112526,0.8902871500046532,0.019157727329002228,5.0,0.26666666666666666
3303,112549,0.8902647250046541,0.0070331453389371745,5.0,0.23333333333333334
3304,112572,0.8902423000046551,0.006427226522646379,5.0,0.23333333333333334
3305,112595,0.890219875004656,0.013031760267040227,5.0,0.2
3306,112693,0.8901243250046601,0.03968308510957286,5.0,0.26666666666666666
3307,112716,0.890101900004661,0.007635434798430651,5.0,0.23333333333333334
3308,112739,0.890079475004662,0.015603741718223318,5.0,0.2
3309,112762,0.890057050004663,0.0063073797209654,5.0,0.2
3310,112785,0.8900346250046639,0.006952728021133225,5.0,0.2
3311,112856,0.8899654000046668,0.03291560349316569,5.0,0.23333333333333334
3312,112928,0.8898952000046698,0.02622144896304235,5.0,0.26666666666666666
3313,112949,0.8898747250046707,0.005996091873385012,5.0,0.23333333333333334
3314,112972,0.8898523000046716,0.009976238492527045,5.0,0.23333333333333334
3315,112995,0.8898298750046726,0.009653034765506163,5.0,0.23333333333333334
3316,113018,0.8898074500046735,0.00880533228337299,5.0,0.2
3317,113039,0.8897869750046744,0.007642697513801977,5.0,0.2
3318,113062,0.8897645500046754,0.00938763577141799,5.0,0.2
3319,113083,0.8897440750046762,0.009711705344670918,5.0,0.13333333333333333
3320,113106,0.8897216500046772,0.006615617057832424,5.0,0.13333333333333333
3321,113227,0.8896036750046822,0.058657589135691524,5.0,0.2
3322,113250,0.8895812500046831,0.03491423327795928,5.0,0.2
3323,113273,0.8895588250046841,0.017393019908922724,5.0,0.2
3324,113296,0.889536400004685,0.011916220013517886,5.0,0.2
3325,113319,0.889513975004686,0.006160205164633226,5.0,0.2
3326,113342,0.8894915500046869,0.01731934777490096,5.0,0.2
3327,113363,0.8894710750046878,0.015616900789609645,5.0,0.2
3328,113432,0.8894038000046907,0.03544810499442974,5.0,0.23333333333333334
3329,113455,0.8893813750046916,0.00850900131626986,5.0,0.23333333333333334
3330,113478,0.8893589500046926,0.007471387230907567,5.0,0.23333333333333334
3331,113501,0.8893365250046935,0.012427806774212513,5.0,0.23333333333333334
3332,113524,0.8893141000046945,0.010219782394415233,5.0,0.23333333333333334
3333,113547,0.8892916750046954,0.011167374686920084,5.0,0.23333333333333334
3334,113618,0.8892224500046984,0.015346516083809547,5.0,0.26666666666666666
3335,113641,0.8892000250046993,0.004464786208700389,5.0,0.26666666666666666
3336,113664,0.8891776000047003,0.005395677457272541,5.0,0.2
3337,113685,0.8891571250047011,0.007397296234557871,5.0,0.2
3338,113706,0.889136650004702,0.008979245205409825,5.0,0.2
3339,113829,0.8890167250047071,0.05819826565129915,5.0,0.26666666666666666
3340,113852,0.888994300004708,0.007766001916024834,5.0,0.26666666666666666
3341,113921,0.8889270250047109,0.020463751803617924,5.0,0.26666666666666666
3342,113944,0.8889046000047118,0.009019823715789244,5.0,0.23333333333333334
3343,113967,0.8888821750047128,0.009266871275031008,5.0,0.23333333333333334
3344,114039,0.8888119750047158,0.027738242184568662,5.0,0.26666666666666666
3345,114164,0.8886901000047209,0.05306581631521112,5.0,0.3333333333333333
3346,114187,0.8886676750047219,0.00602785329829203,5.0,0.3333333333333333
3347,114210,0.8886452500047228,0.00623546791030094,5.0,0.3333333333333333
3348,114233,0.8886228250047238,0.007443862421496306,5.0,0.3333333333333333
3349,114256,0.8886004000047247,0.0043618352501653135,5.0,0.3333333333333333
3350,114279,0.8885779750047257,0.005906202910409775,5.0,0.3333333333333333
3351,114302,0.8885555500047266,0.006604118570976425,5.0,0.26666666666666666
3352,114351,0.8885077750047287,0.031697456681285985,5.0,0.3
3353,114374,0.8884853500047296,0.007161500914662611,5.0,0.3
3354,114397,0.8884629250047306,0.014967632130719721,5.0,0.3
3355,114446,0.8884151500047326,0.020565469370922074,5.0,0.3333333333333333
3356,114575,0.8882893750047379,0.037320061132049887,5.0,0.43333333333333335
3357,114598,0.8882669500047389,0.0191812752673286,5.0,0.43333333333333335
3358,114621,0.8882445250047398,0.013152672145224642,5.0,0.4
3359,114695,0.8881723750047429,0.028890982110169716,5.0,0.43333333333333335
3360,114718,0.8881499500047438,0.01050695960293524,5.0,0.43333333333333335
3361,114787,0.8880826750047467,0.03590034486114746,5.0,0.4666666666666667
3362,114810,0.8880602500047476,0.005419716762844473,5.0,0.4666666666666667
3363,114833,0.8880378250047486,0.006446790699556004,5.0,0.4666666666666667
3364,114902,0.8879705500047514,0.034546948001661804,5.0,0.4666666666666667
3365,114974,0.8879003500047544,0.03135296737309545,5.0,0.5
3366,115043,0.8878330750047573,0.1356702003904502,5.0,0.5333333333333333
3367,115112,0.8877658000047601,0.13833346242608968,5.0,0.5666666666666667
3368,115133,0.887745325004761,0.03131442247831728,5.0,0.5666666666666667
3369,115156,0.887722900004762,0.03997629949299153,5.0,0.5
3370,115207,0.8876731750047641,0.08574113229406066,5.0,0.5333333333333333
3371,115230,0.887650750004765,0.027006263291696087,5.0,0.5
3372,115253,0.887628325004766,0.02955102184205316,5.0,0.5
3373,115276,0.8876059000047669,0.032914971583522856,5.0,0.5
3374,115297,0.8875854250047678,0.0346679916838184,5.0,0.4666666666666667
3375,115320,0.8875630000047687,0.0388346034596907,5.0,0.4
3376,115418,0.8874674500047728,0.11327675242500845,5.0,0.4666666666666667
3377,115441,0.8874450250047737,0.020753619508468546,5.0,0.4666666666666667
3378,115462,0.8874245500047746,0.014937473126337864,5.0,0.4666666666666667
3379,115485,0.8874021250047756,0.014030687685590237,5.0,0.4666666666666667
3380,115508,0.8873797000047765,0.03371115900517907,5.0,0.4666666666666667
3381,115606,0.8872841500047806,0.1179241590143647,5.0,0.5333333333333333
3382,115627,0.8872636750047814,0.02351332597027067,5.0,0.5
3383,115698,0.8871944500047844,0.07390554746962152,5.0,0.5333333333333333
3384,115721,0.8871720250047853,0.02287860393698793,5.0,0.5333333333333333
3385,115744,0.8871496000047863,0.025022518486366607,5.0,0.5
3386,115767,0.8871271750047872,0.01893713562458288,5.0,0.4
3387,115790,0.8871047500047882,0.024450964760035276,5.0,0.4
3388,115813,0.8870823250047891,0.015733792461105622,5.0,0.4
3389,115836,0.8870599000047901,0.024776455698884092,5.0,0.36666666666666664
3390,115859,0.887037475004791,0.024535453034332022,5.0,0.36666666666666664
3391,115931,0.886967275004794,0.07362397039833013,5.0,0.36666666666666664
3392,115982,0.8869175500047961,0.04465040288050659,5.0,0.4
3393,116005,0.8868951250047971,0.013538559243897907,5.0,0.4
3394,116028,0.886872700004798,0.015662045669159852,5.0,0.36666666666666664
3395,116051,0.886850275004799,0.018709306095843203,5.0,0.3333333333333333
3396,116074,0.8868278500047999,0.014842437813058496,5.0,0.3
3397,116097,0.8868054250048009,0.018879595256294124,5.0,0.26666666666666666
3398,116120,0.8867830000048018,0.019546260766219348,5.0,0.26666666666666666
3399,116187,0.8867176750048046,0.041154317019390874,5.0,0.3
3400,116258,0.8866484500048075,0.04501535547024105,5.0,0.3
3401,116329,0.8865792250048105,0.05205862844013609,5.0,0.3333333333333333
3402,116400,0.8865100000048134,0.04564293598377844,5.0,0.36666666666666664
3403,116421,0.8864895250048143,0.013729844802583102,5.0,0.36666666666666664
3404,116444,0.8864671000048152,0.024380784947425127,5.0,0.36666666666666664
3405,116543,0.8863705750048193,0.05415216062829131,5.0,0.43333333333333335
3406,116664,0.8862526000048243,0.10758571853511967,5.0,0.43333333333333335
3407,116687,0.8862301750048253,0.01723669563943986,5.0,0.43333333333333335
3408,116710,0.8862077500048262,0.012028622601064853,5.0,0.43333333333333335
3409,116733,0.8861853250048272,0.015013844124041498,5.0,0.43333333333333335
3410,116756,0.8861629000048281,0.015067424188600853,5.0,0.43333333333333335
3411,116779,0.8861404750048291,0.017859454776044004,5.0,0.36666666666666664
3412,116800,0.8861200000048299,0.012418194397469051,5.0,0.36666666666666664
3413,116823,0.8860975750048309,0.020074670552276075,5.0,0.3333333333333333
3414,116846,0.8860751500048318,0.02134388597914949,5.0,0.3333333333333333
3415,116869,0.8860527250048328,0.017553962774400134,5.0,0.3333333333333333
3416,116892,0.8860303000048337,0.015560264757368714,5.0,0.3333333333333333
3417,116941,0.8859825250048358,0.023928573398734443,5.0,0.36666666666666664
3418,116964,0.8859601000048367,0.014624031027778983,5.0,0.36666666666666664
3419,116987,0.8859376750048377,0.014763111386855599,5.0,0.36666666666666664
3420,117008,0.8859172000048385,0.014704436543979682,5.0,0.36666666666666664
3421,117031,0.8858947750048395,0.008387174042582046,5.0,0.3333333333333333
3422,117054,0.8858723500048404,0.013360171898966655,5.0,0.3
3423,117077,0.8858499250048414,0.010911106524872594,5.0,0.3
3424,117128,0.8858002000048435,0.026197207771474496,5.0,0.3333333333333333
3425,117151,0.8857777750048444,0.014367627358296886,5.0,0.3333333333333333
3426,117174,0.8857553500048454,0.010340099615859799,5.0,0.3333333333333333
3427,117197,0.8857329250048463,0.009755537903402,5.0,0.3333333333333333
3428,117220,0.8857105000048473,0.009361132804770023,5.0,0.3333333333333333
3429,117243,0.8856880750048483,0.01021328270144295,5.0,0.3
3430,117266,0.8856656500048492,0.026524053464527242,5.0,0.26666666666666666
3431,117289,0.8856432250048502,0.007385177639662288,5.0,0.23333333333333334
3432,117312,0.8856208000048511,0.015823090965568554,5.0,0.2
3433,117335,0.8855983750048521,0.015917872595309746,5.0,0.2
3434,117358,0.885575950004853,0.015857271966524422,5.0,0.2
3435,117381,0.885553525004854,0.00909712122665951,5.0,0.13333333333333333
3436,117450,0.8854862500048568,0.03611549919878598,5.0,0.1
3437,117473,0.8854638250048578,0.007999546367500443,5.0,0.1
3438,117496,0.8854414000048587,0.006734199771017302,5.0,0.1
3439,117519,0.8854189750048597,0.017409792191756424,5.0,0.1
3440,117569,0.8853702250048617,0.02652031872275984,5.0,0.13333333333333333
3441,117621,0.8853195250048639,0.030456825850706082,5.0,0.16666666666666666
3442,117644,0.8852971000048648,0.00950131363060791,5.0,0.16666666666666666
3443,117716,0.8852269000048678,0.045435461011948064,5.0,0.2
3444,117784,0.8851606000048706,0.03736437256884528,5.0,0.23333333333333334
3445,117807,0.8851381750048716,0.008120145779685117,5.0,0.23333333333333334
3446,117830,0.8851157500048725,0.009751399767992552,5.0,0.23333333333333334
3447,117899,0.8850484750048754,0.02741405881533865,5.0,0.23333333333333334
3448,117922,0.8850260500048763,0.013342100908630528,5.0,0.23333333333333334
3449,117943,0.8850055750048772,0.009124127020186279,5.0,0.23333333333333334
3450,118015,0.8849353750048802,0.02947263448004378,5.0,0.26666666666666666
3451,118038,0.8849129500048811,0.02114845254982356,5.0,0.26666666666666666
3452,118059,0.884892475004882,0.01040635998651851,5.0,0.26666666666666666
3453,118080,0.8848720000048829,0.011310079949907959,5.0,0.26666666666666666
3454,118223,0.8847325750048888,0.06435756455175579,5.0,0.3333333333333333
3455,118246,0.8847101500048897,0.010732825685408898,5.0,0.3333333333333333
3456,118269,0.8846877250048907,0.00995388822775567,5.0,0.3333333333333333
3457,118292,0.8846653000048916,0.010583034149021842,5.0,0.3333333333333333
3458,118315,0.8846428750048926,0.0075378469555289485,5.0,0.3333333333333333
3459,118338,0.8846204500048935,0.011053169771912508,5.0,0.3333333333333333
3460,118359,0.8845999750048944,0.010118419726495631,5.0,0.3333333333333333
3461,118478,0.8844839500048993,0.055998675372393336,5.0,0.4
3462,118501,0.8844615250049003,0.009780399843293708,5.0,0.4
3463,118524,0.8844391000049012,0.009802276013942901,5.0,0.4
3464,118628,0.8843377000049055,0.07883538792520994,5.0,0.4666666666666667
3465,118704,0.8842636000049087,0.06428535833401838,5.0,0.5
3466,118755,0.8842138750049108,0.03595629559276858,5.0,0.5
3467,118776,0.8841934000049116,0.014058613131055608,5.0,0.5
3468,118799,0.8841709750049126,0.009666526180808432,5.0,0.5
3469,118822,0.8841485500049135,0.00680562446359545,5.0,0.5
3470,118845,0.8841261250049145,0.008534693239198532,5.0,0.4666666666666667
3471,118868,0.8841037000049154,0.018136323225917295,5.0,0.43333333333333335
3472,118920,0.8840530000049176,0.03672130233462667,5.0,0.4666666666666667
3473,118943,0.8840305750049186,0.013416255365882535,5.0,0.43333333333333335
3474,119043,0.8839330750049227,0.07066260313149542,5.0,0.4666666666666667
3475,119093,0.8838843250049248,0.0492230008385377,5.0,0.5
3476,119162,0.8838170500049276,0.04528185888193548,5.0,0.5333333333333333
3477,119185,0.8837946250049286,0.01401612583140377,5.0,0.5
3478,119208,0.8837722000049295,0.008136363117955625,5.0,0.5
3479,119280,0.8837020000049325,0.04204985015530838,5.0,0.5333333333333333
3480,119351,0.8836327750049354,0.03754025718080811,5.0,0.5333333333333333
3481,119420,0.8835655000049383,0.04211303376359865,5.0,0.5666666666666667
3482,119471,0.8835157750049404,0.027439747624157462,5.0,0.6
3483,119494,0.8834933500049413,0.01978168878122233,5.0,0.6
3484,119517,0.8834709250049423,0.009541569539578632,5.0,0.5
3485,119540,0.8834485000049432,0.023050855423207395,5.0,0.5
3486,119563,0.8834260750049442,0.011460755427833647,5.0,0.5
3487,119584,0.8834056000049451,0.01148794055916369,5.0,0.5
3488,119607,0.883383175004946,0.019045887980610132,5.0,0.5
3489,119630,0.883360750004947,0.012010705184366088,5.0,0.5
3490,119653,0.8833383250049479,0.013637031195685267,5.0,0.5
3491,119676,0.8833159000049489,0.0195227405638434,5.0,0.43333333333333335
3492,119699,0.8832934750049498,0.012357211831840687,5.0,0.43333333333333335
3493,119722,0.8832710500049508,0.014070044155232608,5.0,0.43333333333333335
3494,119743,0.8832505750049516,0.007869987995945849,5.0,0.36666666666666664
3495,119811,0.8831842750049544,0.05072949689201778,5.0,0.36666666666666664
3496,119834,0.8831618500049554,0.01298388684517704,5.0,0.3333333333333333
3497,119855,0.8831413750049563,0.007588998501887545,5.0,0.3333333333333333
3498,119878,0.8831189500049572,0.007017852025455795,5.0,0.3333333333333333
3499,119901,0.8830965250049582,0.007454963320924435,5.0,0.3333333333333333
3500,119922,0.883076050004959,0.005496644007507712,5.0,0.3333333333333333
3501,119945,0.88305362500496,0.01057417198899202,5.0,0.3333333333333333
3502,119968,0.8830312000049609,0.008297376822156366,5.0,0.3
3503,119991,0.8830087750049619,0.022621924785198644,5.0,0.3
3504,120014,0.8829863500049628,0.0367296073527541,5.0,0.23333333333333334
3505,120084,0.8829181000049657,0.1751142413704656,5.0,0.23333333333333334
3506,120107,0.8828956750049667,0.05117196514038369,5.0,0.2
3507,120128,0.8828752000049676,0.03974198634386994,5.0,0.2
3508,120151,0.8828527750049685,0.0373732190055307,5.0,0.2
3509,120202,0.8828030500049706,0.09005801484454423,5.0,0.2
3510,120225,0.8827806250049716,0.04102864657761529,5.0,0.16666666666666666
3511,120340,0.8826685000049763,0.1539206716697663,5.0,0.23333333333333334
3512,120363,0.8826460750049773,0.05291505082277581,5.0,0.2
3513,120386,0.8826236500049782,0.025446492232731543,5.0,0.2
3514,120438,0.8825729500049804,0.07542218193702865,5.0,0.23333333333333334
3515,120461,0.8825505250049813,0.028863365412689745,5.0,0.23333333333333334
3516,120484,0.8825281000049823,0.038304788336972706,5.0,0.23333333333333334
3517,120505,0.8825076250049831,0.022697776395943947,5.0,0.23333333333333334
3518,120603,0.8824120750049872,0.12558587240346242,5.0,0.3
3519,120624,0.8823916000049881,0.023514065804192796,5.0,0.3
3520,120677,0.8823399250049903,0.0505482586013386,5.0,0.3333333333333333
3521,120775,0.8822443750049943,0.11871769225399476,5.0,0.4
3522,120846,0.8821751500049972,0.070897093435633,5.0,0.43333333333333335
3523,120869,0.8821527250049982,0.01907901666709222,5.0,0.43333333333333335
3524,120892,0.8821303000049991,0.030689779203385115,5.0,0.43333333333333335
3525,120915,0.8821078750050001,0.019109758111881092,5.0,0.4
3526,120938,0.882085450005001,0.02018130719079636,5.0,0.4
3527,120961,0.882063025005002,0.014469403715338558,5.0,0.4
3528,120984,0.882040600005003,0.027399776503443718,5.0,0.4
3529,121007,0.8820181750050039,0.020549477660097182,5.0,0.4
3530,121030,0.8819957500050049,0.015629648114554584,5.0,0.4
3531,121053,0.8819733250050058,0.040526892204070464,5.0,0.4
3532,121123,0.8819050750050087,0.09786512031860184,5.0,0.43333333333333335
3533,121144,0.8818846000050096,0.014670825868961401,5.0,0.43333333333333335
3534,121195,0.8818348750050117,0.04066325556777883,5.0,0.4666666666666667
3535,121218,0.8818124500050126,0.01988882353180088,5.0,0.43333333333333335
3536,121241,0.8817900250050136,0.030446633376413956,5.0,0.43333333333333335
3537,121290,0.8817422500050156,0.04562282485130709,5.0,0.4666666666666667
3538,121313,0.8817198250050166,0.0270209799928125,5.0,0.4666666666666667
3539,121336,0.8816974000050175,0.012586970711709,5.0,0.43333333333333335
3540,121359,0.8816749750050185,0.022083365271100774,5.0,0.43333333333333335
3541,121382,0.8816525500050194,0.02506269485456869,5.0,0.3333333333333333
3542,121405,0.8816301250050204,0.021936393473879434,5.0,0.3333333333333333
3543,121428,0.8816077000050213,0.01861846586689353,5.0,0.3333333333333333
3544,121479,0.8815579750050234,0.04032452132378239,5.0,0.3333333333333333
3545,121502,0.8815355500050244,0.03178836991719436,5.0,0.3333333333333333
3546,121525,0.8815131250050253,0.02437153967912309,5.0,0.3333333333333333
3547,121548,0.8814907000050263,0.016016973153455183,5.0,0.3333333333333333
3548,121620,0.8814205000050293,0.051476680680934805,5.0,0.3
3549,121641,0.8814000250050301,0.02305400461773388,5.0,0.3
3550,121664,0.8813776000050311,0.028115707100369036,5.0,0.26666666666666666
3551,121687,0.881355175005032,0.023557604654342867,5.0,0.2
3552,121710,0.881332750005033,0.026057933384436183,5.0,0.16666666666666666
3553,121733,0.8813103250050339,0.02182503222138621,5.0,0.16666666666666666
3554,121754,0.8812898500050348,0.020425107883056626,5.0,0.16666666666666666
3555,121777,0.8812674250050357,0.02209137790487148,5.0,0.16666666666666666
3556,121800,0.8812450000050367,0.026649089966667816,5.0,0.16666666666666666
3557,121849,0.8811972250050387,0.03737347383867018,5.0,0.2
3558,121872,0.8811748000050397,0.017864951645606197,5.0,0.2
3559,121893,0.8811543250050405,0.014862340802210383,5.0,0.2
3560,121962,0.8810870500050434,0.05207256363064516,5.0,0.23333333333333334
3561,121985,0.8810646250050443,0.02316400130803231,5.0,0.23333333333333334
3562,122008,0.8810422000050453,0.02321631758240983,5.0,0.2
3563,122031,0.8810197750050462,0.0162164070061408,5.0,0.2
3564,122052,0.8809993000050471,0.015041181730339304,5.0,0.16666666666666666
3565,122122,0.88093105000505,0.04229425477387849,5.0,0.2
3566,122145,0.880908625005051,0.019185952536645345,5.0,0.2
3567,122168,0.8808862000050519,0.020329676422988996,5.0,0.16666666666666666
3568,122191,0.8808637750050529,0.01695581820968073,5.0,0.16666666666666666
3569,122214,0.8808413500050538,0.013173447689041495,5.0,0.16666666666666666
3570,122237,0.8808189250050548,0.023363529639027547,5.0,0.16666666666666666
3571,122260,0.8807965000050557,0.017006733440211974,5.0,0.16666666666666666
3572,122327,0.8807311750050585,0.038388520799344406,5.0,0.2
3573,122350,0.8807087500050594,0.012546336467494257,5.0,0.2
3574,122373,0.8806863250050604,0.012276486377231777,5.0,0.16666666666666666
3575,122396,0.8806639000050613,0.015571639989502728,5.0,0.16666666666666666
3576,122419,0.8806414750050623,0.016108541094581597,5.0,0.16666666666666666
3577,122442,0.8806190500050632,0.013749906567682046,5.0,0.16666666666666666
3578,122465,0.8805966250050642,0.011431292135966942,5.0,0.13333333333333333
3579,122488,0.8805742000050651,0.013718048052396625,5.0,0.13333333333333333
3580,122511,0.8805517750050661,0.010810254745592829,5.0,0.13333333333333333
3581,122580,0.880484500005069,0.03334552107844502,5.0,0.16666666666666666
3582,122601,0.8804640250050698,0.00929389447264839,5.0,0.16666666666666666
3583,122670,0.8803967500050727,0.03379916070844047,5.0,0.2
3584,122693,0.8803743250050736,0.01420421406510286,5.0,0.2
3585,122744,0.8803246000050757,0.032034339441452175,5.0,0.23333333333333334
3586,122795,0.8802748750050778,0.032906205735343974,5.0,0.26666666666666666
3587,122816,0.8802544000050787,0.007197139639174566,5.0,0.23333333333333334
3588,122839,0.8802319750050797,0.008818763126328122,5.0,0.23333333333333334
3589,122860,0.8802115000050805,0.007511354284361005,5.0,0.23333333333333334
3590,122912,0.8801608000050827,0.0315238486364251,5.0,0.23333333333333334
3591,122935,0.8801383750050836,0.01833139122754801,5.0,0.23333333333333334
3592,122958,0.8801159500050846,0.03261063310492318,5.0,0.23333333333333334
3593,122981,0.8800935250050855,0.016304496093653142,5.0,0.23333333333333334
3594,123004,0.8800711000050865,0.01144739196752198,5.0,0.23333333333333334
3595,123027,0.8800486750050874,0.015505677758483216,5.0,0.2
3596,123050,0.8800262500050884,0.011744870906113647,5.0,0.2
3597,123073,0.8800038250050893,0.010628663338138722,5.0,0.2
3598,123169,0.8799102250050933,0.07384465190989431,5.0,0.26666666666666666
3599,123190,0.8798897500050942,0.007714023377047852,5.0,0.26666666666666666
3600,123211,0.879869275005095,0.011137815672555007,5.0,0.26666666666666666
3601,123234,0.879846850005096,0.012198783275380265,5.0,0.26666666666666666
3602,123257,0.8798244250050969,0.008598673608503304,5.0,0.23333333333333334
3603,123355,0.879728875005101,0.043412410843302496,5.0,0.3
3604,123378,0.879706450005102,0.013382529446971603,5.0,0.3
3605,123449,0.8796372250051049,0.036897620288073085,5.0,0.3333333333333333
3606,123472,0.8796148000051058,0.01299945721984841,5.0,0.3333333333333333
3607,123495,0.8795923750051068,0.018984768103109673,5.0,0.3333333333333333
3608,123518,0.8795699500051077,0.0130548737506615,5.0,0.3333333333333333
3609,123541,0.8795475250051087,0.011495148566609714,5.0,0.3333333333333333
3610,123643,0.8794480750051129,0.05187957751331851,5.0,0.4
3611,123715,0.8793778750051159,0.03217173135635676,5.0,0.4
3612,123738,0.8793554500051168,0.012437936151400208,5.0,0.4
3613,123789,0.8793057250051189,0.037722986489825416,5.0,0.4
3614,123812,0.8792833000051199,0.017245408802409656,5.0,0.4
3615,123835,0.8792608750051208,0.010520969481149223,5.0,0.36666666666666664
3616,123858,0.8792384500051218,0.014584531134460121,5.0,0.3333333333333333
3617,123928,0.8791702000051247,0.03997640126908664,5.0,0.36666666666666664
3618,123951,0.8791477750051256,0.009255932600353844,5.0,0.36666666666666664
3619,123974,0.8791253500051266,0.008487183404213283,5.0,0.36666666666666664
3620,124143,0.8789605750051336,0.10605842924269382,5.0,0.43333333333333335
3621,124166,0.8789381500051345,0.010516283047763864,5.0,0.43333333333333335
3622,124217,0.8788884250051366,0.043663544063747395,5.0,0.4666666666666667
3623,124240,0.8788660000051376,0.02512731691240333,5.0,0.4666666666666667
3624,124263,0.8788435750051385,0.013828027113049757,5.0,0.4666666666666667
3625,124286,0.8788211500051395,0.012828215069021098,5.0,0.4666666666666667
3626,124309,0.8787987250051404,0.008451689325738698,5.0,0.4666666666666667
3627,124332,0.8787763000051414,0.026885954532190226,5.0,0.4666666666666667
3628,124383,0.8787265750051435,0.03278517986473162,5.0,0.43333333333333335
3629,124406,0.8787041500051445,0.017981466888159048,5.0,0.43333333333333335
3630,124427,0.8786836750051453,0.012863469382864423,5.0,0.43333333333333335
3631,124450,0.8786612500051463,0.02000079686695244,5.0,0.43333333333333335
3632,124473,0.8786388250051472,0.016763319523306563,5.0,0.43333333333333335
3633,124496,0.8786164000051482,0.02178983628982678,5.0,0.36666666666666664
3634,124519,0.8785939750051491,0.01533523912075907,5.0,0.36666666666666664
3635,124542,0.8785715500051501,0.014692934855702333,5.0,0.3333333333333333
3636,124565,0.878549125005151,0.010241464529826771,5.0,0.3333333333333333
3637,124683,0.8784340750051559,0.07543882011668757,5.0,0.4
3638,124706,0.8784116500051569,0.008978845820820425,5.0,0.4
3639,124729,0.8783892250051578,0.02565689282346284,5.0,0.4
3640,124750,0.8783687500051587,0.009249640337657183,5.0,0.3333333333333333
3641,124773,0.8783463250051596,0.023916163278045133,5.0,0.3
3642,124796,0.8783239000051606,0.020564827893394977,5.0,0.3
3643,124819,0.8783014750051615,0.013748223311267793,5.0,0.26666666666666666
3644,124842,0.8782790500051625,0.019182167307008058,5.0,0.26666666666666666
3645,124865,0.8782566250051634,0.015295839257305488,5.0,0.26666666666666666
3646,124934,0.8781893500051663,0.048695433273678645,5.0,0.3
3647,125006,0.8781191500051693,0.05713682960777078,5.0,0.3
3648,125077,0.8780499250051722,0.1644430094747804,5.0,0.3333333333333333
3649,125098,0.8780294500051731,0.03878140958840959,5.0,0.3333333333333333
3650,125170,0.877959250005176,0.1819765625114087,5.0,0.26666666666666666
3651,125193,0.877936825005177,0.025365339417476207,5.0,0.26666666666666666
3652,125216,0.877914400005178,0.02829872042639181,5.0,0.23333333333333334
3653,125267,0.8778646750051801,0.08981377395684831,5.0,0.26666666666666666
3654,125290,0.877842250005181,0.041145059920381755,5.0,0.26666666666666666
3655,125456,0.8776804000051879,0.2938558796449797,5.0,0.36666666666666664
3656,125540,0.8775985000051914,0.13512876453751232,5.0,0.43333333333333335
3657,125563,0.8775760750051923,0.030351384892128408,5.0,0.43333333333333335
3658,125586,0.8775536500051933,0.030568427697289735,5.0,0.4
3659,125637,0.8775039250051954,0.057389761437661946,5.0,0.43333333333333335
3660,125658,0.8774834500051962,0.027786866761744022,5.0,0.43333333333333335
3661,125681,0.8774610250051972,0.046149866830091923,5.0,0.43333333333333335
3662,125704,0.8774386000051981,0.03909998229937628,5.0,0.43333333333333335
3663,125889,0.8772582250052058,0.22269824281102046,5.0,0.5666666666666667
3664,125910,0.8772377500052067,0.02003586178761907,5.0,0.5666666666666667
3665,125933,0.8772153250052076,0.027998192992527038,5.0,0.5666666666666667
3666,125956,0.8771929000052086,0.034903600986581296,5.0,0.5666666666666667
3667,125979,0.8771704750052095,0.03877336537698284,5.0,0.5
3668,126002,0.8771480500052105,0.0298328276257962,5.0,0.5
3669,126025,0.8771256250052114,0.02681333597865887,5.0,0.5
3670,126048,0.8771032000052124,0.031149654096225277,5.0,0.5
3671,126071,0.8770807750052133,0.017088031017920002,5.0,0.5
3672,126094,0.8770583500052143,0.026332158769946545,5.0,0.5
3673,126117,0.8770359250052152,0.024623190285637975,5.0,0.5
3674,126140,0.8770135000052162,0.013674014015123248,5.0,0.5
3675,126258,0.876898450005221,0.1431933536368888,5.0,0.5666666666666667
3676,126281,0.876876025005222,0.02239939536957536,5.0,0.5333333333333333
3677,126304,0.8768536000052229,0.03811281593516469,5.0,0.5
3678,126355,0.876803875005225,0.06054888750077225,5.0,0.5
3679,126376,0.8767834000052259,0.024208403774537146,5.0,0.5
3680,126476,0.8766859000052301,0.1250978613825282,5.0,0.5333333333333333
3681,126499,0.876663475005231,0.02433633618056774,5.0,0.5333333333333333
3682,126522,0.876641050005232,0.017602733176317997,5.0,0.5333333333333333
3683,126545,0.8766186250052329,0.02209730447793845,5.0,0.5
3684,126566,0.8765981500052338,0.020983675043680705,5.0,0.5
3685,126638,0.8765279500052368,0.07446889173297677,5.0,0.43333333333333335
3686,126736,0.8764324000052408,0.11241772673383821,5.0,0.43333333333333335
3687,126805,0.8763651250052437,0.07909472842584364,5.0,0.4666666666666667
3688,126828,0.8763427000052446,0.03578066207410302,5.0,0.4666666666666667
3689,126849,0.8763222250052455,0.02845428913133219,5.0,0.43333333333333335
3690,126872,0.8762998000052464,0.01930989819811657,5.0,0.43333333333333335
3691,126942,0.8762315500052493,0.06264039273082744,5.0,0.4666666666666667
3692,126965,0.8762091250052503,0.03334350808290765,5.0,0.4666666666666667
3693,126988,0.8761867000052512,0.02027059582178481,5.0,0.3333333333333333
3694,127011,0.8761642750052522,0.019060865088249557,5.0,0.3333333333333333
3695,127034,0.8761418500052531,0.029294364547240548,5.0,0.3333333333333333
3696,127057,0.8761194250052541,0.01778294806717895,5.0,0.3333333333333333
3697,127108,0.8760697000052562,0.05544292338890955,5.0,0.36666666666666664
3698,127131,0.8760472750052571,0.018004005425609648,5.0,0.36666666666666664
3699,127183,0.8759965750052593,0.05241497911629267,5.0,0.4
3700,127234,0.8759468500052614,0.0493129332899116,5.0,0.43333333333333335
3701,127257,0.8759244250052624,0.02662703354144469,5.0,0.43333333333333335
3702,127280,0.8759020000052633,0.035347388446098194,5.0,0.43333333333333335
3703,127301,0.8758815250052642,0.03339612149284221,5.0,0.43333333333333335
3704,127352,0.8758318000052663,0.049582512394408695,5.0,0.4666666666666667
3705,127405,0.8757801250052685,0.0638768290518783,5.0,0.43333333333333335
3706,127456,0.8757304000052706,0.04500062088482082,5.0,0.4666666666666667
3707,127554,0.8756348500052746,0.09072815376566723,5.0,0.5333333333333333
3708,127577,0.8756124250052756,0.02360505171236582,5.0,0.5
3709,127598,0.8755919500052765,0.021785766119137406,5.0,0.5
3710,127621,0.8755695250052774,0.03340979971108027,5.0,0.43333333333333335
3711,127644,0.8755471000052784,0.02659073637914844,5.0,0.43333333333333335
3712,127665,0.8755266250052792,0.02353087079245597,5.0,0.43333333333333335
3713,127688,0.8755042000052802,0.021955698044621386,5.0,0.43333333333333335
3714,127711,0.8754817750052811,0.020669824298238382,5.0,0.43333333333333335
3715,127734,0.8754593500052821,0.020772471179952845,5.0,0.4
3716,127757,0.875436925005283,0.026673319545807317,5.0,0.3333333333333333
3717,127855,0.8753413750052871,0.08297106469399296,5.0,0.36666666666666664
3718,127926,0.87527215000529,0.05685199759318493,5.0,0.4
3719,127949,0.875249725005291,0.01533229011693038,5.0,0.4
3720,127972,0.8752273000052919,0.017977684605284594,5.0,0.4
3721,127995,0.8752048750052929,0.018164599256124347,5.0,0.36666666666666664
3722,128018,0.8751824500052938,0.030768747761612758,5.0,0.36666666666666664
3723,128041,0.8751600250052948,0.023987092514289543,5.0,0.36666666666666664
3724,128064,0.8751376000052957,0.012900044428533874,5.0,0.36666666666666664
3725,128085,0.8751171250052966,0.02658957829407882,5.0,0.36666666666666664
3726,128108,0.8750947000052975,0.012553748936625198,5.0,0.36666666666666664
3727,128131,0.8750722750052985,0.01677645462041255,5.0,0.3333333333333333
3728,128154,0.8750498500052994,0.01440651947632432,5.0,0.3333333333333333
3729,128177,0.8750274250053004,0.016336434695404023,5.0,0.3
3730,128200,0.8750050000053013,0.015087694366229698,5.0,0.26666666666666666
3731,128319,0.8748889750053063,0.0810740490705939,5.0,0.3333333333333333
3732,128342,0.8748665500053072,0.013383031720877625,5.0,0.3333333333333333
3733,128416,0.8747944000053103,0.07294332418678096,5.0,0.36666666666666664
3734,128439,0.8747719750053112,0.01648363031563349,5.0,0.3333333333333333
3735,128462,0.8747495500053122,0.01762354144011624,5.0,0.3
3736,128485,0.8747271250053131,0.030074099588091485,5.0,0.26666666666666666
3737,128506,0.874706650005314,0.014240690972656012,5.0,0.2
3738,128529,0.874684225005315,0.019902295927749947,5.0,0.2
3739,128552,0.8746618000053159,0.01941230490047019,5.0,0.2
3740,128575,0.8746393750053169,0.011541466999915428,5.0,0.2
3741,128598,0.8746169500053178,0.007812138530425727,5.0,0.2
3742,128621,0.8745945250053188,0.013253948534838855,5.0,0.2
3743,128689,0.8745282250053216,0.048466234060470015,5.0,0.23333333333333334
3744,128712,0.8745058000053225,0.01824316239799373,5.0,0.23333333333333334
3745,128735,0.8744833750053235,0.021860149077838287,5.0,0.23333333333333334
3746,128758,0.8744609500053244,0.012914357124827802,5.0,0.23333333333333334
3747,128781,0.8744385250053254,0.018683096015593037,5.0,0.16666666666666666
3748,128877,0.8743449250053293,0.06080587558244588,5.0,0.2
3749,128900,0.8743225000053303,0.010707561334129423,5.0,0.2
3750,128923,0.8743000750053312,0.014728841299074702,5.0,0.2
3751,128946,0.8742776500053322,0.023242623385158367,5.0,0.2
3752,128969,0.8742552250053331,0.01556444754533004,5.0,0.2
3753,128992,0.8742328000053341,0.01043747334915679,5.0,0.2
3754,129015,0.874210375005335,0.011542543914401904,5.0,0.2
3755,129036,0.8741899000053359,0.011284973079455085,5.0,0.2
3756,129059,0.8741674750053369,0.01737140656041447,5.0,0.2
3757,129080,0.8741470000053377,0.03419065059279092,5.0,0.2
3758,129101,0.8741265250053386,0.011398259332054295,5.0,0.2
3759,129124,0.8741041000053396,0.010860976166441105,5.0,0.2
3760,129147,0.8740816750053405,0.012316788677708246,5.0,0.2
3761,129170,0.8740592500053415,0.015795700208400376,5.0,0.13333333333333333
3762,129193,0.8740368250053424,0.012508174950198736,5.0,0.13333333333333333
3763,129216,0.8740144000053434,0.015726837045804132,5.0,0.1
3764,129237,0.8739939250053442,0.015478560191695578,5.0,0.1
3765,129260,0.8739715000053452,0.022408700475352816,5.0,0.1
3766,129283,0.8739490750053461,0.017371016438119113,5.0,0.1
3767,129306,0.8739266500053471,0.019085553183685988,5.0,0.1
3768,129357,0.8738769250053492,0.026629217863956,5.0,0.13333333333333333
3769,129378,0.8738564500053501,0.02298400657309685,5.0,0.13333333333333333
3770,129431,0.8738047750053523,0.04406153565651039,5.0,0.16666666666666666
3771,129454,0.8737823500053532,0.014097279898123816,5.0,0.16666666666666666
3772,129477,0.8737599250053542,0.01220724244194571,5.0,0.16666666666666666
3773,129500,0.8737375000053551,0.014582243777113035,5.0,0.13333333333333333
3774,129596,0.8736439000053591,0.05018135883437935,5.0,0.2
3775,129617,0.8736234250053599,0.008135426382068545,5.0,0.2
3776,129668,0.873573700005362,0.03182751605345402,5.0,0.23333333333333334
3777,129738,0.873505450005365,0.04001670656725764,5.0,0.26666666666666666
3778,129759,0.8734849750053658,0.012541016098111868,5.0,0.2
3779,129828,0.8734177000053687,0.03460674444795586,5.0,0.23333333333333334
3780,129851,0.8733952750053696,0.013922650439781137,5.0,0.23333333333333334
3781,129874,0.8733728500053706,0.015537283899902832,5.0,0.23333333333333334
3782,129897,0.8733504250053715,0.010505790400202386,5.0,0.23333333333333334
3783,129918,0.8733299500053724,0.012632066078367643,5.0,0.23333333333333334
3784,129941,0.8733075250053733,0.016154928438481875,5.0,0.23333333333333334
3785,129992,0.8732578000053755,0.023698970544501208,5.0,0.26666666666666666
3786,130015,0.8732353750053764,0.042204794473946095,5.0,0.26666666666666666
3787,130038,0.8732129500053774,0.0904365077149123,5.0,0.26666666666666666
3788,130061,0.8731905250053783,0.06840173041564412,5.0,0.26666666666666666
3789,130084,0.8731681000053793,0.06360844447044656,5.0,0.26666666666666666
3790,130107,0.8731456750053802,0.05964000168023631,5.0,0.26666666666666666
3791,130207,0.8730481750053843,0.2265977091738023,5.0,0.3333333333333333
3792,130230,0.8730257500053853,0.036145094127277844,5.0,0.3333333333333333
3793,130253,0.8730033250053862,0.027394788165111095,5.0,0.3333333333333333
3794,130276,0.8729809000053872,0.035783575498498976,5.0,0.3333333333333333
3795,130343,0.87291557500539,0.12913510386715643,5.0,0.36666666666666664
3796,130366,0.8728931500053909,0.0416252353170421,5.0,0.36666666666666664
3797,130418,0.8728424500053931,0.08714960710494779,5.0,0.4
3798,130441,0.872820025005394,0.028744311173795722,5.0,0.36666666666666664
3799,130464,0.872797600005395,0.04462082323152572,5.0,0.36666666666666664
3800,130487,0.8727751750053959,0.028880705795018002,5.0,0.3333333333333333
3801,130510,0.8727527500053969,0.027455673407530412,5.0,0.3333333333333333
3802,130533,0.8727303250053978,0.04316251431009732,5.0,0.3333333333333333
3803,130556,0.8727079000053988,0.028215483878739178,5.0,0.3333333333333333
3804,130579,0.8726854750053997,0.031497502874117345,5.0,0.26666666666666666
3805,130602,0.8726630500054007,0.05112514505162835,5.0,0.26666666666666666
3806,130625,0.8726406250054016,0.03600058759911917,5.0,0.23333333333333334
3807,130648,0.8726182000054026,0.026318327873013914,5.0,0.2
3808,130669,0.8725977250054034,0.03567325006588362,5.0,0.2
3809,130738,0.8725304500054063,0.0843440074386308,5.0,0.2
3810,130810,0.8724602500054093,0.0890493915649131,5.0,0.23333333333333334
3811,130833,0.8724378250054102,0.02939251365023665,5.0,0.23333333333333334
3812,130854,0.8724173500054111,0.03778802012675442,5.0,0.23333333333333334
3813,130951,0.8723227750054151,0.11109602436772548,5.0,0.3
3814,130974,0.8723003500054161,0.03764631343074143,5.0,0.3
3815,130995,0.8722798750054169,0.01727184685296379,5.0,0.26666666666666666
3816,131093,0.872184325005421,0.10086578983464278,5.0,0.3333333333333333
3817,131164,0.8721151000054239,0.08267341912142001,5.0,0.36666666666666664
3818,131185,0.8720946250054248,0.01378864275466185,5.0,0.36666666666666664
3819,131257,0.8720244250054278,0.0838020527298795,5.0,0.4
3820,131280,0.8720020000054287,0.028540158018586226,5.0,0.4
3821,131303,0.8719795750054297,0.02396670321468264,5.0,0.3333333333333333
3822,131326,0.8719571500054306,0.026790105475811288,5.0,0.3333333333333333
3823,131349,0.8719347250054316,0.0194353342812974,5.0,0.3333333333333333
3824,131372,0.8719123000054325,0.023047127848258242,5.0,0.3333333333333333
3825,131393,0.8718918250054334,0.014746657718205824,5.0,0.3
3826,131416,0.8718694000054343,0.023109684290830046,5.0,0.3
3827,131437,0.8718489250054352,0.016335059830453247,5.0,0.26666666666666666
3828,131460,0.8718265000054362,0.0236402471200563,5.0,0.26666666666666666
3829,131483,0.8718040750054371,0.019966154999565333,5.0,0.26666666666666666
3830,131504,0.871783600005438,0.02272120164707303,5.0,0.26666666666666666
3831,131527,0.8717611750054389,0.019159654126269743,5.0,0.26666666666666666
3832,131550,0.8717387500054399,0.017530391400214285,5.0,0.26666666666666666
3833,131573,0.8717163250054408,0.016766391359851696,5.0,0.26666666666666666
3834,131596,0.8716939000054418,0.021324010056559928,5.0,0.26666666666666666
3835,131647,0.8716441750054439,0.042000555054983124,5.0,0.3
3836,131670,0.8716217500054448,0.028841694642324,5.0,0.3
3837,131839,0.8714569750054518,0.14507518403115682,5.0,0.4
3838,131862,0.8714345500054528,0.015908667686744593,5.0,0.4
3839,131883,0.8714140750054536,0.033972752280533314,5.0,0.36666666666666664
3840,131951,0.8713477750054565,0.07493191237153951,5.0,0.36666666666666664
3841,131974,0.8713253500054574,0.014494135422864929,5.0,0.36666666666666664
3842,131997,0.8713029250054584,0.017912201627041213,5.0,0.36666666666666664
3843,132128,0.8711752000054638,0.1208455323940143,5.0,0.4
3844,132151,0.8711527750054647,0.02212783374125138,5.0,0.4
3845,132172,0.8711323000054656,0.01864822511561215,5.0,0.4
3846,132195,0.8711098750054665,0.03388554527191445,5.0,0.3333333333333333
3847,132218,0.8710874500054675,0.02465498572564684,5.0,0.3
3848,132241,0.8710650250054685,0.021734522248152643,5.0,0.3
3849,132292,0.8710153000054706,0.06135973570053466,5.0,0.3
3850,132313,0.8709948250054714,0.0138526485679904,5.0,0.3
3851,132336,0.8709724000054724,0.022272841350059025,5.0,0.3
3852,132359,0.8709499750054733,0.03275874597602524,5.0,0.3
3853,132382,0.8709275500054743,0.014967254479415715,5.0,0.3
3854,132405,0.8709051250054752,0.039376945424010046,5.0,0.3
3855,132428,0.8708827000054762,0.02083325118292123,5.0,0.3
3856,132479,0.8708329750054783,0.0745371998345945,5.0,0.3333333333333333
3857,132502,0.8708105500054792,0.027458200696855783,5.0,0.3333333333333333
3858,132554,0.8707598500054814,0.060953492706175894,5.0,0.36666666666666664
3859,132577,0.8707374250054823,0.03325741256412584,5.0,0.36666666666666664
3860,132600,0.8707150000054833,0.019538350170478225,5.0,0.36666666666666664
3861,132623,0.8706925750054842,0.02959108052891679,5.0,0.36666666666666664
3862,132646,0.8706701500054852,0.01967836555559188,5.0,0.36666666666666664
3863,132669,0.8706477250054862,0.016521352488780394,5.0,0.36666666666666664
3864,132692,0.8706253000054871,0.023134222225053236,5.0,0.36666666666666664
3865,132713,0.870604825005488,0.015399153737234883,5.0,0.3333333333333333
3866,132736,0.8705824000054889,0.02826374361757189,5.0,0.3333333333333333
3867,132759,0.8705599750054899,0.01904875907348469,5.0,0.23333333333333334
3868,132855,0.8704663750054938,0.07857173266529571,5.0,0.3
3869,132927,0.8703961750054968,0.047935530747054145,5.0,0.3333333333333333
3870,132950,0.8703737500054978,0.022782792773796245,5.0,0.3
3871,132973,0.8703513250054987,0.018708827905356884,5.0,0.3
3872,132994,0.8703308500054996,0.017613833799259737,5.0,0.3
3873,133017,0.8703084250055005,0.015663972662878223,5.0,0.2
3874,133040,0.8702860000055015,0.0202563918865053,5.0,0.2
3875,133061,0.8702655250055024,0.016522784862900153,5.0,0.2
3876,133084,0.8702431000055033,0.019458912051049992,5.0,0.2
3877,133107,0.8702206750055043,0.01551904263033066,5.0,0.2
3878,133130,0.8701982500055052,0.018301680756849237,5.0,0.2
3879,133199,0.8701309750055081,0.05330713959847344,5.0,0.2
3880,133222,0.870108550005509,0.01680307045171503,5.0,0.2
3881,133245,0.87008612500551,0.013596757533377968,5.0,0.2
3882,133266,0.8700656500055108,0.021361602324759588,5.0,0.2
3883,133335,0.8699983750055137,0.043929602950811386,5.0,0.23333333333333334
3884,133356,0.8699779000055146,0.02067367179552093,5.0,0.23333333333333334
3885,133527,0.8698111750055216,0.1480773898510961,5.0,0.3333333333333333
3886,133550,0.8697887500055226,0.024330840198672377,5.0,0.3
3887,133601,0.8697390250055247,0.06736671741236933,5.0,0.3333333333333333
3888,133622,0.8697185500055256,0.014035851985681802,5.0,0.3
3889,133645,0.8696961250055265,0.016214320858125575,5.0,0.3
3890,133668,0.8696737000055275,0.019195246961317025,5.0,0.3
3891,133691,0.8696512750055284,0.016960668042884208,5.0,0.3
3892,133712,0.8696308000055293,0.0169099908816861,5.0,0.3
3893,133784,0.8695606000055323,0.04958491396973841,5.0,0.3333333333333333
3894,133807,0.8695381750055332,0.01615001192840282,5.0,0.3333333333333333
3895,133828,0.8695177000055341,0.013074195943772793,5.0,0.3333333333333333
3896,133898,0.869449450005537,0.06963645832729526,5.0,0.36666666666666664
3897,133949,0.8693997250055391,0.036088174892938696,5.0,0.4
3898,134017,0.8693334250055419,0.06831698236783268,5.0,0.36666666666666664
3899,134040,0.8693110000055428,0.028105842065997422,5.0,0.3333333333333333
3900,134061,0.8692905250055437,0.023944286862388253,5.0,0.3333333333333333
3901,134084,0.8692681000055447,0.020225203305017203,5.0,0.3333333333333333
3902,134154,0.8691998500055476,0.047501231732894666,5.0,0.36666666666666664
3903,134177,0.8691774250055485,0.0137579865695443,5.0,0.36666666666666664
3904,134200,0.8691550000055495,0.015804861279320903,5.0,0.36666666666666664
3905,134223,0.8691325750055504,0.020184823137242347,5.0,0.36666666666666664
3906,134246,0.8691101500055514,0.021321515348972753,5.0,0.36666666666666664
3907,134269,0.8690877250055523,0.015092621353687719,5.0,0.36666666666666664
3908,134292,0.8690653000055533,0.025419874000363052,5.0,0.36666666666666664
3909,134315,0.8690428750055542,0.022494235570775345,5.0,0.3333333333333333
3910,134338,0.8690204500055552,0.01685369451297447,5.0,0.3333333333333333
3911,134361,0.8689980250055561,0.010683686006814241,5.0,0.3333333333333333
3912,134384,0.8689756000055571,0.010338595951907337,5.0,0.3333333333333333
3913,134407,0.868953175005558,0.016515129114850424,5.0,0.3
3914,134560,0.8688040000055643,0.14191392755310517,5.0,0.4
3915,134611,0.8687542750055665,0.038983870967058465,5.0,0.3333333333333333
3916,134634,0.8687318500055674,0.022834639385109767,5.0,0.3333333333333333
3917,134655,0.8687113750055683,0.0188604750437662,5.0,0.3
3918,134723,0.8686450750055711,0.05357680656015873,5.0,0.3333333333333333
3919,134744,0.868624600005572,0.016578262147959322,5.0,0.3333333333333333
3920,134817,0.868553425005575,0.06515707533981185,5.0,0.36666666666666664
3921,134840,0.8685310000055759,0.02018076453532558,5.0,0.36666666666666664
3922,134889,0.868483225005578,0.034242551191709936,5.0,0.4
3923,134912,0.8684608000055789,0.019906025743694045,5.0,0.36666666666666664
3924,134935,0.8684383750055799,0.018088217097101733,5.0,0.36666666666666664
3925,134958,0.8684159500055808,0.014645799019490369,5.0,0.36666666666666664
3926,134981,0.8683935250055818,0.01872218048083596,5.0,0.3333333333333333
3927,135004,0.8683711000055827,0.030392645901883952,5.0,0.3
3928,135027,0.8683486750055837,0.08513859927188605,5.0,0.26666666666666666
3929,135078,0.8682989500055858,0.147328682243824,5.0,0.3
3930,135101,0.8682765250055867,0.057946447224821895,5.0,0.3
3931,135199,0.8681809750055908,0.21336240411619656,5.0,0.36666666666666664
3932,135222,0.8681585500055917,0.05455421330407262,5.0,0.3333333333333333
3933,135245,0.8681361250055927,0.06587103812489659,5.0,0.3333333333333333
3934,135268,0.8681137000055936,0.03374947560951114,5.0,0.3333333333333333
3935,135291,0.8680912750055946,0.04588174284435809,5.0,0.3333333333333333
3936,135314,0.8680688500055955,0.03821828853688203,5.0,0.3333333333333333
3937,135383,0.8680015750055984,0.09388298113481142,5.0,0.36666666666666664
3938,135404,0.8679811000055992,0.02798294740205165,5.0,0.36666666666666664
3939,135427,0.8679586750056002,0.0393369608791545,5.0,0.36666666666666664
3940,135450,0.8679362500056012,0.03639620135072619,5.0,0.36666666666666664
3941,135473,0.8679138250056021,0.02981068435474299,5.0,0.36666666666666664
3942,135524,0.8678641000056042,0.09037572523811832,5.0,0.4
3943,135547,0.8678416750056052,0.05437228287337348,5.0,0.4
3944,135568,0.867821200005606,0.022992716927547008,5.0,0.3
3945,135591,0.867798775005607,0.03302840352989733,5.0,0.26666666666666666
3946,135614,0.8677763500056079,0.029620060726301745,5.0,0.26666666666666666
3947,135635,0.8677558750056088,0.029503478290280327,5.0,0.26666666666666666
3948,135658,0.8677334500056098,0.03397363095427863,5.0,0.23333333333333334
3949,135681,0.8677110250056107,0.027533894957741722,5.0,0.23333333333333334
3950,135730,0.8676632500056127,0.05706260300939903,5.0,0.23333333333333334
3951,135828,0.8675677000056168,0.124759071652079,5.0,0.3
3952,135849,0.8675472250056177,0.028153825769550167,5.0,0.26666666666666666
3953,136001,0.8673990250056239,0.1598363355587935,5.0,0.36666666666666664
3954,136022,0.8673785500056248,0.022905505931703374,5.0,0.36666666666666664
3955,136094,0.8673083500056278,0.06401676120003685,5.0,0.4
3956,136117,0.8672859250056287,0.019253696693340316,5.0,0.4
3957,136138,0.8672654500056296,0.02012633392587304,5.0,0.4
3958,136236,0.8671699000056337,0.115184634225443,5.0,0.4666666666666667
3959,136259,0.8671474750056346,0.02098280361678917,5.0,0.43333333333333335
3960,136282,0.8671250500056356,0.03080862553906627,5.0,0.43333333333333335
3961,136305,0.8671026250056365,0.02434211305808276,5.0,0.36666666666666664
3962,136328,0.8670802000056375,0.019855840306263417,5.0,0.36666666666666664
3963,136351,0.8670577750056384,0.024434340477455407,5.0,0.36666666666666664
3964,136374,0.8670353500056394,0.020171512034721673,5.0,0.36666666666666664
3965,136397,0.8670129250056403,0.016406777140218765,5.0,0.36666666666666664
3966,136420,0.8669905000056413,0.018682961876038462,5.0,0.36666666666666664
3967,136443,0.8669680750056422,0.019840621389448643,5.0,0.3333333333333333
3968,136466,0.8669456500056432,0.0234068650752306,5.0,0.3333333333333333
3969,136489,0.8669232250056441,0.025708126719109714,5.0,0.3333333333333333
3970,136512,0.8669008000056451,0.019189776823623106,5.0,0.3333333333333333
3971,136535,0.866878375005646,0.015847006769035943,5.0,0.3333333333333333
3972,136558,0.866855950005647,0.018581644297228195,5.0,0.3
3973,136581,0.8668335250056479,0.02654110979347024,5.0,0.3
3974,136604,0.8668111000056489,0.020472057978622615,5.0,0.3
3975,136750,0.8666687500056549,0.11608463806624059,5.0,0.4
3976,136773,0.8666463250056559,0.02930907197878696,5.0,0.4
3977,136796,0.8666239000056568,0.01767559690051712,5.0,0.4
3978,136817,0.8666034250056577,0.014945528077078052,5.0,0.4
3979,136840,0.8665810000056586,0.018209529051091522,5.0,0.4
3980,136863,0.8665585750056596,0.013375479757087305,5.0,0.36666666666666664
3981,136886,0.8665361500056605,0.0203914929588791,5.0,0.3
3982,136938,0.8664854500056627,0.04166635229194071,5.0,0.3333333333333333
3983,136961,0.8664630250056636,0.019770684841205366,5.0,0.23333333333333334
3984,136982,0.8664425500056645,0.014851411222480237,5.0,0.23333333333333334
3985,137033,0.8663928250056666,0.04228859653812833,5.0,0.23333333333333334
3986,137084,0.8663431000056687,0.045261267325258814,5.0,0.26666666666666666
3987,137107,0.8663206750056697,0.018106577306753024,5.0,0.26666666666666666
3988,137130,0.8662982500056706,0.015574502278468572,5.0,0.2
3989,137248,0.8661832000056755,0.088841884615249,5.0,0.26666666666666666
3990,137271,0.8661607750056765,0.02699913311516866,5.0,0.26666666666666666
3991,137294,0.8661383500056774,0.016951785888522863,5.0,0.26666666666666666
3992,137413,0.8660223250056823,0.09861278776952531,5.0,0.3333333333333333
3993,137436,0.8659999000056833,0.01529193390160799,5.0,0.3333333333333333
3994,137508,0.8659297000056863,0.04625002357352059,5.0,0.36666666666666664
3995,137529,0.8659092250056871,0.0174425387813244,5.0,0.36666666666666664
3996,137580,0.8658595000056892,0.0370695905003231,5.0,0.4
3997,137603,0.8658370750056902,0.0137242580531165,5.0,0.4
3998,137626,0.8658146500056911,0.0163588983414229,5.0,0.4
3999,137679,0.8657629750056933,0.04122793265560176,5.0,0.43333333333333335
4000,137702,0.8657405500056943,0.011738902539946139,5.0,0.43333333333333335
4001,137725,0.8657181250056952,0.0244063590944279,5.0,0.43333333333333335
4002,137746,0.8656976500056961,0.01786085171625018,5.0,0.43333333333333335
4003,137769,0.865675225005697,0.01887703937245533,5.0,0.43333333333333335
4004,137836,0.8656099000056998,0.07706980197690427,5.0,0.4666666666666667
4005,137859,0.8655874750057008,0.01379865882336162,5.0,0.36666666666666664
4006,137882,0.8655650500057017,0.01297678473929409,5.0,0.36666666666666664
4007,137905,0.8655426250057027,0.012636246581678279,5.0,0.36666666666666664
4008,137926,0.8655221500057035,0.012833197601139545,5.0,0.36666666666666664
4009,137949,0.8654997250057045,0.01491809768776875,5.0,0.36666666666666664
4010,138111,0.8653417750057112,0.12922548165079206,5.0,0.4666666666666667
4011,138134,0.8653193500057121,0.023631986594409682,5.0,0.4666666666666667
4012,138157,0.8652969250057131,0.015813251098734327,5.0,0.43333333333333335
4013,138180,0.865274500005714,0.01667033799458295,5.0,0.43333333333333335
4014,138203,0.865252075005715,0.025045519578270614,5.0,0.43333333333333335
4015,138226,0.865229650005716,0.02568113469169475,5.0,0.4
4016,138249,0.8652072250057169,0.01849620952270925,5.0,0.36666666666666664
4017,138272,0.8651848000057178,0.015045494248624891,5.0,0.36666666666666664
4018,138295,0.8651623750057188,0.026092836254974827,5.0,0.36666666666666664
4019,138318,0.8651399500057197,0.016290152198052965,5.0,0.3
4020,138341,0.8651175250057207,0.02205999674333725,5.0,0.3
4021,138364,0.8650951000057217,0.020940737915225327,5.0,0.3
4022,138387,0.8650726750057226,0.015977210394339636,5.0,0.23333333333333334
4023,138410,0.8650502500057236,0.01350748997356277,5.0,0.23333333333333334
4024,138461,0.8650005250057257,0.03279561043018475,5.0,0.23333333333333334
4025,138484,0.8649781000057266,0.016693131503416225,5.0,0.23333333333333334
4026,138507,0.8649556750057276,0.016541781194973737,5.0,0.2
4027,138530,0.8649332500057285,0.01829173344594892,5.0,0.2
4028,138553,0.8649108250057295,0.02921468738350086,5.0,0.2
4029,138576,0.8648884000057304,0.01769627461908385,5.0,0.16666666666666666
4030,138597,0.8648679250057313,0.017510122721432708,5.0,0.16666666666666666
4031,138620,0.8648455000057322,0.022327219921862707,5.0,0.16666666666666666
4032,138643,0.8648230750057332,0.01623503683367744,5.0,0.16666666666666666
4033,138666,0.8648006500057341,0.014527613995596766,5.0,0.16666666666666666
4034,138689,0.8647782250057351,0.009513347322354093,5.0,0.13333333333333333
4035,138710,0.864757750005736,0.01618609542492777,5.0,0.13333333333333333
4036,138780,0.8646895000057389,0.05390965453989338,5.0,0.16666666666666666
4037,138801,0.8646690250057397,0.010616269428282976,5.0,0.16666666666666666
4038,138824,0.8646466000057407,0.01571462128777057,5.0,0.16666666666666666
4039,138847,0.8646241750057416,0.014780178957153112,5.0,0.16666666666666666
4040,138870,0.8646017500057426,0.013626481115352362,5.0,0.06666666666666667
4041,138893,0.8645793250057435,0.0097196422284469,5.0,0.06666666666666667
4042,138916,0.8645569000057445,0.01350374826870393,5.0,0.06666666666666667
4043,138968,0.8645062000057466,0.03905803631641902,5.0,0.1
4044,138991,0.8644837750057476,0.01636015812982805,5.0,0.1
4045,139012,0.8644633000057484,0.014501744764856994,5.0,0.1
4046,139035,0.8644408750057494,0.017062355007510632,5.0,0.1
4047,139058,0.8644184500057503,0.015397469629533589,5.0,0.1
4048,139081,0.8643960250057513,0.01209880321403034,5.0,0.1
4049,139104,0.8643736000057523,0.013449074409436435,5.0,0.1
4050,139127,0.8643511750057532,0.017167247220641002,5.0,0.1
4051,139150,0.8643287500057542,0.013857873738743365,5.0,0.1
4052,139248,0.8642332000057582,0.0777813102613436,5.0,0.16666666666666666
4053,139319,0.8641639750057611,0.04012149003392551,5.0,0.2
4054,139342,0.8641415500057621,0.011844127817312256,5.0,0.16666666666666666
4055,139365,0.864119125005763,0.017824820723035373,5.0,0.16666666666666666
4056,139388,0.864096700005764,0.01743400123086758,5.0,0.16666666666666666
4057,139455,0.8640313750057668,0.04794111620867625,5.0,0.2
4058,139478,0.8640089500057677,0.012251328720594756,5.0,0.2
4059,139499,0.8639884750057686,0.012313229293795303,5.0,0.2
4060,139522,0.8639660500057695,0.01917655486613512,5.0,0.2
4061,139545,0.8639436250057705,0.01977663327124901,5.0,0.2
4062,139568,0.8639212000057714,0.01467752130702138,5.0,0.2
4063,139619,0.8638714750057735,0.03326471861510072,5.0,0.23333333333333334
4064,139672,0.8638198000057757,0.026347971783252433,5.0,0.26666666666666666
4065,139695,0.8637973750057767,0.01487179080140777,5.0,0.26666666666666666
4066,139718,0.8637749500057776,0.01737083554326091,5.0,0.23333333333333334
4067,139790,0.8637047500057806,0.053601967098074965,5.0,0.26666666666666666
4068,139813,0.8636823250057816,0.014471781803877093,5.0,0.26666666666666666
4069,139836,0.8636599000057825,0.015393177251098678,5.0,0.26666666666666666
4070,139859,0.8636374750057835,0.011593142000492662,5.0,0.26666666666666666
4071,139882,0.8636150500057844,0.014896718595991842,5.0,0.26666666666666666
4072,139905,0.8635926250057854,0.01509245453053154,5.0,0.26666666666666666
4073,139977,0.8635224250057884,0.0475008648209041,5.0,0.26666666666666666
4074,140000,0.8635000000057893,0.017496840038802475,5.0,0.26666666666666666
4075,140023,0.8634775750057903,0.05964328767731786,5.0,0.26666666666666666
4076,140046,0.8634551500057912,0.07229735254077241,5.0,0.26666666666666666
4077,140069,0.8634327250057922,0.06667535888846032,5.0,0.26666666666666666
4078,140092,0.8634103000057931,0.05619498068699613,5.0,0.26666666666666666
4079,140163,0.863341075005796,0.17527947467169724,5.0,0.3
4080,140186,0.863318650005797,0.04822213156148791,5.0,0.3
4081,140284,0.863223100005801,0.20972655137302354,5.0,0.36666666666666664
4082,140305,0.8632026250058019,0.030420277878874913,5.0,0.3
4083,140358,0.8631509500058041,0.09825246420223266,5.0,0.3
4084,140429,0.863081725005807,0.12989815563196316,5.0,0.3333333333333333
4085,140450,0.8630612500058079,0.03512503206729889,5.0,0.3333333333333333
4086,140473,0.8630388250058089,0.0336817650240846,5.0,0.3333333333333333
4087,140494,0.8630183500058097,0.02435568018699996,5.0,0.3
4088,140517,0.8629959250058107,0.04152220720425248,5.0,0.3
4089,140540,0.8629735000058116,0.028860676829935983,5.0,0.3
4090,140589,0.8629257250058137,0.06938612522208132,5.0,0.3333333333333333
4091,140612,0.8629033000058146,0.031829408049816266,5.0,0.3333333333333333
4092,140635,0.8628808750058156,0.04057680457481183,5.0,0.3333333333333333
4093,140705,0.8628126250058185,0.07790464500430971,5.0,0.3333333333333333
4094,140726,0.8627921500058193,0.030786579300183803,5.0,0.3
4095,140749,0.8627697250058203,0.04603975935606286,5.0,0.3
4096,140772,0.8627473000058212,0.0318161403411068,5.0,0.3
4097,140844,0.8626771000058242,0.10070143901975825,5.0,0.3
4098,140895,0.8626273750058263,0.056787312612868845,5.0,0.3333333333333333
4099,140918,0.8626049500058273,0.02810197972576134,5.0,0.3333333333333333
4100,140941,0.8625825250058282,0.035183024156140164,5.0,0.3333333333333333
4101,140994,0.8625308500058304,0.04711946166935377,5.0,0.36666666666666664
4102,141017,0.8625084250058314,0.06212707966915332,5.0,0.36666666666666664
4103,141040,0.8624860000058323,0.034287385788047686,5.0,0.3333333333333333
4104,141063,0.8624635750058333,0.021981987403705716,5.0,0.3333333333333333
4105,141086,0.8624411500058342,0.025518476351862773,5.0,0.3333333333333333
4106,141137,0.8623914250058363,0.07125399782671593,5.0,0.36666666666666664
4107,141160,0.8623690000058373,0.030059960845392197,5.0,0.36666666666666664
4108,141209,0.8623212250058393,0.04578673659125343,5.0,0.4
4109,141232,0.8622988000058402,0.022847724612802267,5.0,0.36666666666666664
4110,141255,0.8622763750058412,0.04850972836720757,5.0,0.36666666666666664
4111,141278,0.8622539500058422,0.026487641560379416,5.0,0.3
4112,141329,0.8622042250058443,0.05388202398899011,5.0,0.3333333333333333
4113,141352,0.8621818000058452,0.026550103473709896,5.0,0.3
4114,141375,0.8621593750058462,0.02151125142700039,5.0,0.26666666666666666
4115,141398,0.8621369500058471,0.017675810799119063,5.0,0.26666666666666666
4116,141421,0.8621145250058481,0.04781278033624403,5.0,0.26666666666666666
4117,141444,0.862092100005849,0.02399435979896225,5.0,0.26666666666666666
4118,141495,0.8620423750058511,0.05786391533911228,5.0,0.3
4119,141516,0.862021900005852,0.014434532466111705,5.0,0.3
4120,141539,0.8619994750058529,0.03074715193361044,5.0,0.26666666666666666
4121,141562,0.8619770500058539,0.02334161809994839,5.0,0.26666666666666666
4122,141583,0.8619565750058548,0.02540553832659498,5.0,0.26666666666666666
4123,141606,0.8619341500058557,0.02531414630357176,5.0,0.23333333333333334
4124,141629,0.8619117250058567,0.022415495419409126,5.0,0.23333333333333334
4125,141678,0.8618639500058587,0.0431431468896335,5.0,0.26666666666666666
4126,141701,0.8618415250058596,0.023356612102361396,5.0,0.26666666666666666
4127,141724,0.8618191000058606,0.030696893722051755,5.0,0.23333333333333334
4128,141745,0.8617986250058615,0.02024532199720852,5.0,0.2
4129,141766,0.8617781500058623,0.015783045790158212,5.0,0.2
4130,141789,0.8617557250058633,0.026099255512235686,5.0,0.2
4131,141812,0.8617333000058642,0.024239476464572363,5.0,0.16666666666666666
4132,141881,0.8616660250058671,0.07692566208424978,5.0,0.2
4133,141902,0.861645550005868,0.021882346947677433,5.0,0.2
4134,141953,0.8615958250058701,0.07336914530606009,5.0,0.23333333333333334
4135,141976,0.861573400005871,0.029187759559135884,5.0,0.23333333333333334
4136,141999,0.861550975005872,0.020650397185818292,5.0,0.2
4137,142020,0.8615305000058728,0.029563543357653543,5.0,0.2
4138,142043,0.8615080750058738,0.022366632503690198,5.0,0.16666666666666666
4139,142064,0.8614876000058747,0.01548547824495472,5.0,0.16666666666666666
4140,142085,0.8614671250058755,0.029790510569000617,5.0,0.16666666666666666
4141,142108,0.8614447000058765,0.017980677512241527,5.0,0.16666666666666666
4142,142159,0.8613949750058786,0.059211357453023084,5.0,0.16666666666666666
4143,142182,0.8613725500058795,0.02605303272139281,5.0,0.16666666666666666
4144,142205,0.8613501250058805,0.03925160877406597,5.0,0.16666666666666666
4145,142228,0.8613277000058814,0.021741131087765098,5.0,0.16666666666666666
4146,142251,0.8613052750058824,0.01882417064916808,5.0,0.16666666666666666
4147,142414,0.8611463500058891,0.1449892273376463,5.0,0.26666666666666666
4148,142435,0.86112587500589,0.02223869037698023,5.0,0.23333333333333334
4149,142486,0.8610761500058921,0.03946088420343585,5.0,0.26666666666666666
4150,142509,0.8610537250058931,0.014193695562426,5.0,0.26666666666666666
4151,142532,0.861031300005894,0.017049742004019208,5.0,0.26666666666666666
4152,142555,0.861008875005895,0.014269984618294984,5.0,0.26666666666666666
4153,142722,0.8608460500059019,0.14410658460110426,5.0,0.36666666666666664
4154,142773,0.860796325005904,0.061623645829968154,5.0,0.4
4155,142825,0.8607456250059061,0.040439955817419104,5.0,0.4
4156,142848,0.8607232000059071,0.021676880423910916,5.0,0.4
4157,142897,0.8606754250059091,0.0514834912319202,5.0,0.43333333333333335
4158,142920,0.86065300000591,0.02215735641948413,5.0,0.43333333333333335
4159,142971,0.8606032750059122,0.05002218103618361,5.0,0.4666666666666667
4160,142994,0.8605808500059131,0.021134145878022537,5.0,0.4666666666666667
4161,143017,0.8605584250059141,0.02235032635508105,5.0,0.4666666666666667
4162,143040,0.860536000005915,0.021704880753532052,5.0,0.43333333333333335
4163,143063,0.860513575005916,0.015537227678578347,5.0,0.43333333333333335
4164,143086,0.8604911500059169,0.015158399241045117,5.0,0.4
4165,143107,0.8604706750059178,0.01342527185624931,5.0,0.4
4166,143226,0.8603546500059227,0.10489332568249665,5.0,0.4666666666666667
4167,143249,0.8603322250059237,0.024640405230456963,5.0,0.4666666666666667
4168,143321,0.8602620250059266,0.06303536889026873,5.0,0.5
4169,143344,0.8602396000059276,0.01823777746176347,5.0,0.5
4170,143367,0.8602171750059285,0.01792382418352645,5.0,0.5
4171,143390,0.8601947500059295,0.017390469613019377,5.0,0.5
4172,143411,0.8601742750059304,0.01831098151160404,5.0,0.4666666666666667
4173,143434,0.8601518500059313,0.02639907374395989,5.0,0.4666666666666667
4174,143457,0.8601294250059323,0.014350348035804927,5.0,0.4666666666666667
4175,143480,0.8601070000059332,0.017487154807895422,5.0,0.4666666666666667
4176,143503,0.8600845750059342,0.012989860362722538,5.0,0.4666666666666667
4177,143524,0.860064100005935,0.014035339336260222,5.0,0.36666666666666664
4178,143593,0.8599968250059379,0.0594512239767937,5.0,0.4
4179,143789,0.859805725005946,0.15813663318112958,5.0,0.5333333333333333
4180,143840,0.8597560000059481,0.07774422611691989,5.0,0.5666666666666667
4181,143891,0.8597062750059502,0.059874038968700916,5.0,0.6
4182,143942,0.8596565500059523,0.040435701739625074,5.0,0.6333333333333333
4183,144044,0.8595571000059565,0.11583395056368317,5.0,0.6
4184,144140,0.8594635000059605,0.10626878085895441,5.0,0.6333333333333333
4185,144163,0.8594410750059615,0.03460746168275364,5.0,0.6
4186,144186,0.8594186500059624,0.029499630240025,5.0,0.6
4187,144209,0.8593962250059634,0.020350754668470472,5.0,0.5666666666666667
4188,144232,0.8593738000059643,0.03172054755850695,5.0,0.5666666666666667
4189,144314,0.8592938500059677,0.08952707698335871,5.0,0.6
4190,144382,0.8592275500059705,0.05507054923509713,5.0,0.6333333333333333
4191,144505,0.8591076250059756,0.14148822918650694,5.0,0.7
4192,144528,0.8590852000059765,0.02190084745234344,5.0,0.7
4193,144579,0.8590354750059787,0.050768716930178925,5.0,0.7333333333333333
4194,144602,0.8590130500059796,0.036017145350342616,5.0,0.7333333333333333
4195,144669,0.8589477250059824,0.07126219326164573,5.0,0.7666666666666667
4196,144692,0.8589253000059833,0.030483620037557557,5.0,0.7
4197,144713,0.8589048250059842,0.016350252233678475,5.0,0.7
4198,144736,0.8588824000059851,0.01433683441428002,5.0,0.6666666666666666
4199,144759,0.8588599750059861,0.019185894692782313,5.0,0.6666666666666666
4200,144782,0.858837550005987,0.030888490291545168,5.0,0.6666666666666666
4201,144805,0.858815125005988,0.02203721276600845,5.0,0.6666666666666666
4202,144828,0.858792700005989,0.02074159844778478,5.0,0.6666666666666666
4203,144851,0.8587702750059899,0.018184286600444466,5.0,0.6666666666666666
4204,144874,0.8587478500059909,0.01895173153025098,5.0,0.6666666666666666
4205,144897,0.8587254250059918,0.032512397156096995,5.0,0.6666666666666666
4206,144920,0.8587030000059928,0.024001550365937874,5.0,0.6666666666666666
4207,144943,0.8586805750059937,0.03449819001252763,5.0,0.6666666666666666
4208,144966,0.8586581500059947,0.03046733420342207,5.0,0.6333333333333333
4209,144989,0.8586357250059956,0.017228432683623396,5.0,0.4666666666666667
4210,145010,0.8586152500059965,0.05738578399177641,5.0,0.43333333333333335
4211,145033,0.8585928250059974,0.09718050307128578,5.0,0.4
4212,145102,0.8585255500060003,0.18265376548515633,5.0,0.4
4213,145174,0.8584553500060033,0.2169705450651236,5.0,0.36666666666666664
4214,145245,0.8583861250060062,0.17642836162121966,5.0,0.3333333333333333
4215,145317,0.8583159250060092,0.15157710085622966,5.0,0.36666666666666664
4216,145340,0.8582935000060101,0.05119715121691115,5.0,0.36666666666666664
4217,145363,0.8582710750060111,0.05500146216945723,5.0,0.36666666666666664
4218,145435,0.858200875006014,0.1370772712107282,5.0,0.4
4219,145458,0.858178450006015,0.04073929850710556,5.0,0.3333333333333333
4220,145481,0.858156025006016,0.05783296894514933,5.0,0.3
4221,145504,0.8581336000060169,0.0417787205951754,5.0,0.23333333333333334
4222,145527,0.8581111750060179,0.03320124209858477,5.0,0.23333333333333334
4223,145550,0.8580887500060188,0.030159339890815318,5.0,0.2
4224,145571,0.8580682750060197,0.037514629744691774,5.0,0.2
4225,145594,0.8580458500060206,0.041295834351330996,5.0,0.16666666666666666
4226,145617,0.8580234250060216,0.0411787245539017,5.0,0.16666666666666666
4227,145638,0.8580029500060224,0.0388746774115134,5.0,0.16666666666666666
4228,145661,0.8579805250060234,0.04786051326664165,5.0,0.16666666666666666
4229,145684,0.8579581000060243,0.03579696558881551,5.0,0.16666666666666666
4230,145707,0.8579356750060253,0.0365090916166082,5.0,0.16666666666666666
4231,145730,0.8579132500060263,0.03295483879628591,5.0,0.16666666666666666
4232,145751,0.8578927750060271,0.03803007263923064,5.0,0.16666666666666666
4233,145772,0.857872300006028,0.029764691047603264,5.0,0.16666666666666666
4234,145793,0.8578518250060289,0.02867900812998414,5.0,0.16666666666666666
4235,145816,0.8578294000060298,0.03918064362369478,5.0,0.16666666666666666
4236,145839,0.8578069750060308,0.028602875012438744,5.0,0.16666666666666666
4237,145862,0.8577845500060317,0.037835198745597154,5.0,0.16666666666666666
4238,145885,0.8577621250060327,0.045496944803744555,5.0,0.16666666666666666
4239,145934,0.8577143500060347,0.07534544632653706,5.0,0.2
4240,145957,0.8576919250060356,0.038026235764846206,5.0,0.2
4241,146055,0.8575963750060397,0.14695471050799824,5.0,0.26666666666666666
4242,146078,0.8575739500060406,0.04041024629259482,5.0,0.23333333333333334
4243,146101,0.8575515250060416,0.03335207898635417,5.0,0.2
4244,146150,0.8575037500060436,0.07437806620146148,5.0,0.2
4245,146221,0.8574345250060466,0.09429074704530649,5.0,0.2
4246,146244,0.8574121000060475,0.022806707944255322,5.0,0.2
4247,146267,0.8573896750060485,0.034544418420409784,5.0,0.2
4248,146290,0.8573672500060494,0.04194229023414664,5.0,0.16666666666666666
4249,146313,0.8573448250060504,0.024583134189015254,5.0,0.16666666666666666
4250,146336,0.8573224000060513,0.02208076065289788,5.0,0.16666666666666666
4251,146359,0.8572999750060523,0.025820974202360958,5.0,0.16666666666666666
4252,146426,0.857234650006055,0.10488035492016934,5.0,0.2
4253,146495,0.8571673750060579,0.09977559914113954,5.0,0.23333333333333334
4254,146566,0.8570981500060608,0.08699667095788755,5.0,0.26666666666666666
4255,146589,0.8570757250060618,0.02362410194473341,5.0,0.26666666666666666
4256,146612,0.8570533000060627,0.029672040545847267,5.0,0.26666666666666666
4257,146681,0.8569860250060656,0.10970999917481095,5.0,0.3
4258,146702,0.8569655500060664,0.03280473954509944,5.0,0.3
4259,146725,0.8569431250060674,0.023679460340645164,5.0,0.3
4260,146797,0.8568729250060704,0.08517925206979271,5.0,0.3333333333333333
4261,146848,0.8568232000060725,0.05675358884036541,5.0,0.36666666666666664
4262,146920,0.8567530000060755,0.09244011258124374,5.0,0.4
4263,146943,0.8567305750060764,0.02875291177770123,5.0,0.4
4264,146994,0.8566808500060785,0.05593087896704674,5.0,0.43333333333333335
4265,147017,0.8566584250060795,0.025793625478399917,5.0,0.43333333333333335
4266,147086,0.8565911500060823,0.06800385701353662,5.0,0.4666666666666667
4267,147158,0.8565209500060853,0.07557664599153213,5.0,0.5
4268,147179,0.8565004750060862,0.026415111118694767,5.0,0.5
4269,147305,0.8563776250060914,0.15606437021051534,5.0,0.5333333333333333
4270,147380,0.8563045000060945,0.10023741936311126,5.0,0.5666666666666667
4271,147403,0.8562820750060954,0.029107063310220838,5.0,0.5
4272,147454,0.8562323500060975,0.06261013346374966,5.0,0.5333333333333333
4273,147525,0.8561631250061005,0.08522221731254831,5.0,0.5666666666666667
4274,147548,0.8561407000061014,0.02129935848643072,5.0,0.5333333333333333
4275,147571,0.8561182750061024,0.02265999815426767,5.0,0.5
4276,147594,0.8560958500061033,0.019705482365679927,5.0,0.5
4277,147676,0.8560159000061067,0.09378567105159163,5.0,0.5666666666666667
4278,147699,0.8559934750061077,0.024423791997833177,5.0,0.5666666666666667
4279,147750,0.8559437500061098,0.0630163103051018,5.0,0.6
4280,147889,0.8558082250061155,0.20424545303103514,5.0,0.7
4281,147958,0.8557409500061184,0.1036493786086794,5.0,0.7333333333333333
4282,148028,0.8556727000061213,0.10521354209049605,5.0,0.7333333333333333
4283,148051,0.8556502750061222,0.04350109724327922,5.0,0.7
4284,148074,0.8556278500061232,0.027162768237758428,5.0,0.6666666666666666
4285,148097,0.8556054250061241,0.026766977534862235,5.0,0.6666666666666666
4286,148120,0.8555830000061251,0.028435420419555157,5.0,0.6666666666666666
4287,148143,0.855560575006126,0.029295500353327952,5.0,0.6333333333333333
4288,148164,0.8555401000061269,0.024910839332733303,5.0,0.6333333333333333
4289,148185,0.8555196250061278,0.023461462667910382,5.0,0.6333333333333333
4290,148208,0.8554972000061287,0.0321962961461395,5.0,0.6
4291,148259,0.8554474750061308,0.05931750783929601,5.0,0.6
4292,148282,0.8554250500061318,0.02243936774902977,5.0,0.5666666666666667
4293,148305,0.8554026250061327,0.03248230222379789,5.0,0.5666666666666667
4294,148326,0.8553821500061336,0.025857988715870306,5.0,0.5333333333333333
4295,148349,0.8553597250061346,0.021248895602184348,5.0,0.5333333333333333
4296,148468,0.8552437000061395,0.15826010861201212,5.0,0.5666666666666667
4297,148491,0.8552212750061404,0.02388325668289326,5.0,0.5333333333333333
4298,148512,0.8552008000061413,0.021181206568144262,5.0,0.5333333333333333
4299,148535,0.8551783750061422,0.020335184904979542,5.0,0.4666666666666667
4300,148558,0.8551559500061432,0.02093449901440181,5.0,0.43333333333333335
4301,148581,0.8551335250061441,0.027723767358111218,5.0,0.43333333333333335
4302,148604,0.8551111000061451,0.021805916127050295,5.0,0.4
4303,148705,0.8550126250061493,0.10189387330319732,5.0,0.43333333333333335
4304,148728,0.8549902000061502,0.020861004712060094,5.0,0.43333333333333335
4305,148751,0.8549677750061512,0.022136238956591114,5.0,0.43333333333333335
4306,148820,0.854900500006154,0.07015393924666569,5.0,0.4666666666666667
4307,148892,0.854830300006157,0.08509363030316308,5.0,0.43333333333333335
4308,148913,0.8548098250061579,0.01531627494841814,5.0,0.43333333333333335
4309,148936,0.8547874000061588,0.016568923863815144,5.0,0.4
4310,148959,0.8547649750061598,0.041567754989955574,5.0,0.3
4311,148982,0.8547425500061607,0.023404118517646566,5.0,0.26666666666666666
4312,149005,0.8547201250061617,0.023644915723707527,5.0,0.23333333333333334
4313,149056,0.8546704000061638,0.05773935295292176,5.0,0.26666666666666666
4314,149106,0.8546216500061659,0.0474778592470102,5.0,0.3
4315,149129,0.8545992250061668,0.01919760041346308,5.0,0.3
4316,149152,0.8545768000061678,0.026063836587127298,5.0,0.3
4317,149175,0.8545543750061687,0.02257902518613264,5.0,0.3
4318,149198,0.8545319500061697,0.02764422047766857,5.0,0.3
4319,149221,0.8545095250061706,0.0249969270080328,5.0,0.3
4320,149244,0.8544871000061716,0.018301397023606114,5.0,0.3
4321,149267,0.8544646750061725,0.020717163337394595,5.0,0.26666666666666666
4322,149334,0.8543993500061753,0.05273427121574059,5.0,0.3
4323,149357,0.8543769250061762,0.02143110241740942,5.0,0.3
4324,149380,0.8543545000061772,0.017608165653655306,5.0,0.3
4325,149403,0.8543320750061781,0.0199339511746075,5.0,0.3
4326,149472,0.854264800006181,0.05128618951130193,5.0,0.26666666666666666
4327,149574,0.8541653500061852,0.106728177604964,5.0,0.3333333333333333
4328,149645,0.8540961250061881,0.07273189276747871,5.0,0.36666666666666664
4329,149666,0.854075650006189,0.016624130512354895,5.0,0.36666666666666664
4330,149738,0.854005450006192,0.06555143091827631,5.0,0.4
4331,149761,0.8539830250061929,0.017092569964006543,5.0,0.4
4332,149784,0.8539606000061939,0.02138011550414376,5.0,0.4
4333,149807,0.8539381750061948,0.01840688454103656,5.0,0.3333333333333333
4334,149877,0.8538699250061977,0.05606340205122251,5.0,0.36666666666666664
4335,149949,0.8537997250062007,0.062891822468373,5.0,0.4
4336,150000,0.8537500000062028,0.049510690980241634,5.0,0.4
4337,150021,0.8537295250062037,0.08595299592707306,5.0,0.36666666666666664
4338,150044,0.8537071000062046,0.07466256723273546,5.0,0.36666666666666664
4339,150067,0.8536846750062056,0.0852384915924631,5.0,0.36666666666666664
4340,150090,0.8536622500062065,0.08522958238609135,5.0,0.36666666666666664
4341,150113,0.8536398250062075,0.0657159688998945,5.0,0.36666666666666664
4342,150134,0.8536193500062084,0.06486016328562982,5.0,0.36666666666666664
4343,150155,0.8535988750062092,0.07204672158695757,5.0,0.3333333333333333
4344,150176,0.8535784000062101,0.060529377369675785,5.0,0.3
4345,150199,0.853555975006211,0.06185104954056442,5.0,0.3
4346,150250,0.8535062500062132,0.11806185269961134,5.0,0.3333333333333333
4347,150319,0.853438975006216,0.1540995154355187,5.0,0.36666666666666664
4348,150391,0.853368775006219,0.16928899352205917,5.0,0.4
4349,150412,0.8533483000062199,0.04768969467841089,5.0,0.4
4350,150481,0.8532810250062227,0.12513013475108892,5.0,0.43333333333333335
4351,150504,0.8532586000062237,0.04110785439843312,5.0,0.43333333333333335
4352,150553,0.8532108250062257,0.08887417896767147,5.0,0.43333333333333335
4353,150651,0.8531152750062297,0.18041849444853142,5.0,0.5
4354,150674,0.8530928500062307,0.03521592007018626,5.0,0.5
4355,150697,0.8530704250062316,0.04515948856715113,5.0,0.5
4356,150720,0.8530480000062326,0.03857477038400248,5.0,0.4666666666666667
4357,150743,0.8530255750062335,0.037940547219477594,5.0,0.4
4358,150766,0.8530031500062345,0.039601389318704605,5.0,0.36666666666666664
4359,150789,0.8529807250062355,0.041595436952775344,5.0,0.36666666666666664
4360,150812,0.8529583000062364,0.03865949760074727,5.0,0.3333333333333333
4361,150835,0.8529358750062374,0.03526971727842465,5.0,0.3333333333333333
4362,150856,0.8529154000062382,0.032726884935982525,5.0,0.3333333333333333
4363,150879,0.8528929750062392,0.036397272313479334,5.0,0.3333333333333333
4364,150900,0.85287250000624,0.027709945861715823,5.0,0.3
4365,150951,0.8528227750062422,0.06519538204884157,5.0,0.3
4366,150974,0.8528003500062431,0.03643638425273821,5.0,0.26666666666666666
4367,150997,0.852777925006244,0.039836377545725554,5.0,0.26666666666666666
4368,151046,0.8527301500062461,0.06798196205636486,5.0,0.3
4369,151132,0.8526463000062496,0.12099165809922852,5.0,0.36666666666666664
4370,151155,0.8526238750062506,0.030864347689202987,5.0,0.36666666666666664
4371,151178,0.8526014500062515,0.03901814634446055,5.0,0.36666666666666664
4372,151245,0.8525361250062543,0.0953984769876115,5.0,0.4
4373,151317,0.8524659250062573,0.10213071561884135,5.0,0.43333333333333335
4374,151340,0.8524435000062582,0.03474668468697928,5.0,0.43333333333333335
4375,151361,0.8524230250062591,0.02079739500186406,5.0,0.43333333333333335
4376,151412,0.8523733000062612,0.07328473977395333,5.0,0.43333333333333335
4377,151433,0.8523528250062621,0.025603215617593378,5.0,0.4
4378,151456,0.852330400006263,0.028065977909136564,5.0,0.36666666666666664
4379,151479,0.852307975006264,0.023698913864791393,5.0,0.36666666666666664
4380,151502,0.8522855500062649,0.021109760913532227,5.0,0.3333333333333333
4381,151525,0.8522631250062659,0.02129765978315845,5.0,0.3333333333333333
4382,151548,0.8522407000062668,0.029119339160388336,5.0,0.3
4383,151569,0.8522202250062677,0.02335114631569013,5.0,0.23333333333333334
4384,151620,0.8521705000062698,0.05473421773058362,5.0,0.26666666666666666
4385,151643,0.8521480750062708,0.0284433392516803,5.0,0.26666666666666666
4386,151666,0.8521256500062717,0.02136615791823715,5.0,0.26666666666666666
4387,151689,0.8521032250062727,0.027635895123239607,5.0,0.26666666666666666
4388,151712,0.8520808000062736,0.026226537534967065,5.0,0.26666666666666666
4389,151779,0.8520154750062764,0.09888753457926214,5.0,0.3
4390,151830,0.8519657500062785,0.05485303976456635,5.0,0.3333333333333333
4391,151853,0.8519433250062795,0.02770097373286262,5.0,0.3333333333333333
4392,152043,0.8517580750062873,0.23338459379738197,5.0,0.5
4393,152066,0.8517356500062883,0.02991622159606777,5.0,0.5
4394,152140,0.8516635000062913,0.0865185423172079,5.0,0.5333333333333333
4395,152163,0.8516410750062923,0.04046583373565227,5.0,0.5
4396,152186,0.8516186500062932,0.028117619745898992,5.0,0.5
4397,152209,0.8515962250062942,0.024825912492815405,5.0,0.5
4398,152260,0.8515465000062963,0.06692851168918423,5.0,0.5
4399,152283,0.8515240750062972,0.027040323737310246,5.0,0.43333333333333335
4400,152306,0.8515016500062982,0.025350824056658894,5.0,0.43333333333333335
4401,152329,0.8514792250062991,0.03137373854406178,5.0,0.43333333333333335
4402,152474,0.8513378500063051,0.1475896390620619,5.0,0.5
4403,152497,0.8513154250063061,0.023238252790179104,5.0,0.4666666666666667
4404,152520,0.851293000006307,0.02237038579187356,5.0,0.4666666666666667
4405,152590,0.8512247500063099,0.06159474144806154,5.0,0.5
4406,152641,0.851175025006312,0.0563289669516962,5.0,0.5
4407,152664,0.851152600006313,0.024297315801959485,5.0,0.5
4408,152687,0.8511301750063139,0.023845703835831955,5.0,0.5
4409,152710,0.8511077500063149,0.029680508421733975,5.0,0.5
4410,152731,0.8510872750063158,0.01969253530842252,5.0,0.5
4411,152754,0.8510648500063167,0.03231038880767301,5.0,0.5
4412,152775,0.8510443750063176,0.024246119253803045,5.0,0.5
4413,152796,0.8510239000063184,0.017364185390761122,5.0,0.5
4414,152867,0.8509546750063214,0.07053006198839284,5.0,0.5
4415,152890,0.8509322500063223,0.019719188334420323,5.0,0.5
4416,152988,0.8508367000063264,0.09338372873025946,5.0,0.5666666666666667
4417,153059,0.8507674750063293,0.06578094203723595,5.0,0.6
4418,153082,0.8507450500063303,0.018010571191553026,5.0,0.6
4419,153103,0.8507245750063311,0.0202149216493126,5.0,0.5666666666666667
4420,153174,0.8506553500063341,0.07654803027980961,5.0,0.5666666666666667
4421,153197,0.850632925006335,0.029917769192252308,5.0,0.5666666666666667
4422,153248,0.8505832000063371,0.03816135090892203,5.0,0.43333333333333335
4423,153271,0.8505607750063381,0.02091694762930274,5.0,0.43333333333333335
4424,153294,0.850538350006339,0.02159816981293261,5.0,0.4
4425,153315,0.8505178750063399,0.035832599591230974,5.0,0.4
4426,153413,0.850422325006344,0.09580060568987392,5.0,0.4666666666666667
4427,153509,0.8503287250063479,0.08545291546033695,5.0,0.5333333333333333
4428,153530,0.8503082500063488,0.01655318701523356,5.0,0.5
4429,153551,0.8502877750063497,0.020445436850422993,5.0,0.5
4430,153574,0.8502653500063506,0.0325398818240501,5.0,0.5
4431,153597,0.8502429250063516,0.02492035095929168,5.0,0.5
4432,153650,0.8501912500063538,0.058168438816210255,5.0,0.43333333333333335
4433,153782,0.8500625500063592,0.12572700012242422,5.0,0.5333333333333333
4434,153805,0.8500401250063602,0.02072640319238417,5.0,0.5333333333333333
4435,153828,0.8500177000063611,0.03361525552463718,5.0,0.5
4436,153926,0.8499221500063652,0.10697531394544058,5.0,0.5333333333333333
4437,153997,0.8498529250063681,0.0793951570376521,5.0,0.5666666666666667
4438,154145,0.8497086250063742,0.15373369719600305,5.0,0.6666666666666666
4439,154220,0.8496355000063773,0.08201087455381639,5.0,0.7
4440,154241,0.8496150250063782,0.021332103584427387,5.0,0.7
4441,154264,0.8495926000063792,0.020651304308557883,5.0,0.7
4442,154287,0.8495701750063801,0.024946641293354332,5.0,0.7
4443,154310,0.849547750006381,0.03462795904488303,5.0,0.7
4444,154361,0.8494980250063832,0.05951916705816984,5.0,0.7
4445,154431,0.8494297750063861,0.05637055938132107,5.0,0.7333333333333333
4446,154454,0.849407350006387,0.01941625465406105,5.0,0.6666666666666666
4447,154477,0.849384925006388,0.024044984922511503,5.0,0.6333333333333333
4448,154498,0.8493644500063888,0.019267607232904993,5.0,0.6333333333333333
4449,154521,0.8493420250063898,0.01828790715080686,5.0,0.6333333333333333
4450,154542,0.8493215500063906,0.014698602506541647,5.0,0.6
4451,154565,0.8492991250063916,0.022249056564760394,5.0,0.6
4452,154588,0.8492767000063925,0.018339729082072154,5.0,0.5666666666666667
4453,154609,0.8492562250063934,0.018856832903111354,5.0,0.5666666666666667
4454,154660,0.8492065000063955,0.038840710432850756,5.0,0.6
4455,154683,0.8491840750063965,0.01396626909263432,5.0,0.6
4456,154706,0.8491616500063974,0.02326495325542055,5.0,0.5333333333333333
4457,154775,0.8490943750064003,0.04621630570909474,5.0,0.5
4458,154847,0.8490241750064033,0.06447575765196234,5.0,0.5333333333333333
4459,154968,0.8489062000064083,0.0918112505460158,5.0,0.6
4460,154991,0.8488837750064092,0.02319089457159862,5.0,0.6
4461,155014,0.8488613500064102,0.08783081852016039,5.0,0.6
4462,155037,0.8488389250064111,0.08757939655333757,5.0,0.5666666666666667
4463,155089,0.8487882250064133,0.1713919930625707,5.0,0.5
4464,155158,0.8487209500064161,0.2363110018777661,5.0,0.5333333333333333
4465,155181,0.8486985250064171,0.06729620904661715,5.0,0.5333333333333333
4466,155300,0.848582500006422,0.27571786966291256,5.0,0.5333333333333333
4467,155372,0.848512300006425,0.17504075350007042,5.0,0.5333333333333333
4468,155422,0.848463550006427,0.12343595069251023,5.0,0.4666666666666667
4469,155493,0.84839432500643,0.1629940307175275,5.0,0.4666666666666667
4470,155568,0.8483212000064331,0.14746424602344632,5.0,0.5
4471,155637,0.8482539250064359,0.13917268958175555,5.0,0.5333333333333333
4472,155658,0.8482334500064368,0.04385389864910394,5.0,0.5333333333333333
4473,155681,0.8482110250064377,0.03214432595996186,5.0,0.5333333333333333
4474,155753,0.8481408250064407,0.1292162601603195,5.0,0.5333333333333333
4475,155776,0.8481184000064417,0.04035774810472503,5.0,0.5
4476,155846,0.8480501500064446,0.12092582631157711,5.0,0.5333333333333333
4477,155867,0.8480296750064454,0.02779842831660062,5.0,0.5333333333333333
4478,155890,0.8480072500064464,0.04018550593173131,5.0,0.5333333333333333
4479,155962,0.8479370500064494,0.10074487229576334,5.0,0.5666666666666667
4480,155985,0.8479146250064503,0.04273732070578262,5.0,0.5666666666666667
4481,156008,0.8478922000064513,0.03688328922726214,5.0,0.5666666666666667
4482,156080,0.8478220000064542,0.10904002099414356,5.0,0.6
4483,156103,0.8477995750064552,0.03183109761448577,5.0,0.6
4484,156177,0.8477274250064583,0.10785381245659664,5.0,0.6
4485,156200,0.8477050000064592,0.03639575745910406,5.0,0.6
4486,156223,0.8476825750064602,0.03592331550316885,5.0,0.6
4487,156246,0.8476601500064611,0.03598462455556728,5.0,0.5666666666666667
4488,156269,0.8476377250064621,0.03449815552448854,5.0,0.5333333333333333
4489,156290,0.8476172500064629,0.02819293102947995,5.0,0.4666666666666667
4490,156342,0.8475665500064651,0.10083345414022915,5.0,0.5
4491,156365,0.847544125006466,0.03795213685953058,5.0,0.5
4492,156388,0.847521700006467,0.02828783285804093,5.0,0.5
4493,156411,0.8474992750064679,0.028928987041581422,5.0,0.4666666666666667
4494,156434,0.8474768500064689,0.03550908714532852,5.0,0.43333333333333335
4495,156455,0.8474563750064698,0.04041186466929503,5.0,0.43333333333333335
4496,156526,0.8473871500064727,0.10890037508215755,5.0,0.4
4497,156549,0.8473647250064736,0.03466911241412163,5.0,0.36666666666666664
4498,156570,0.8473442500064745,0.024833319184836,5.0,0.3333333333333333
4499,156591,0.8473237750064754,0.024787866161204875,5.0,0.3
4500,156662,0.8472545500064783,0.09591748099774122,5.0,0.3
4501,156685,0.8472321250064793,0.03197548829484731,5.0,0.26666666666666666
4502,156802,0.8471180500064841,0.2083989916718565,5.0,0.3333333333333333
4503,156825,0.847095625006485,0.03156678780214861,5.0,0.3333333333333333
4504,156848,0.847073200006486,0.026417903893161565,5.0,0.3
4505,156869,0.8470527250064869,0.02777052065357566,5.0,0.3
4506,156892,0.8470303000064878,0.03176242409972474,5.0,0.26666666666666666
4507,156915,0.8470078750064888,0.030413331813178957,5.0,0.26666666666666666
4508,156966,0.8469581500064909,0.07037280732765794,5.0,0.3
4509,156987,0.8469376750064918,0.04302734014345333,5.0,0.26666666666666666
4510,157010,0.8469152500064927,0.04306658718269318,5.0,0.26666666666666666
4511,157061,0.8468655250064948,0.06925120684900321,5.0,0.3
4512,157129,0.8467992250064976,0.08593908330658451,5.0,0.3
4513,157152,0.8467768000064986,0.028461104491725564,5.0,0.3
4514,157302,0.8466305500065048,0.23814983671763912,5.0,0.36666666666666664
4515,157323,0.8466100750065056,0.03658942735637538,5.0,0.36666666666666664
4516,157346,0.8465876500065066,0.044022013957146555,5.0,0.36666666666666664
4517,157369,0.8465652250065075,0.029835329041816294,5.0,0.36666666666666664
4518,157392,0.8465428000065085,0.039550281391711906,5.0,0.36666666666666664
4519,157443,0.8464930750065106,0.06784144759876654,5.0,0.4
4520,157464,0.8464726000065115,0.021309564064722508,5.0,0.36666666666666664
4521,157487,0.8464501750065124,0.033069913275539875,5.0,0.36666666666666664
4522,157510,0.8464277500065134,0.03358348266920075,5.0,0.36666666666666664
4523,157577,0.8463624250065162,0.10192025385913439,5.0,0.4
4524,157600,0.8463400000065171,0.028796068887459114,5.0,0.4
4525,157623,0.846317575006518,0.02375481295166537,5.0,0.4
4526,157646,0.846295150006519,0.03984481020597741,5.0,0.36666666666666664
4527,157667,0.8462746750065199,0.0457621012465097,5.0,0.36666666666666664
4528,157690,0.8462522500065208,0.030796610459219664,5.0,0.36666666666666664
4529,157739,0.8462044750065228,0.07215754507342353,5.0,0.4
4530,157762,0.8461820500065238,0.047821293701417744,5.0,0.36666666666666664
4531,157785,0.8461596250065248,0.03367336990777403,5.0,0.36666666666666664
4532,157836,0.8461099000065269,0.06144036562182009,5.0,0.3333333333333333
4533,157857,0.8460894250065277,0.03503636713139713,5.0,0.3333333333333333
4534,157880,0.8460670000065287,0.03191881492966786,5.0,0.3333333333333333
4535,157951,0.8459977750065316,0.08391186842345633,5.0,0.36666666666666664
4536,158004,0.8459461000065338,0.0747725369874388,5.0,0.4
4537,158027,0.8459236750065348,0.03156587795820087,5.0,0.4
4538,158050,0.8459012500065357,0.031408176640979946,5.0,0.36666666666666664
4539,158071,0.8458807750065366,0.02618131332565099,5.0,0.36666666666666664
4540,158092,0.8458603000065374,0.039957095781574026,5.0,0.36666666666666664
4541,158115,0.8458378750065384,0.03300979518098757,5.0,0.3333333333333333
4542,158138,0.8458154500065393,0.03405744442716241,5.0,0.3
4543,158209,0.8457462250065423,0.11286700732307509,5.0,0.3333333333333333
4544,158230,0.8457257500065432,0.026591692527290434,5.0,0.23333333333333334
4545,158253,0.8457033250065441,0.027212161337956786,5.0,0.23333333333333334
4546,158304,0.8456536000065462,0.05803742544958368,5.0,0.26666666666666666
4547,158327,0.8456311750065472,0.025436674302909523,5.0,0.26666666666666666
4548,158350,0.8456087500065481,0.03823910825303756,5.0,0.26666666666666666
4549,158373,0.8455863250065491,0.02680719262571074,5.0,0.23333333333333334
4550,158396,0.84556390000655,0.025924157875124365,5.0,0.23333333333333334
4551,158447,0.8455141750065521,0.06388593799783848,5.0,0.26666666666666666
4552,158470,0.8454917500065531,0.020685121620772406,5.0,0.26666666666666666
4553,158493,0.845469325006554,0.032639229801134206,5.0,0.23333333333333334
4554,158516,0.845446900006555,0.02176441444316879,5.0,0.23333333333333334
4555,158539,0.8454244750065559,0.03485983036807738,5.0,0.23333333333333334
4556,158562,0.8454020500065569,0.02788007675553672,5.0,0.23333333333333334
4557,158583,0.8453815750065578,0.030501942965202034,5.0,0.23333333333333334
4558,158634,0.8453318500065599,0.06279642478330061,5.0,0.26666666666666666
4559,158657,0.8453094250065608,0.030915794981410727,5.0,0.23333333333333334
4560,158680,0.8452870000065618,0.0327859359967988,5.0,0.23333333333333334
4561,158782,0.845187550006566,0.13941872041323222,5.0,0.3
4562,158803,0.8451670750065668,0.01970351385534741,5.0,0.26666666666666666
4563,158824,0.8451466000065677,0.01929295383160934,5.0,0.26666666666666666
4564,158847,0.8451241750065687,0.0269916987454053,5.0,0.26666666666666666
4565,158870,0.8451017500065696,0.02257206867216155,5.0,0.23333333333333334
4566,158921,0.8450520250065717,0.06436124289757572,5.0,0.23333333333333334
4567,158944,0.8450296000065727,0.03364376345416531,5.0,0.23333333333333334
4568,158965,0.8450091250065735,0.022074603592045605,5.0,0.23333333333333334
4569,158988,0.8449867000065745,0.02654852540581487,5.0,0.23333333333333334
4570,159011,0.8449642750065754,0.028468243748648092,5.0,0.23333333333333334
4571,159062,0.8449145500065776,0.05041574792994652,5.0,0.26666666666666666
4572,159163,0.8448160750065817,0.12588880988187157,5.0,0.3333333333333333
4573,159186,0.8447936500065827,0.029752476344583556,5.0,0.3
4574,159209,0.8447712250065836,0.03089844240457751,5.0,0.3
4575,159230,0.8447507500065845,0.03234751627314836,5.0,0.3
4576,159301,0.8446815250065874,0.10016001676558517,5.0,0.3
4577,159324,0.8446591000065884,0.02970061096129939,5.0,0.3
4578,159345,0.8446386250065893,0.029420380480587482,5.0,0.3
4579,159416,0.8445694000065922,0.08606145167141221,5.0,0.3333333333333333
4580,159439,0.8445469750065931,0.030515434948028997,5.0,0.3333333333333333
4581,159462,0.8445245500065941,0.027359015482943505,5.0,0.3
4582,159485,0.844502125006595,0.02855284939869307,5.0,0.3
4583,159508,0.844479700006596,0.026505087851546705,5.0,0.3
4584,159557,0.844431925006598,0.05693780758883804,5.0,0.3333333333333333
4585,159580,0.844409500006599,0.02219470581621863,5.0,0.3333333333333333
4586,159680,0.8443120000066031,0.11355084099341184,5.0,0.4
4587,159701,0.844291525006604,0.019916163117159158,5.0,0.4
4588,159724,0.8442691000066049,0.024394291714997962,5.0,0.36666666666666664
4589,159745,0.8442486250066058,0.021727755287429318,5.0,0.36666666666666664
4590,159768,0.8442262000066068,0.023267668235348538,5.0,0.36666666666666664
4591,159791,0.8442037750066077,0.020790703798411414,5.0,0.3
4592,159814,0.8441813500066087,0.024002006597584113,5.0,0.3
4593,159865,0.8441316250066108,0.05421663317247294,5.0,0.3333333333333333
4594,159934,0.8440643500066136,0.0717688804725185,5.0,0.36666666666666664
4595,159957,0.8440419250066146,0.025784299534279853,5.0,0.36666666666666664
4596,159980,0.8440195000066155,0.023184143123216927,5.0,0.3333333333333333
4597,160003,0.8439970750066165,0.027541443763766438,5.0,0.3333333333333333
4598,160026,0.8439746500066174,0.08276722219306976,5.0,0.3333333333333333
4599,160049,0.8439522250066184,0.08594058407470584,5.0,0.3333333333333333
4600,160100,0.8439025000066205,0.1653170867357403,5.0,0.36666666666666664
4601,160123,0.8438800750066214,0.0752711771056056,5.0,0.3333333333333333
4602,160144,0.8438596000066223,0.08476845105178654,5.0,0.26666666666666666
4603,160165,0.8438391250066232,0.06890839571133256,5.0,0.26666666666666666
4604,160188,0.8438167000066241,0.08269383053993806,5.0,0.26666666666666666
4605,160211,0.8437942750066251,0.059204312157817185,5.0,0.26666666666666666
4606,160234,0.843771850006626,0.07563648436916992,5.0,0.23333333333333334
4607,160303,0.8437045750066289,0.205106669687666,5.0,0.26666666666666666
4608,160324,0.8436841000066297,0.05141547863604501,5.0,0.26666666666666666
4609,160347,0.8436616750066307,0.06693313049618155,5.0,0.23333333333333334
4610,160417,0.8435934250066336,0.1536119690281339,5.0,0.26666666666666666
4611,160486,0.8435261500066364,0.14775980589911342,5.0,0.3
4612,160660,0.8433565000066436,0.408216989482753,5.0,0.43333333333333335
4613,160683,0.8433340750066446,0.06404635985381901,5.0,0.43333333333333335
4614,160706,0.8433116500066455,0.05529078928520903,5.0,0.4
4615,160829,0.8431917250066506,0.23822075966745615,5.0,0.4666666666666667
4616,160852,0.8431693000066516,0.0389913612161763,5.0,0.4
4617,160875,0.8431468750066525,0.055958197510335594,5.0,0.4
4618,160898,0.8431244500066535,0.04999742383370176,5.0,0.4
4619,160967,0.8430571750066563,0.13124205952044576,5.0,0.43333333333333335
4620,160990,0.8430347500066573,0.04937005270039663,5.0,0.43333333333333335
4621,161062,0.8429645500066603,0.14183019020128995,5.0,0.4666666666666667
4622,161210,0.8428202500066664,0.302331726095872,5.0,0.5666666666666667
4623,161233,0.8427978250066673,0.03682840181863867,5.0,0.5333333333333333
4624,161254,0.8427773500066682,0.05520935234380886,5.0,0.5
4625,161277,0.8427549250066692,0.052179932477883995,5.0,0.5
4626,161300,0.8427325000066701,0.025017689709784463,5.0,0.5
4627,161398,0.8426369500066742,0.15389325917931274,5.0,0.5666666666666667
4628,161520,0.8425180000066792,0.20107225747779012,5.0,0.6333333333333333
4629,161541,0.8424975250066801,0.03409233869751915,5.0,0.6333333333333333
4630,161564,0.842475100006681,0.03395163733512163,5.0,0.6
4631,161587,0.842452675006682,0.03318359621334821,5.0,0.6
4632,161654,0.8423873500066847,0.10095392510993406,5.0,0.6333333333333333
4633,161677,0.8423649250066857,0.029510322958230972,5.0,0.6333333333333333
4634,161700,0.8423425000066866,0.02737126316060312,5.0,0.6333333333333333
4635,161723,0.8423200750066876,0.04118805791949853,5.0,0.6333333333333333
4636,161821,0.8422245250066916,0.141326683369698,5.0,0.7
4637,161844,0.8422021000066926,0.029346092225750908,5.0,0.6666666666666666
4638,161867,0.8421796750066936,0.04440859338501468,5.0,0.6666666666666666
4639,161890,0.8421572500066945,0.03376939764712006,5.0,0.6666666666666666
4640,161913,0.8421348250066955,0.03450979484478012,5.0,0.6333333333333333
4641,161984,0.8420656000066984,0.10286503276438452,5.0,0.6333333333333333
4642,162005,0.8420451250066993,0.02355670035467483,5.0,0.5
4643,162076,0.8419759000067022,0.08774338068906218,5.0,0.5333333333333333
4644,162099,0.8419534750067031,0.03691152879036963,5.0,0.5333333333333333
4645,162221,0.8418345250067082,0.16832931042881683,5.0,0.5333333333333333
4646,162244,0.8418121000067091,0.03746410348685458,5.0,0.5333333333333333
4647,162295,0.8417623750067112,0.05601503106299788,5.0,0.5666666666666667
4648,162366,0.8416931500067142,0.11779365219990723,5.0,0.6
4649,162387,0.841672675006715,0.02593374386196956,5.0,0.5666666666666667
4650,162410,0.841650250006716,0.02782439487054944,5.0,0.5666666666666667
4651,162433,0.841627825006717,0.02954908349784091,5.0,0.5333333333333333
4652,162456,0.8416054000067179,0.022348194557707757,5.0,0.43333333333333335
4653,162479,0.8415829750067189,0.030242295935750008,5.0,0.43333333333333335
4654,162530,0.841533250006721,0.07252532805432566,5.0,0.4666666666666667
4655,162599,0.8414659750067238,0.10946015320951119,5.0,0.5
4656,162622,0.8414435500067248,0.03367576951859519,5.0,0.5
4657,162643,0.8414230750067256,0.028177376196254045,5.0,0.43333333333333335
4658,162762,0.8413070500067306,0.14522304080310278,5.0,0.43333333333333335
4659,162834,0.8412368500067335,0.0979924697894603,5.0,0.4666666666666667
4660,162857,0.8412144250067345,0.028077572758775204,5.0,0.4666666666666667
4661,162880,0.8411920000067354,0.03395167784765363,5.0,0.4666666666666667
4662,162901,0.8411715250067363,0.0350486621609889,5.0,0.43333333333333335
4663,162973,0.8411013250067393,0.07462403961108066,5.0,0.4666666666666667
4664,162996,0.8410789000067402,0.030147797137033194,5.0,0.4666666666666667
4665,163017,0.8410584250067411,0.027796668029623106,5.0,0.4666666666666667
4666,163087,0.840990175006744,0.1074516134976875,5.0,0.43333333333333335
4667,163108,0.8409697000067449,0.02895227982662618,5.0,0.43333333333333335
4668,163131,0.8409472750067458,0.027665836474625394,5.0,0.43333333333333335
4669,163154,0.8409248500067468,0.03423283784650266,5.0,0.43333333333333335
4670,163177,0.8409024250067477,0.023676095210248604,5.0,0.43333333333333335
4671,163200,0.8408800000067487,0.024260322330519557,5.0,0.4
4672,163223,0.8408575750067496,0.0361815543146804,5.0,0.4
4673,163274,0.8408078500067517,0.05469162855297327,5.0,0.4
4674,163343,0.8407405750067546,0.10040957768796943,5.0,0.43333333333333335
4675,163366,0.8407181500067555,0.02676533436169848,5.0,0.36666666666666664
4676,163437,0.8406489250067585,0.08068745842319913,5.0,0.4
4677,163460,0.8406265000067594,0.03626262370380573,5.0,0.36666666666666664
4678,163481,0.8406060250067603,0.02581029394059442,5.0,0.3333333333333333
4679,163502,0.8405855500067612,0.027786134887719527,5.0,0.3333333333333333
4680,163525,0.8405631250067621,0.030426522716879845,5.0,0.3333333333333333
4681,163576,0.8405134000067642,0.06635996751720086,5.0,0.36666666666666664
4682,163628,0.8404627000067664,0.06400925849447958,5.0,0.4
4683,163651,0.8404402750067673,0.02627577871317044,5.0,0.4
4684,163674,0.8404178500067683,0.02492955874186009,5.0,0.36666666666666664
4685,163697,0.8403954250067692,0.018784047482768074,5.0,0.3333333333333333
4686,163720,0.8403730000067702,0.03383843234041706,5.0,0.3333333333333333
4687,163771,0.8403232750067723,0.06324056783341803,5.0,0.36666666666666664
4688,163821,0.8402745250067744,0.06112502288306132,5.0,0.3333333333333333
4689,163844,0.8402521000067753,0.030388956132810563,5.0,0.3
4690,163913,0.8401848250067782,0.10012035720865242,5.0,0.3333333333333333
4691,163982,0.840117550006781,0.08523957445868291,5.0,0.36666666666666664
4692,164151,0.839952775006788,0.19255890120984986,5.0,0.4666666666666667
4693,164172,0.8399323000067889,0.036091837333515286,5.0,0.43333333333333335
4694,164248,0.839858200006792,0.09326961505576037,5.0,0.4666666666666667
4695,164351,0.8397577750067963,0.148841852977057,5.0,0.5333333333333333
4696,164374,0.8397353500067972,0.028925863589392975,5.0,0.5
4697,164397,0.8397129250067982,0.022111517726443708,5.0,0.5
4698,164420,0.8396905000067991,0.036787198681849986,5.0,0.5
4699,164443,0.8396680750068001,0.02694840944604948,5.0,0.5
4700,164466,0.839645650006801,0.023064481880282983,5.0,0.5
4701,164489,0.839623225006802,0.024901506025344133,5.0,0.5
4702,164512,0.8396008000068029,0.021504681993974373,5.0,0.5
4703,164535,0.8395783750068039,0.027821134426631033,5.0,0.4666666666666667
4704,164556,0.8395579000068047,0.022590141772525385,5.0,0.43333333333333335
4705,164579,0.8395354750068057,0.02723841171246022,5.0,0.43333333333333335
4706,164602,0.8395130500068066,0.023082573956344277,5.0,0.4
4707,164625,0.8394906250068076,0.02000814428902231,5.0,0.4
4708,164648,0.8394682000068086,0.030712609499460086,5.0,0.4
4709,164671,0.8394457750068095,0.022825933032436296,5.0,0.4
4710,164741,0.8393775250068124,0.06798516993876547,5.0,0.43333333333333335
4711,164764,0.8393551000068133,0.028106595011195168,5.0,0.4
4712,164787,0.8393326750068143,0.025774995214305818,5.0,0.36666666666666664
4713,164808,0.8393122000068152,0.02166191374999471,5.0,0.36666666666666664
4714,164831,0.8392897750068161,0.033785337436711416,5.0,0.36666666666666664
4715,164854,0.8392673500068171,0.03993831021944061,5.0,0.36666666666666664
4716,164877,0.839244925006818,0.040113097231369466,5.0,0.36666666666666664
4717,164957,0.8391669250068213,0.09927279443945736,5.0,0.4
4718,164980,0.8391445000068223,0.02437910725711845,5.0,0.36666666666666664
4719,165049,0.8390772250068251,0.28424838557839394,5.0,0.4
4720,165070,0.839056750006826,0.09094481414649636,5.0,0.36666666666666664
4721,165093,0.839034325006827,0.08813655097037554,5.0,0.3333333333333333
4722,165114,0.8390138500068278,0.06964088568929583,5.0,0.23333333333333334
4723,165164,0.8389651000068299,0.16996129998005927,5.0,0.26666666666666666
4724,165215,0.838915375006832,0.16471055703004822,5.0,0.26666666666666666
4725,165238,0.838892950006833,0.07203487574588507,5.0,0.2
4726,165308,0.8388247000068358,0.18511464330367744,5.0,0.23333333333333334
4727,165378,0.8387564500068387,0.1806667116470635,5.0,0.26666666666666666
4728,165401,0.8387340250068397,0.052616508095525205,5.0,0.26666666666666666
4729,165476,0.8386609000068428,0.182364908978343,5.0,0.3
4730,165525,0.8386131250068448,0.12593756668502465,5.0,0.3333333333333333
4731,165548,0.8385907000068458,0.058612345485016704,5.0,0.3333333333333333
4732,165569,0.8385702250068466,0.05857126007322222,5.0,0.3333333333333333
4733,165592,0.8385478000068476,0.05357193254167214,5.0,0.3333333333333333
4734,165661,0.8384805250068504,0.16052316018613055,5.0,0.36666666666666664
4735,165684,0.8384581000068514,0.04338994872523472,5.0,0.36666666666666664
4736,165707,0.8384356750068523,0.05255830817623064,5.0,0.36666666666666664
4737,165730,0.8384132500068533,0.04612629400799051,5.0,0.36666666666666664
4738,165753,0.8383908250068542,0.05621048976900056,5.0,0.36666666666666664
4739,165825,0.8383206250068572,0.14741660375148058,5.0,0.4
4740,165894,0.8382533500068601,0.13215276593109593,5.0,0.4
4741,165917,0.838230925006861,0.05586735502583906,5.0,0.4
4742,165940,0.838208500006862,0.050529993197415024,5.0,0.4
4743,165963,0.8381860750068629,0.04313093260861933,5.0,0.4
4744,166082,0.8380700500068679,0.2090567233681213,5.0,0.4666666666666667
4745,166105,0.8380476250068688,0.03990771871758625,5.0,0.4666666666666667
4746,166128,0.8380252000068698,0.03884307621046901,5.0,0.4666666666666667
4747,166199,0.8379559750068727,0.12419239277369343,5.0,0.43333333333333335
4748,166222,0.8379335500068736,0.039390848483890295,5.0,0.43333333333333335
4749,166243,0.8379130750068745,0.036247167037799954,5.0,0.4
4750,166266,0.8378906500068755,0.049240834603551775,5.0,0.4
4751,166289,0.8378682250068764,0.03892722725868225,5.0,0.4
4752,166312,0.8378458000068774,0.033439455030020326,5.0,0.4
4753,166335,0.8378233750068783,0.04309592553181574,5.0,0.36666666666666664
4754,166358,0.8378009500068793,0.03693905449472368,5.0,0.3333333333333333
4755,166379,0.8377804750068801,0.04192971554584801,5.0,0.3333333333333333
4756,166402,0.8377580500068811,0.035362498834729195,5.0,0.3
4757,166425,0.837735625006882,0.03822224194300361,5.0,0.26666666666666666
4758,166448,0.837713200006883,0.035965559363830835,5.0,0.26666666666666666
4759,166471,0.8376907750068839,0.04279091866919771,5.0,0.23333333333333334
4760,166522,0.837641050006886,0.08666785719105974,5.0,0.23333333333333334
4761,166545,0.837618625006887,0.03522966179298237,5.0,0.23333333333333334
4762,166568,0.837596200006888,0.03818626416614279,5.0,0.23333333333333334
4763,166591,0.8375737750068889,0.038581389089813456,5.0,0.23333333333333334
4764,166614,0.8375513500068898,0.03919451934052631,5.0,0.2
4765,166710,0.8374577500068938,0.1592748636030592,5.0,0.26666666666666666
4766,166733,0.8374353250068948,0.0462019388214685,5.0,0.26666666666666666
4767,166756,0.8374129000068957,0.04089974248199724,5.0,0.26666666666666666
4768,166779,0.8373904750068967,0.04507624247344211,5.0,0.26666666666666666
4769,166800,0.8373700000068975,0.032947592553682625,5.0,0.23333333333333334
4770,166851,0.8373202750068997,0.07671806612052023,5.0,0.23333333333333334
4771,166874,0.8372978500069006,0.03540615690872073,5.0,0.23333333333333334
4772,166897,0.8372754250069016,0.03370456016273238,5.0,0.23333333333333334
4773,166998,0.8371769500069057,0.16236429696436971,5.0,0.3
4774,167021,0.8371545250069067,0.033273096807533875,5.0,0.23333333333333334
4775,167044,0.8371321000069076,0.04805534990737215,5.0,0.23333333333333334
4776,167067,0.8371096750069086,0.035530212975572795,5.0,0.23333333333333334
4777,167090,0.8370872500069095,0.03628799825673923,5.0,0.2
4778,167113,0.8370648250069105,0.03941449357080273,5.0,0.2
4779,167136,0.8370424000069114,0.030903074541129172,5.0,0.2
4780,167159,0.8370199750069124,0.03466978156939149,5.0,0.2
4781,167228,0.8369527000069152,0.10015185066731647,5.0,0.23333333333333334
4782,167279,0.8369029750069173,0.06542985685518943,5.0,0.26666666666666666
4783,167351,0.8368327750069203,0.1075094063708093,5.0,0.3
4784,167404,0.8367811000069225,0.07145733883953653,5.0,0.3333333333333333
4785,167473,0.8367138250069254,0.09836966064176522,5.0,0.36666666666666664
4786,167496,0.8366914000069263,0.02433073808788322,5.0,0.36666666666666664
4787,167592,0.8365978000069303,0.1364351306692697,5.0,0.43333333333333335
4788,167615,0.8365753750069312,0.03433077654335648,5.0,0.43333333333333335
4789,167636,0.8365549000069321,0.029632342630065978,5.0,0.43333333333333335
4790,167657,0.836534425006933,0.0281071150675416,5.0,0.4
4791,167680,0.8365120000069339,0.026575763302389532,5.0,0.4
4792,167701,0.8364915250069348,0.027292179001960903,5.0,0.4
4793,167799,0.8363959750069389,0.12933478577178903,5.0,0.4666666666666667
4794,167870,0.8363267500069418,0.08794757953728549,5.0,0.5
4795,167891,0.8363062750069427,0.03467844281112775,5.0,0.43333333333333335
4796,167942,0.8362565500069448,0.060241972270887345,5.0,0.4666666666666667
4797,167965,0.8362341250069457,0.030798381398199126,5.0,0.4666666666666667
4798,167988,0.8362117000069467,0.024645470402901992,5.0,0.4666666666666667
4799,168011,0.8361892750069476,0.02506487024948001,5.0,0.4666666666666667
4800,168034,0.8361668500069486,0.030283572676125914,5.0,0.43333333333333335
4801,168057,0.8361444250069495,0.02501286764163524,5.0,0.43333333333333335
4802,168080,0.8361220000069505,0.02951250330079347,5.0,0.43333333333333335
4803,168103,0.8360995750069514,0.025770359294256195,5.0,0.36666666666666664
4804,168124,0.8360791000069523,0.03132585750427097,5.0,0.36666666666666664
4805,168147,0.8360566750069532,0.02995714996359311,5.0,0.36666666666666664
4806,168200,0.8360050000069554,0.05385217923321761,5.0,0.4
4807,168268,0.8359387000069582,0.09468109617591836,5.0,0.43333333333333335
4808,168337,0.8358714250069611,0.08380184858106077,5.0,0.4666666666666667
4809,168360,0.835849000006962,0.02621935633942485,5.0,0.4666666666666667
4810,168433,0.8357778250069651,0.09277799114352092,5.0,0.5
4811,168553,0.83566082500697,0.13674298414844088,5.0,0.5333333333333333
4812,168576,0.835638400006971,0.024899228737922385,5.0,0.5
4813,168627,0.8355886750069731,0.06440454852418043,5.0,0.5
4814,168650,0.835566250006974,0.025416526739718392,5.0,0.4666666666666667
4815,168722,0.835496050006977,0.07168505969457328,5.0,0.4666666666666667
4816,168745,0.835473625006978,0.022567386244190857,5.0,0.4666666666666667
4817,168845,0.8353761250069821,0.10744718895875849,5.0,0.4666666666666667
4818,168868,0.8353537000069831,0.04464979958720505,5.0,0.4666666666666667
4819,168891,0.835331275006984,0.040215210465248674,5.0,0.4666666666666667
4820,168914,0.835308850006985,0.025102927756961435,5.0,0.4666666666666667
4821,169045,0.8351811250069904,0.15107680871733464,5.0,0.5666666666666667
4822,169116,0.8351119000069933,0.10126906650839373,5.0,0.6
4823,169137,0.8350914250069942,0.020920312381349504,5.0,0.5333333333333333
4824,169209,0.8350212250069972,0.079098282760242,5.0,0.5333333333333333
4825,169230,0.835000750006998,0.024949556827777997,5.0,0.5333333333333333
4826,169283,0.8349490750070002,0.07948842359473929,5.0,0.5333333333333333
4827,169352,0.8348818000070031,0.08485548372846097,5.0,0.5666666666666667
4828,169375,0.834859375007004,0.03600612952141091,5.0,0.5666666666666667
4829,169398,0.834836950007005,0.02190913600497879,5.0,0.5666666666666667
4830,169419,0.8348164750070058,0.028031887515680864,5.0,0.5666666666666667
4831,169442,0.8347940500070068,0.026977808272931725,5.0,0.5666666666666667
4832,169463,0.8347735750070077,0.03254003787878901,5.0,0.5666666666666667
4833,169484,0.8347531000070085,0.046156679483829066,5.0,0.5666666666666667
4834,169505,0.8347326250070094,0.023955548007506877,5.0,0.5666666666666667
4835,169528,0.8347102000070104,0.031925135146593675,5.0,0.5666666666666667
4836,169551,0.8346877750070113,0.023053802869981155,5.0,0.5333333333333333
4837,169572,0.8346673000070122,0.031776945339515805,5.0,0.5
4838,169595,0.8346448750070131,0.024855610594386235,5.0,0.4666666666666667
4839,169616,0.834624400007014,0.027899207663722336,5.0,0.4666666666666667
4840,169712,0.834530800007018,0.11630993967992254,5.0,0.5
4841,169735,0.8345083750070189,0.034365187952062115,5.0,0.43333333333333335
4842,169805,0.8344401250070218,0.08747856196714565,5.0,0.4666666666666667
4843,169828,0.8344177000070228,0.03156258910894394,5.0,0.43333333333333335
4844,169851,0.8343952750070237,0.037824317696504295,5.0,0.43333333333333335
4845,169922,0.8343260500070266,0.08004010352306068,5.0,0.43333333333333335
4846,170020,0.8342305000070307,0.18164852145127952,5.0,0.5
4847,170210,0.8340452500070386,0.6687954233493656,5.0,0.5666666666666667
4848,170231,0.8340247750070394,0.05175226728897542,5.0,0.5666666666666667
4849,170333,0.8339253250070436,0.2404070678167045,5.0,0.6333333333333333
4850,170356,0.8339029000070446,0.060646222438663244,5.0,0.6333333333333333
4851,170379,0.8338804750070455,0.07151092879939824,5.0,0.5333333333333333
4852,170463,0.833798575007049,0.21574155165581033,5.0,0.5666666666666667
4853,170532,0.8337313000070519,0.16094173956662416,5.0,0.6
4854,170555,0.8337088750070528,0.05284745991230011,5.0,0.5666666666666667
4855,170628,0.8336377000070558,0.17061426461441442,5.0,0.6
4856,170651,0.8336152750070568,0.05256858200300485,5.0,0.5666666666666667
4857,170674,0.8335928500070577,0.047146532917395234,5.0,0.5333333333333333
4858,170770,0.8334992500070617,0.21108149189967662,5.0,0.6
4859,170791,0.8334787750070626,0.041088547732215375,5.0,0.6
4860,170812,0.8334583000070634,0.049492098100017756,5.0,0.6
4861,170835,0.8334358750070644,0.03999772487441078,5.0,0.6
4862,170856,0.8334154000070653,0.04525372537318617,5.0,0.6
4863,170879,0.8333929750070662,0.041967689467128366,5.0,0.6
4864,170900,0.8333725000070671,0.05085369665175676,5.0,0.6
4865,170923,0.833350075007068,0.039861990429926664,5.0,0.6
4866,170946,0.833327650007069,0.04406409355578944,5.0,0.6
4867,170967,0.8333071750070699,0.042208244442008436,5.0,0.6
4868,170990,0.8332847500070708,0.0448412224650383,5.0,0.6
4869,171041,0.8332350250070729,0.11922644579317421,5.0,0.6333333333333333
4870,171064,0.8332126000070739,0.04547870595706627,5.0,0.5666666666666667
4871,171087,0.8331901750070748,0.048431509640067816,5.0,0.5666666666666667
4872,171110,0.8331677500070758,0.04248200316214934,5.0,0.5333333333333333
4873,171133,0.8331453250070767,0.05650360096478835,5.0,0.5333333333333333
4874,171156,0.8331229000070777,0.04223282396560535,5.0,0.5333333333333333
4875,171179,0.8331004750070786,0.049215063569135964,5.0,0.5
4876,171230,0.8330507500070807,0.08355803386075422,5.0,0.4666666666666667
4877,171253,0.8330283250070817,0.05121048050932586,5.0,0.3333333333333333
4878,171276,0.8330059000070826,0.042431227455381304,5.0,0.3333333333333333
4879,171395,0.8328898750070876,0.19007690786384046,5.0,0.3333333333333333
4880,171467,0.8328196750070905,0.11459189606830478,5.0,0.36666666666666664
4881,171490,0.8327972500070915,0.02935253013856709,5.0,0.36666666666666664
4882,171513,0.8327748250070924,0.04287549160653725,5.0,0.3
4883,171536,0.8327524000070934,0.03815234109060839,5.0,0.26666666666666666
4884,171557,0.8327319250070943,0.039804257976356894,5.0,0.26666666666666666
4885,171626,0.8326646500070971,0.1171930231503211,5.0,0.26666666666666666
4886,171696,0.8325964000071,0.1278650763852056,5.0,0.3
4887,171777,0.8325174250071034,0.12416478904196993,5.0,0.36666666666666664
4888,171800,0.8324950000071043,0.04931141738779843,5.0,0.3
4889,171823,0.8324725750071053,0.033417061145883054,5.0,0.3
4890,171844,0.8324521000071061,0.04085750522790477,5.0,0.3
4891,171942,0.8323565500071102,0.16232969553675503,5.0,0.36666666666666664
4892,171965,0.8323341250071111,0.043080876872409135,5.0,0.36666666666666664
4893,172036,0.8322649000071141,0.10165975883137435,5.0,0.4
4894,172086,0.8322161500071161,0.07228988473070785,5.0,0.43333333333333335
4895,172139,0.8321644750071183,0.09081072942353785,5.0,0.4666666666666667
4896,172162,0.8321420500071193,0.036930221132934093,5.0,0.4666666666666667
4897,172185,0.8321196250071202,0.03175188769819215,5.0,0.4666666666666667
4898,172236,0.8320699000071223,0.07883380627026781,5.0,0.5
4899,172257,0.8320494250071232,0.032376393384765834,5.0,0.4666666666666667
4900,172280,0.8320270000071242,0.03634972224244848,5.0,0.4666666666666667
4901,172378,0.8319314500071282,0.14430534493294545,5.0,0.5333333333333333
4902,172401,0.8319090250071292,0.034113478555809706,5.0,0.5333333333333333
4903,172424,0.8318866000071301,0.03022854532173369,5.0,0.5333333333333333
4904,172498,0.8318144500071332,0.10529116971883923,5.0,0.5666666666666667
4905,172601,0.8317140250071374,0.169033907528501,5.0,0.6333333333333333
4906,172624,0.8316916000071384,0.024522730731405318,5.0,0.6
4907,172647,0.8316691750071393,0.056828255706932396,5.0,0.6
4908,172714,0.8316038500071421,0.10785049916012213,5.0,0.6333333333333333
4909,172737,0.831581425007143,0.03692783147562295,5.0,0.5666666666666667
4910,172760,0.831559000007144,0.03319433145225048,5.0,0.5333333333333333
4911,172783,0.831536575007145,0.03873732779175043,5.0,0.5333333333333333
4912,172806,0.8315141500071459,0.03913134301546961,5.0,0.5333333333333333
4913,172873,0.8314488250071487,0.11901842357474379,5.0,0.5666666666666667
4914,172896,0.8314264000071496,0.033872982079628855,5.0,0.5666666666666667
4915,172919,0.8314039750071506,0.03470016963547096,5.0,0.5333333333333333
4916,172989,0.8313357250071535,0.10567928952514194,5.0,0.5333333333333333
4917,173010,0.8313152500071543,0.03551788692129776,5.0,0.4666666666666667
4918,173033,0.8312928250071553,0.03377457766328007,5.0,0.4666666666666667
4919,173056,0.8312704000071562,0.02915483887773007,5.0,0.4666666666666667
4920,173128,0.8312002000071592,0.10200700355926529,5.0,0.5
4921,173198,0.8311319500071621,0.09646088042063639,5.0,0.4666666666666667
4922,173221,0.8311095250071631,0.0263946152117569,5.0,0.4666666666666667
4923,173242,0.8310890500071639,0.023039443796733394,5.0,0.43333333333333335
4924,173263,0.8310685750071648,0.026916732836980373,5.0,0.4
4925,173286,0.8310461500071658,0.02940747153479606,5.0,0.36666666666666664
4926,173309,0.8310237250071667,0.029771310684736818,5.0,0.36666666666666664
4927,173332,0.8310013000071677,0.03338711481774226,5.0,0.36666666666666664
4928,173355,0.8309788750071686,0.02866260037990287,5.0,0.3333333333333333
4929,173545,0.8307936250071765,0.2694453658477869,5.0,0.4666666666666667
4930,173568,0.8307712000071774,0.04112304194131866,5.0,0.4666666666666667
4931,173591,0.8307487750071784,0.03181720821885392,5.0,0.4
4932,173614,0.8307263500071793,0.03020278480835259,5.0,0.4
4933,173667,0.8306746750071815,0.07452286122133955,5.0,0.43333333333333335
4934,173735,0.8306083750071843,0.09280991929699667,5.0,0.43333333333333335
4935,173758,0.8305859500071853,0.033307596022496,5.0,0.36666666666666664
4936,173856,0.8304904000071893,0.1483570481359493,5.0,0.43333333333333335
4937,173879,0.8304679750071903,0.02996068081120029,5.0,0.43333333333333335
4938,173946,0.830402650007193,0.10340629587881267,5.0,0.43333333333333335
4939,173969,0.830380225007194,0.03421335469465703,5.0,0.43333333333333335
4940,174041,0.830310025007197,0.11112731538014486,5.0,0.4666666666666667
4941,174064,0.8302876000071979,0.03243306669173762,5.0,0.4666666666666667
4942,174113,0.8302398250072,0.060884800157509744,5.0,0.5
4943,174136,0.8302174000072009,0.030695569701492786,5.0,0.4666666666666667
4944,174159,0.8301949750072019,0.02566650469088927,5.0,0.4666666666666667
4945,174229,0.8301267250072047,0.08852753724204376,5.0,0.5
4946,174252,0.8301043000072057,0.027859775407705456,5.0,0.4666666666666667
4947,174275,0.8300818750072066,0.03118065878516063,5.0,0.4666666666666667
4948,174298,0.8300594500072076,0.031616737542208284,5.0,0.4666666666666667
4949,174321,0.8300370250072086,0.032086935214465484,5.0,0.4666666666666667
4950,174342,0.8300165500072094,0.02443638409022242,5.0,0.43333333333333335
4951,174393,0.8299668250072115,0.06353727413807064,5.0,0.43333333333333335
4952,174416,0.8299444000072125,0.02493770109140314,5.0,0.43333333333333335
4953,174439,0.8299219750072134,0.025703617808176205,5.0,0.43333333333333335
4954,174488,0.8298742000072155,0.06153607621672563,5.0,0.4666666666666667
4955,174511,0.8298517750072164,0.03183550570975058,5.0,0.4666666666666667
4956,174609,0.8297562250072205,0.12147875138907693,5.0,0.5333333333333333
4957,174680,0.8296870000072234,0.09034428367158398,5.0,0.5666666666666667
4958,174703,0.8296645750072243,0.025762514007510617,5.0,0.5666666666666667
4959,174726,0.8296421500072253,0.03097335185157135,5.0,0.43333333333333335
4960,174798,0.8295719500072283,0.08449892910721246,5.0,0.4666666666666667
4961,174867,0.8295046750072311,0.07983685948420316,5.0,0.5
4962,174890,0.8294822500072321,0.030006840563146397,5.0,0.5
4963,174913,0.829459825007233,0.03143964838818647,5.0,0.4666666666666667
4964,174936,0.829437400007234,0.03231634778785519,5.0,0.43333333333333335
4965,174959,0.8294149750072349,0.02636925529805012,5.0,0.43333333333333335
4966,175028,0.8293477000072378,0.20838604809250683,5.0,0.4
4967,175100,0.8292775000072408,0.29619251016993076,5.0,0.43333333333333335
4968,175123,0.8292550750072417,0.07407942391000688,5.0,0.4
4969,175223,0.8291575750072459,0.3064133992884308,5.0,0.4666666666666667
4970,175324,0.82905910000725,0.263357627496589,5.0,0.5
4971,175347,0.829036675007251,0.05707711784634739,5.0,0.5
4972,175370,0.8290142500072519,0.051745173695962876,5.0,0.4666666666666667
4973,175393,0.8289918250072529,0.0578578618587926,5.0,0.4666666666666667
4974,175416,0.8289694000072538,0.05106980842538178,5.0,0.4666666666666667
4975,175439,0.8289469750072548,0.055300103151239455,5.0,0.43333333333333335
4976,175462,0.8289245500072557,0.050121822161599994,5.0,0.43333333333333335
4977,175514,0.8288738500072579,0.13672725326614454,5.0,0.4666666666666667
4978,175537,0.8288514250072588,0.0600290140719153,5.0,0.4666666666666667
4979,175560,0.8288290000072598,0.05992234288714826,5.0,0.4666666666666667
4980,175581,0.8288085250072607,0.04534323886036873,5.0,0.4666666666666667
4981,175604,0.8287861000072616,0.03562906646402553,5.0,0.43333333333333335
4982,175725,0.8286681250072666,0.24338830745546147,5.0,0.5
4983,175826,0.8285696500072708,0.1831290257978253,5.0,0.5666666666666667
4984,175849,0.8285472250072717,0.03827619878575206,5.0,0.5333333333333333
4985,175945,0.8284536250072757,0.1656509247259237,5.0,0.6
4986,176043,0.8283580750072798,0.16826109983958304,5.0,0.6
4987,176064,0.8283376000072806,0.03974647866562009,5.0,0.5666666666666667
4988,176085,0.8283171250072815,0.03694697661558166,5.0,0.5666666666666667
4989,176156,0.8282479000072844,0.1216235957108438,5.0,0.6
4990,176179,0.8282254750072854,0.04147801280487329,5.0,0.5666666666666667
4991,176230,0.8281757500072875,0.0868649926269427,5.0,0.5666666666666667
4992,176362,0.828047050007293,0.230646837153472,5.0,0.6666666666666666
4993,176385,0.8280246250072939,0.036426491977181286,5.0,0.6666666666666666
4994,176436,0.827974900007296,0.09444958041422069,5.0,0.7
4995,176457,0.8279544250072969,0.030761511938180774,5.0,0.7
4996,176480,0.8279320000072978,0.02808755321893841,5.0,0.6666666666666666
4997,176547,0.8278666750073006,0.09817158826626837,5.0,0.6666666666666666
4998,176570,0.8278442500073016,0.04078990069683641,5.0,0.6666666666666666
4999,176593,0.8278218250073025,0.030334788549225777,5.0,0.6
5000,176616,0.8277994000073035,0.03177336655789986,5.0,0.5333333333333333
5001,176639,0.8277769750073044,0.03453249909216538,5.0,0.5333333333333333
5002,176660,0.8277565000073053,0.03000178877846338,5.0,0.5333333333333333
5003,176683,0.8277340750073062,0.029746969928964972,5.0,0.5333333333333333
5004,176706,0.8277116500073072,0.044246944977203384,5.0,0.5333333333333333
5005,176727,0.827691175007308,0.03314017097000033,5.0,0.5333333333333333
5006,176750,0.827668750007309,0.029884292860515416,5.0,0.5333333333333333
5007,176773,0.82764632500731,0.03794429363915697,5.0,0.5
5008,176796,0.8276239000073109,0.026554762705927715,5.0,0.5
5009,176817,0.8276034250073118,0.023482490272726864,5.0,0.5
5010,176886,0.8275361500073146,0.09594112040940672,5.0,0.5333333333333333
5011,176909,0.8275137250073156,0.037138648447580636,5.0,0.5333333333333333
5012,176932,0.8274913000073165,0.036299647588748485,5.0,0.4666666666666667
5013,176955,0.8274688750073175,0.03913025645306334,5.0,0.4
5014,177053,0.8273733250073215,0.15032156658708118,5.0,0.4666666666666667
5015,177174,0.8272553500073265,0.15787007586914115,5.0,0.4666666666666667
5016,177225,0.8272056250073286,0.0684928907721769,5.0,0.43333333333333335
5017,177277,0.8271549250073308,0.08302840980468318,5.0,0.4666666666666667
5018,177300,0.8271325000073317,0.03840233766823076,5.0,0.4666666666666667
5019,177323,0.8271100750073327,0.03290442851721309,5.0,0.43333333333333335
5020,177346,0.8270876500073336,0.03313591476762667,5.0,0.43333333333333335
5021,177369,0.8270652250073346,0.02912750083487481,5.0,0.4
5022,177392,0.8270428000073355,0.029085513204336166,5.0,0.3
5023,177462,0.8269745500073384,0.11399877627263777,5.0,0.3333333333333333
5024,177485,0.8269521250073394,0.03691493405494839,5.0,0.3
5025,177557,0.8268819250073424,0.1019160543801263,5.0,0.3333333333333333
5026,177580,0.8268595000073433,0.02713812029105611,5.0,0.3333333333333333
5027,177649,0.8267922250073462,0.10905885117244907,5.0,0.3333333333333333
5028,177700,0.8267425000073483,0.07326909917173907,5.0,0.36666666666666664
5029,177723,0.8267200750073492,0.036067267472390085,5.0,0.36666666666666664
5030,177746,0.8266976500073502,0.032075210416223854,5.0,0.36666666666666664
5031,177769,0.8266752250073511,0.038192808657186106,5.0,0.36666666666666664
5032,177792,0.8266528000073521,0.031095613696379587,5.0,0.36666666666666664
5033,177815,0.826630375007353,0.0378356717992574,5.0,0.36666666666666664
5034,177838,0.826607950007354,0.03029383736429736,5.0,0.36666666666666664
5035,177955,0.8264938750073588,0.16787762532476336,5.0,0.43333333333333335
5036,178041,0.8264100250073624,0.12291037023533136,5.0,0.5
5037,178064,0.8263876000073633,0.0346894430113025,5.0,0.5
5038,178085,0.8263671250073642,0.029399559076409787,5.0,0.5
5039,178108,0.8263447000073652,0.03952000563731417,5.0,0.5
5040,178131,0.8263222750073661,0.038932116294745356,5.0,0.4666666666666667
5041,178154,0.826299850007367,0.032864226086530834,5.0,0.4666666666666667
5042,178175,0.8262793750073679,0.03155591065296903,5.0,0.4666666666666667
5043,178198,0.8262569500073689,0.03375071007758379,5.0,0.4666666666666667
5044,178221,0.8262345250073698,0.03247819485841319,5.0,0.4
5045,178244,0.8262121000073708,0.03434559964807704,5.0,0.3333333333333333
5046,178267,0.8261896750073717,0.03573959768982604,5.0,0.3
5047,178290,0.8261672500073727,0.02848876209463924,5.0,0.26666666666666666
5048,178313,0.8261448250073736,0.027856088476255536,5.0,0.26666666666666666
5049,178336,0.8261224000073746,0.03136562363943085,5.0,0.26666666666666666
5050,178359,0.8260999750073755,0.035067145072389394,5.0,0.26666666666666666
5051,178382,0.8260775500073765,0.03549204266164452,5.0,0.26666666666666666
5052,178405,0.8260551250073774,0.03631694585783407,5.0,0.26666666666666666
5053,178428,0.8260327000073784,0.028972272673854604,5.0,0.23333333333333334
5054,178451,0.8260102750073793,0.03677084465743974,5.0,0.23333333333333334
5055,178474,0.8259878500073803,0.03419409866910428,5.0,0.2
5056,178497,0.8259654250073812,0.05036843376001343,5.0,0.2
5057,178518,0.8259449500073821,0.027004854229744524,5.0,0.16666666666666666
5058,178587,0.825877675007385,0.10187636676710099,5.0,0.16666666666666666
5059,178738,0.8257304500073912,0.22197729721665382,5.0,0.26666666666666666
5060,178813,0.8256573250073943,0.11934113054303452,5.0,0.3
5061,178836,0.8256349000073953,0.02735408255830407,5.0,0.3
5062,178859,0.8256124750073962,0.039094577747164294,5.0,0.3
5063,178882,0.8255900500073972,0.025688598630949855,5.0,0.3
5064,178903,0.825569575007398,0.03422779095126316,5.0,0.3
5065,178926,0.825547150007399,0.028881376783829182,5.0,0.23333333333333334
5066,178949,0.8255247250073999,0.040992992639075965,5.0,0.16666666666666666
5067,179016,0.8254594000074027,0.08925836990238167,5.0,0.2
5068,179039,0.8254369750074037,0.033218303869944066,5.0,0.2
5069,179062,0.8254145500074046,0.026963025331497192,5.0,0.2
5070,179085,0.8253921250074056,0.02703838879824616,5.0,0.2
5071,179108,0.8253697000074065,0.03664242121158168,5.0,0.2
5072,179177,0.8253024250074094,0.09091969608562067,5.0,0.23333333333333334
5073,179249,0.8252322250074123,0.09591358510078862,5.0,0.26666666666666666
5074,179272,0.8252098000074133,0.02522690306068398,5.0,0.26666666666666666
5075,179343,0.8251405750074162,0.09080118127167225,5.0,0.3
5076,179366,0.8251181500074172,0.025597184780053794,5.0,0.3
5077,179482,0.825005050007422,0.13977838013670407,5.0,0.36666666666666664
5078,179505,0.8249826250074229,0.031051384488819167,5.0,0.36666666666666664
5079,179528,0.8249602000074239,0.029999886348377913,5.0,0.36666666666666664
5080,179600,0.8248900000074268,0.07522689757752232,5.0,0.4
5081,179651,0.824840275007429,0.06556896379333921,5.0,0.43333333333333335
5082,179674,0.8248178500074299,0.028620318858884275,5.0,0.43333333333333335
5083,179697,0.8247954250074309,0.027760198194300756,5.0,0.43333333333333335
5084,179720,0.8247730000074318,0.03210384052363224,5.0,0.43333333333333335
5085,179741,0.8247525250074327,0.03562758269254118,5.0,0.43333333333333335
5086,179860,0.8246365000074376,0.15631268479046412,5.0,0.5
5087,179881,0.8246160250074385,0.022944527416257188,5.0,0.5
5088,179902,0.8245955500074393,0.030142708856146783,5.0,0.4666666666666667
5089,179973,0.8245263250074423,0.09698379490873776,5.0,0.4
5090,179996,0.8245039000074432,0.026207541028270498,5.0,0.36666666666666664
5091,180019,0.8244814750074442,0.13720265764277428,5.0,0.36666666666666664
5092,180042,0.8244590500074451,0.0892579621868208,5.0,0.36666666666666664
5093,180113,0.8243898250074481,0.25896765699144453,5.0,0.4
5094,180164,0.8243401000074502,0.13102324987994507,5.0,0.43333333333333335
5095,180187,0.8243176750074511,0.06382012146059424,5.0,0.43333333333333335
5096,180210,0.8242952500074521,0.054919394897297025,5.0,0.43333333333333335
5097,180231,0.8242747750074529,0.06586012849584222,5.0,0.4
5098,180352,0.824156800007458,0.33507860533427447,5.0,0.4666666666666667
5099,180375,0.8241343750074589,0.05068413127446547,5.0,0.4666666666666667
5100,180398,0.8241119500074598,0.04528532404219732,5.0,0.4666666666666667
5101,180467,0.8240446750074627,0.16682750603649765,5.0,0.5
5102,180490,0.8240222500074637,0.08205416158307344,5.0,0.4666666666666667
5103,180513,0.8239998250074646,0.06330819625873119,5.0,0.43333333333333335
5104,180564,0.8239501000074667,0.11528672877466306,5.0,0.4666666666666667
5105,180585,0.8239296250074676,0.05904742318671197,5.0,0.43333333333333335
5106,180669,0.823847725007471,0.19475912093184888,5.0,0.5
5107,180722,0.8237960500074732,0.10483460803516209,5.0,0.4666666666666667
5108,180806,0.8237141500074767,0.1755583407357335,5.0,0.5333333333333333
5109,180829,0.8236917250074777,0.044784602243453264,5.0,0.5333333333333333
5110,180852,0.8236693000074786,0.04789822321617976,5.0,0.5
5111,180875,0.8236468750074796,0.04824648698559031,5.0,0.4666666666666667
5112,181026,0.8234996500074858,0.3046653533237986,5.0,0.6
5113,181047,0.8234791750074867,0.0403687505167909,5.0,0.6
5114,181070,0.8234567500074876,0.037738154525868595,5.0,0.6
5115,181121,0.8234070250074897,0.10630474606296048,5.0,0.6333333333333333
5116,181144,0.8233846000074907,0.06667253246996552,5.0,0.5666666666666667
5117,181167,0.8233621750074916,0.040053913835436106,5.0,0.5666666666666667
5118,181190,0.8233397500074926,0.0386306595755741,5.0,0.5666666666666667
5119,181213,0.8233173250074936,0.04861652129329741,5.0,0.5333333333333333
5120,181236,0.8232949000074945,0.04800478398101404,5.0,0.5333333333333333
5121,181406,0.8231291500075015,0.3312883104372304,5.0,0.6666666666666666
5122,181458,0.8230784500075037,0.08894503582268953,5.0,0.7
5123,181481,0.8230560250075046,0.03453447768697515,5.0,0.6666666666666666
5124,181552,0.8229868000075076,0.12935170528362505,5.0,0.6666666666666666
5125,181603,0.8229370750075097,0.0982553165522404,5.0,0.7
5126,181626,0.8229146500075106,0.05465658160392195,5.0,0.7
5127,181797,0.8227479250075177,0.3390603580046445,5.0,0.8333333333333334
5128,181820,0.8227255000075187,0.0463714808865916,5.0,0.7666666666666667
5129,181843,0.8227030750075196,0.04081836255500093,5.0,0.7666666666666667
5130,181866,0.8226806500075206,0.04007118148729205,5.0,0.7666666666666667
5131,181917,0.8226309250075227,0.0844227880006656,5.0,0.7666666666666667
5132,181938,0.8226104500075235,0.032390387321356684,5.0,0.7666666666666667
5133,181961,0.8225880250075245,0.04314911621622741,5.0,0.7666666666666667
5134,182012,0.8225383000075266,0.08467127828043886,5.0,0.7666666666666667
5135,182033,0.8225178250075275,0.02739469415973872,5.0,0.7666666666666667
5136,182056,0.8224954000075284,0.03956069622654468,5.0,0.7
5137,182079,0.8224729750075294,0.07313508325023577,5.0,0.6666666666666666
5138,182100,0.8224525000075302,0.033589500351808965,5.0,0.6
5139,182151,0.8224027750075323,0.08004805099335499,5.0,0.6333333333333333
5140,182250,0.8223062500075364,0.17131954920478165,5.0,0.7
5141,182273,0.8222838250075374,0.030271148483734578,5.0,0.7
5142,182296,0.8222614000075383,0.05321343999821693,5.0,0.5666666666666667
5143,182319,0.8222389750075393,0.03800331428647041,5.0,0.5666666666666667
5144,182448,0.8221132000075446,0.22220036841463298,5.0,0.6666666666666666
5145,182471,0.8220907750075456,0.041243178013246506,5.0,0.6333333333333333
5146,182494,0.8220683500075465,0.04435330262640491,5.0,0.6333333333333333
5147,182563,0.8220010750075494,0.12945542967645451,5.0,0.6666666666666666
5148,182586,0.8219786500075503,0.04213761608116329,5.0,0.6666666666666666
5149,182702,0.8218655500075551,0.22066855599405244,5.0,0.7333333333333333
5150,182725,0.8218431250075561,0.03866942983586341,5.0,0.7333333333333333
5151,182748,0.821820700007557,0.05608089501038194,5.0,0.6
5152,182769,0.8218002250075579,0.03506904514506459,5.0,0.5666666666666667
5153,182838,0.8217329500075607,0.13445974042406306,5.0,0.6
5154,182891,0.8216812750075629,0.09583015495445579,5.0,0.6
5155,182912,0.8216608000075638,0.041266547807026654,5.0,0.5666666666666667
5156,182982,0.8215925500075667,0.11510582774644718,5.0,0.6
5157,183032,0.8215438000075688,0.07548983540618792,5.0,0.5
5158,183055,0.8215213750075697,0.036526278825476766,5.0,0.5
5159,183078,0.8214989500075707,0.034431492211297154,5.0,0.5
5160,183129,0.8214492250075728,0.09428314017714001,5.0,0.5333333333333333
5161,183251,0.8213302750075778,0.22022295562783256,5.0,0.5666666666666667
5162,183274,0.8213078500075788,0.03740924398880452,5.0,0.5666666666666667
5163,183297,0.8212854250075797,0.05123776645632461,5.0,0.5666666666666667
5164,183320,0.8212630000075807,0.03262375749181956,5.0,0.5333333333333333
5165,183343,0.8212405750075816,0.03848587826360017,5.0,0.5333333333333333
5166,183366,0.8212181500075826,0.03800055343890563,5.0,0.5333333333333333
5167,183389,0.8211957250075835,0.06521889998111874,5.0,0.5333333333333333
5168,183412,0.8211733000075845,0.040155498136300594,5.0,0.5333333333333333
5169,183463,0.8211235750075866,0.07794739841483533,5.0,0.5333333333333333
5170,183531,0.8210572750075894,0.10924799728672951,5.0,0.5
5171,183554,0.8210348500075904,0.03964267304399982,5.0,0.5
5172,183577,0.8210124250075913,0.052198708173818886,5.0,0.5
5173,183646,0.8209451500075942,0.12275917996885255,5.0,0.5333333333333333
5174,183667,0.820924675007595,0.03361145657254383,5.0,0.43333333333333335
5175,183690,0.820902250007596,0.0519823778886348,5.0,0.43333333333333335
5176,183713,0.8208798250075969,0.04066256538499147,5.0,0.43333333333333335
5177,183736,0.8208574000075979,0.03887194854905829,5.0,0.4
5178,183852,0.8207443000076027,0.2279234117595479,5.0,0.4666666666666667
5179,183873,0.8207238250076035,0.0336631698301062,5.0,0.4
5180,183946,0.8206526500076066,0.13658211813890375,5.0,0.43333333333333335
5181,184067,0.8205346750076116,0.2061552031955216,5.0,0.5
5182,184090,0.8205122500076125,0.029615179111715406,5.0,0.5
5183,184113,0.8204898250076135,0.03388061199802905,5.0,0.4666666666666667
5184,184136,0.8204674000076144,0.05660243911552243,5.0,0.43333333333333335
5185,184301,0.8203065250076212,0.28953193238703534,5.0,0.5333333333333333
5186,184324,0.8202841000076222,0.043666412122547626,5.0,0.5
5187,184347,0.8202616750076231,0.03834161552367732,5.0,0.4666666666666667
5188,184370,0.8202392500076241,0.03264005249366164,5.0,0.4666666666666667
5189,184468,0.8201437000076282,0.16160786990076303,5.0,0.5333333333333333
5190,184539,0.8200744750076311,0.10353795072296634,5.0,0.5333333333333333
5191,184562,0.820052050007632,0.031093854078790173,5.0,0.4666666666666667
5192,184629,0.8199867250076348,0.10024705846444704,5.0,0.5
5193,184652,0.8199643000076358,0.038483702461235225,5.0,0.5
5194,184675,0.8199418750076367,0.03657954931259155,5.0,0.5
5195,184795,0.8198248750076417,0.19068689830601215,5.0,0.5666666666666667
5196,184846,0.8197751500076438,0.0773427858366631,5.0,0.6
5197,184946,0.8196776500076479,0.16694277542410418,5.0,0.6666666666666666
5198,184969,0.8196552250076489,0.03270443907240406,5.0,0.6666666666666666
5199,184992,0.8196328000076498,0.03198490524664521,5.0,0.6333333333333333
5200,185015,0.8196103750076508,0.09781376284081489,5.0,0.6
5201,185113,0.8195148250076548,0.47839249239768833,5.0,0.6666666666666666
5202,185136,0.8194924000076558,0.0685326314996928,5.0,0.6666666666666666
5203,185207,0.8194231750076587,0.23227758379653096,5.0,0.6666666666666666
5204,185230,0.8194007500076597,0.08797164098359644,5.0,0.6666666666666666
5205,185253,0.8193783250076606,0.08814885816536844,5.0,0.6666666666666666
5206,185276,0.8193559000076616,0.06464839424006641,5.0,0.6666666666666666
5207,185297,0.8193354250076624,0.050275585846975446,5.0,0.6666666666666666
5208,185318,0.8193149500076633,0.07125478517264128,5.0,0.6
5209,185389,0.8192457250076662,0.20723555143922567,5.0,0.6333333333333333
5210,185412,0.8192233000076672,0.06041237385943532,5.0,0.6
5211,185435,0.8192008750076681,0.060041906661354005,5.0,0.5333333333333333
5212,185533,0.8191053250076722,0.27763126872014254,5.0,0.6
5213,185556,0.8190829000076731,0.057508533529471606,5.0,0.6
5214,185579,0.8190604750076741,0.05065885477233678,5.0,0.6
5215,185602,0.819038050007675,0.06347291928250343,5.0,0.5
5216,185754,0.8188898500076813,0.4115800781873986,5.0,0.6
5217,185777,0.8188674250076823,0.060347592923790216,5.0,0.6
5218,185800,0.8188450000076832,0.0584504974540323,5.0,0.6
5219,185823,0.8188225750076842,0.04802427114918828,5.0,0.5333333333333333
5220,185846,0.8188001500076851,0.05843433178961277,5.0,0.5
5221,185869,0.8187777250076861,0.05250199278816581,5.0,0.5
5222,185892,0.818755300007687,0.05309826211305335,5.0,0.4666666666666667
5223,185915,0.818732875007688,0.040395145188085735,5.0,0.4666666666666667
5224,185938,0.8187104500076889,0.052010033978149295,5.0,0.4666666666666667
5225,185959,0.8186899750076898,0.043956354493275285,5.0,0.4
5226,185982,0.8186675500076908,0.04661547037540004,5.0,0.36666666666666664
5227,186003,0.8186470750076916,0.06418790441239253,5.0,0.3
5228,186072,0.8185798000076945,0.14545983669813722,5.0,0.3333333333333333
5229,186123,0.8185300750076966,0.10087540186941624,5.0,0.36666666666666664
5230,186243,0.8184130750077016,0.23438541183713824,5.0,0.43333333333333335
5231,186266,0.8183906500077025,0.0371078493189998,5.0,0.36666666666666664
5232,186365,0.8182941250077066,0.20915648300433531,5.0,0.43333333333333335
5233,186386,0.8182736500077075,0.03879679617239162,5.0,0.4
5234,186409,0.8182512250077084,0.045813570672180504,5.0,0.4
5235,186460,0.8182015000077105,0.09225029742810875,5.0,0.43333333333333335
5236,186530,0.8181332500077134,0.13660233753034845,5.0,0.4666666666666667
5237,186553,0.8181108250077144,0.06242025247775018,5.0,0.4666666666666667
5238,186576,0.8180884000077153,0.06580488145118579,5.0,0.4666666666666667
5239,186597,0.8180679250077162,0.046048635558690876,5.0,0.43333333333333335
5240,186716,0.8179519000077211,0.2744624254410155,5.0,0.5
5241,186739,0.8179294750077221,0.04676582006504759,5.0,0.5
5242,186837,0.8178339250077261,0.20447136263828725,5.0,0.5
5243,186860,0.8178115000077271,0.04655159480171278,5.0,0.5
5244,186881,0.8177910250077279,0.04124893218977377,5.0,0.5
5245,186952,0.8177218000077309,0.13559459865791723,5.0,0.5333333333333333
5246,186975,0.8176993750077318,0.042926987167447805,5.0,0.43333333333333335
5247,186998,0.8176769500077328,0.04458267823792994,5.0,0.43333333333333335
5248,187143,0.8175355750077388,0.26930746651487425,5.0,0.5333333333333333
5249,187194,0.8174858500077409,0.07506657944759354,5.0,0.5666666666666667
5250,187246,0.817435150007743,0.0807767259539105,5.0,0.6
5251,187377,0.8173074250077484,0.22735580857261084,5.0,0.7
5252,187400,0.8172850000077494,0.037702122586779296,5.0,0.7
5253,187471,0.8172157750077523,0.12509456073166803,5.0,0.7333333333333333
5254,187492,0.8171953000077532,0.038839253480546176,5.0,0.7333333333333333
5255,187515,0.8171728750077542,0.03485664777690545,5.0,0.7333333333333333
5256,187538,0.8171504500077551,0.048280033690389246,5.0,0.7333333333333333
5257,187608,0.817082200007758,0.12449865735834464,5.0,0.7666666666666667
5258,187631,0.817059775007759,0.04445823217974976,5.0,0.7333333333333333
5259,187654,0.8170373500077599,0.03988299099728465,5.0,0.7
5260,187725,0.8169681250077628,0.10830172736314125,5.0,0.6666666666666666
5261,187794,0.8169008500077657,0.10864701852551661,5.0,0.7
5262,187817,0.8168784250077666,0.04661697190022096,5.0,0.6333333333333333
5263,187917,0.8167809250077708,0.16158529627136886,5.0,0.7
5264,187970,0.816729250007773,0.09266086074057966,5.0,0.7333333333333333
5265,187993,0.8167068250077739,0.039447233255486935,5.0,0.7
5266,188016,0.8166844000077749,0.030836597841698676,5.0,0.6666666666666666
5267,188039,0.8166619750077758,0.0428799755172804,5.0,0.6666666666666666
5268,188062,0.8166395500077768,0.04037759074708447,5.0,0.6666666666666666
5269,188085,0.8166171250077777,0.03312903916230425,5.0,0.6666666666666666
5270,188108,0.8165947000077787,0.03468196472385898,5.0,0.6
5271,188131,0.8165722750077796,0.034089530003257096,5.0,0.6
5272,188154,0.8165498500077806,0.031199255376122892,5.0,0.5333333333333333
5273,188252,0.8164543000077846,0.13351147150387987,5.0,0.6
5274,188355,0.8163538750077889,0.1801479256246239,5.0,0.6666666666666666
5275,188378,0.8163314500077898,0.03471095708664507,5.0,0.6333333333333333
5276,188401,0.8163090250077908,0.041139836132060736,5.0,0.6333333333333333
5277,188473,0.8162388250077938,0.14315489423461258,5.0,0.6666666666666666
5278,188569,0.8161452250077977,0.17116176200215705,5.0,0.6333333333333333
5279,188621,0.8160945250077999,0.093616068654228,5.0,0.6333333333333333
5280,188644,0.8160721000078008,0.049085094418842345,5.0,0.6
5281,188667,0.8160496750078018,0.03494969813618809,5.0,0.5
5282,188716,0.8160019000078038,0.07241882645757869,5.0,0.5333333333333333
5283,188739,0.8159794750078048,0.04746204905677587,5.0,0.5
5284,188762,0.8159570500078057,0.03855267743347213,5.0,0.5
5285,188862,0.8158595500078099,0.16234900092240423,5.0,0.5666666666666667
5286,188913,0.815809825007812,0.0734736702288501,5.0,0.6
5287,188936,0.8157874000078129,0.0369617932010442,5.0,0.5666666666666667
5288,188959,0.8157649750078139,0.03279444732470438,5.0,0.5666666666666667
5289,188980,0.8157445000078147,0.025316248589660972,5.0,0.5666666666666667
5290,189003,0.8157220750078157,0.03315771109191701,5.0,0.5333333333333333
5291,189026,0.8156996500078166,0.0380408278433606,5.0,0.5
5292,189047,0.8156791750078175,0.03773524326970801,5.0,0.5
5293,189116,0.8156119000078204,0.09538980369688943,5.0,0.4666666666666667
5294,189188,0.8155417000078233,0.13133822634699754,5.0,0.4666666666666667
5295,189211,0.8155192750078243,0.03718917851801962,5.0,0.4666666666666667
5296,189295,0.8154373750078278,0.14021675032563508,5.0,0.5333333333333333
5297,189364,0.8153701000078306,0.10945382015779614,5.0,0.5666666666666667
5298,189416,0.8153194000078328,0.07386780763044953,5.0,0.6
5299,189467,0.8152696750078349,0.07444604422198609,5.0,0.6333333333333333
5300,189490,0.8152472500078358,0.03638166340533644,5.0,0.6333333333333333
5301,189513,0.8152248250078368,0.035735806508455426,5.0,0.6333333333333333
5302,189665,0.8150766250078431,0.2641464464541059,5.0,0.7333333333333333
5303,189688,0.815054200007844,0.0500890135881491,5.0,0.6666666666666666
5304,189709,0.8150337250078449,0.03321275196503848,5.0,0.6
5305,189780,0.8149645000078478,0.15129911358235404,5.0,0.6333333333333333
5306,189849,0.8148972250078507,0.1031540809199214,5.0,0.6666666666666666
5307,189870,0.8148767500078515,0.0353622181864921,5.0,0.6333333333333333
5308,189943,0.8148055750078546,0.1356933344504796,5.0,0.6
5309,189966,0.8147831500078555,0.03380521840881556,5.0,0.5666666666666667
5310,189987,0.8147626750078564,0.04809778346680105,5.0,0.5666666666666667
5311,190010,0.8147402500078573,0.08545336837414652,5.0,0.5666666666666667
5312,190078,0.8146739500078601,0.3536982205696404,5.0,0.5666666666666667
5313,190101,0.8146515250078611,0.07708646985702217,5.0,0.5666666666666667
5314,190124,0.814629100007862,0.09648447227664292,5.0,0.5666666666666667
5315,190147,0.814606675007863,0.09061899327207357,5.0,0.5
5316,190218,0.8145374500078659,0.2577072581043467,5.0,0.5
5317,190388,0.814371700007873,0.5210983101278543,5.0,0.6
5318,190411,0.8143492750078739,0.07592819642741233,5.0,0.6
5319,190515,0.8142478750078782,0.30120021296897903,5.0,0.6666666666666666
5320,190536,0.8142274000078791,0.07124888722319156,5.0,0.6666666666666666
5321,190559,0.81420497500788,0.06721571506932378,5.0,0.6666666666666666
5322,190582,0.814182550007881,0.05797339859418571,5.0,0.6666666666666666
5323,190603,0.8141620750078818,0.05373853608034551,5.0,0.6333333333333333
5324,190686,0.8140811500078853,0.21357912267558277,5.0,0.6666666666666666
5325,190707,0.8140606750078861,0.05229858431266621,5.0,0.6666666666666666
5326,190730,0.8140382500078871,0.060027931234799325,5.0,0.6
5327,190810,0.8139602500078904,0.17920306290034205,5.0,0.6333333333333333
5328,190833,0.8139378250078914,0.05505182227352634,5.0,0.6
5329,190902,0.8138705500078942,0.1704748185002245,5.0,0.6
5330,190952,0.8138218000078963,0.09727167163509876,5.0,0.6333333333333333
5331,191052,0.8137243000079004,0.2026519933133386,5.0,0.7
5332,191101,0.8136765250079024,0.1065637018182315,5.0,0.6333333333333333
5333,191124,0.8136541000079034,0.053074988652952015,5.0,0.6333333333333333
5334,191222,0.8135585500079074,0.19741566112497821,5.0,0.7
5335,191245,0.8135361250079084,0.04740050726104528,5.0,0.6666666666666666
5336,191268,0.8135137000079093,0.037757498561404645,5.0,0.6333333333333333
5337,191291,0.8134912750079103,0.03489951661322266,5.0,0.6333333333333333
5338,191342,0.8134415500079124,0.09273979073623195,5.0,0.6333333333333333
5339,191411,0.8133742750079153,0.12647489493247122,5.0,0.6666666666666666
5340,191484,0.8133031000079183,0.12327103968709707,5.0,0.7
5341,191554,0.8132348500079212,0.12862416473217309,5.0,0.7333333333333333
5342,191700,0.8130925000079272,0.23408976633800194,5.0,0.8
5343,191751,0.8130427750079293,0.0992555288830772,5.0,0.8333333333333334
5344,191772,0.8130223000079302,0.03589624597225338,5.0,0.8333333333333334
5345,191825,0.8129706250079324,0.08940058958251029,5.0,0.8666666666666667
5346,191894,0.8129033500079352,0.10253721912158653,5.0,0.8666666666666667
5347,191917,0.8128809250079362,0.03998734423657879,5.0,0.7666666666666667
5348,191984,0.812815600007939,0.12216642644489184,5.0,0.8
5349,192007,0.8127931750079399,0.036182089999783784,5.0,0.7333333333333333
5350,192076,0.8127259000079428,0.11104807825176977,5.0,0.7666666666666667
5351,192127,0.8126761750079449,0.08699378493474796,5.0,0.8
5352,192177,0.8126274250079469,0.06458450411446393,5.0,0.8333333333333334
5353,192296,0.8125114000079519,0.1827779397717677,5.0,0.9
5354,192319,0.8124889750079528,0.02891863026889041,5.0,0.8333333333333334
5355,192342,0.8124665500079538,0.025739181088283658,5.0,0.8333333333333334
5356,192440,0.8123710000079578,0.14091819649911486,5.0,0.9
5357,192463,0.8123485750079588,0.03311760589713231,5.0,0.8333333333333334
5358,192534,0.8122793500079617,0.10186578091816045,5.0,0.8666666666666667
5359,192584,0.8122306000079638,0.06559367012232542,5.0,0.8666666666666667
5360,192635,0.8121808750079659,0.06338482021237724,5.0,0.8666666666666667
5361,192658,0.8121584500079668,0.0308017666102387,5.0,0.8
5362,192681,0.8121360250079678,0.03323227900546044,5.0,0.7666666666666667
5363,192750,0.8120687500079706,0.08214682876132429,5.0,0.8
5364,192773,0.8120463250079716,0.03717145475093275,5.0,0.7333333333333333
5365,192845,0.8119761250079746,0.11139623395865783,5.0,0.7666666666666667
5366,192868,0.8119537000079755,0.028315784758888185,5.0,0.7666666666666667
5367,192891,0.8119312750079765,0.03401519701583311,5.0,0.7666666666666667
5368,192914,0.8119088500079774,0.030735012143850327,5.0,0.7333333333333333
5369,192937,0.8118864250079784,0.031108312134165317,5.0,0.7
5370,192960,0.8118640000079793,0.027507973893079907,5.0,0.6666666666666666
5371,192983,0.8118415750079803,0.030632450187113136,5.0,0.6333333333333333
5372,193086,0.8117411500079845,0.12668044539168477,5.0,0.6
5373,193109,0.8117187250079855,0.034340595768298954,5.0,0.5666666666666667
5374,193130,0.8116982500079863,0.023330608033575118,5.0,0.5666666666666667
5375,193249,0.8115822250079913,0.16883637243881822,5.0,0.6
5376,193272,0.8115598000079922,0.04300350637640804,5.0,0.5666666666666667
5377,193293,0.8115393250079931,0.025650056661106646,5.0,0.5666666666666667
5378,193344,0.8114896000079952,0.06192457355791703,5.0,0.5666666666666667
5379,193367,0.8114671750079961,0.025816781038884073,5.0,0.5666666666666667
5380,193390,0.8114447500079971,0.03258920699590817,5.0,0.5333333333333333
5381,193413,0.811422325007998,0.025740507728187367,5.0,0.5
5382,193436,0.811399900007999,0.03161385451676324,5.0,0.4666666666666667
5383,193459,0.811377475008,0.031478809309192,5.0,0.4
5384,193577,0.8112624250080048,0.13345687399851158,5.0,0.4666666666666667
5385,193600,0.8112400000080058,0.026748344476800412,5.0,0.4666666666666667
5386,193623,0.8112175750080067,0.025684504362288862,5.0,0.4
5387,193646,0.8111951500080077,0.028147240518592298,5.0,0.4
5388,193669,0.8111727250080086,0.030138522677589208,5.0,0.36666666666666664
5389,193692,0.8111503000080096,0.0355089352815412,5.0,0.3333333333333333
5390,193761,0.8110830250080124,0.08891957945888862,5.0,0.3333333333333333
5391,193784,0.8110606000080134,0.027911892539123073,5.0,0.3333333333333333
5392,193807,0.8110381750080143,0.022858530312078074,5.0,0.3333333333333333
5393,193954,0.8108948500080204,0.20625151292188093,5.0,0.4
5394,193977,0.8108724250080214,0.03166670916834846,5.0,0.4
5395,194000,0.8108500000080223,0.024308021587785333,5.0,0.36666666666666664
5396,194023,0.8108275750080233,0.03338949746103026,5.0,0.36666666666666664
5397,194046,0.8108051500080242,0.030771486286539584,5.0,0.36666666666666664
5398,194069,0.8107827250080252,0.029018747329246253,5.0,0.36666666666666664
5399,194090,0.810762250008026,0.021171501837670803,5.0,0.36666666666666664
5400,194159,0.8106949750080289,0.08858582563698292,5.0,0.4
5401,194182,0.8106725500080298,0.028600796969840303,5.0,0.4
5402,194251,0.8106052750080327,0.09289759898092598,5.0,0.36666666666666664
5403,194323,0.8105350750080357,0.10671528585953638,5.0,0.4
5404,194346,0.8105126500080366,0.029866349534131587,5.0,0.4
5405,194369,0.8104902250080376,0.02389520942233503,5.0,0.3333333333333333
5406,194392,0.8104678000080385,0.032586333400104195,5.0,0.3333333333333333
5407,194415,0.8104453750080395,0.028589877591002733,5.0,0.3333333333333333
5408,194438,0.8104229500080404,0.025245798780815676,5.0,0.3
5409,194604,0.8102611000080473,0.19006426574196666,5.0,0.43333333333333335
5410,194655,0.8102113750080494,0.0643342865514569,5.0,0.4666666666666667
5411,194724,0.8101441000080523,0.09582248868537135,5.0,0.5
5412,194747,0.8101216750080532,0.02568845998030156,5.0,0.5
5413,194819,0.8100514750080562,0.08640406138147227,5.0,0.5333333333333333
5414,194868,0.8100037000080582,0.06363770889583975,5.0,0.5
5415,194891,0.8099812750080592,0.019624371925601736,5.0,0.5
5416,194962,0.8099120500080621,0.08646434239926748,5.0,0.5333333333333333
5417,195065,0.8098116250080664,0.3496845857007429,5.0,0.6
5418,195086,0.8097911500080672,0.08620696235448122,5.0,0.6
5419,195158,0.8097209500080702,0.286651483271271,5.0,0.6333333333333333
5420,195181,0.8096985250080712,0.07974691211711615,5.0,0.6
5421,195232,0.8096488000080733,0.1372955707483925,5.0,0.6333333333333333
5422,195255,0.8096263750080742,0.0662455833517015,5.0,0.6333333333333333
5423,195304,0.8095786000080762,0.15503149386495352,5.0,0.5666666666666667
5424,195424,0.8094616000080812,0.3427307294914499,5.0,0.6333333333333333
5425,195447,0.8094391750080822,0.0643150513060391,5.0,0.6333333333333333
5426,195470,0.8094167500080831,0.05461977841332555,5.0,0.6333333333333333
5427,195537,0.8093514250080859,0.1636283101979643,5.0,0.6666666666666666
5428,195560,0.8093290000080868,0.04865630256244913,5.0,0.6666666666666666
5429,195583,0.8093065750080878,0.0425488140899688,5.0,0.6666666666666666
5430,195606,0.8092841500080887,0.04567160358419642,5.0,0.6333333333333333
5431,195675,0.8092168750080916,0.13488462788518518,5.0,0.6666666666666666
5432,195698,0.8091944500080925,0.04661052726441994,5.0,0.6333333333333333
5433,195770,0.8091242500080955,0.13280982401920483,5.0,0.6333333333333333
5434,195791,0.8091037750080964,0.03728522965684533,5.0,0.6333333333333333
5435,195891,0.8090062750081005,0.19937925157137215,5.0,0.7
5436,195914,0.8089838500081015,0.044378369755577296,5.0,0.7
5437,196012,0.8088883000081055,0.16231424247962423,5.0,0.7666666666666667
5438,196033,0.8088678250081064,0.03143135609570891,5.0,0.7666666666666667
5439,196056,0.8088454000081073,0.037709552503656596,5.0,0.6333333333333333
5440,196077,0.8088249250081082,0.03621827409369871,5.0,0.6
5441,196196,0.8087089000081131,0.17152373894350603,5.0,0.6333333333333333
5442,196217,0.808688425008114,0.042969802452716976,5.0,0.6333333333333333
5443,196289,0.808618225008117,0.12215693708276376,5.0,0.6333333333333333
5444,196360,0.8085490000081199,0.11344429367454723,5.0,0.6333333333333333
5445,196383,0.8085265750081209,0.04665667691733688,5.0,0.6333333333333333
5446,196406,0.8085041500081218,0.035759904072619975,5.0,0.6
5447,196427,0.8084836750081227,0.025988748122472316,5.0,0.5333333333333333
5448,196525,0.8083881250081267,0.13538688537664711,5.0,0.6
5449,196625,0.8082906250081309,0.1290741370175965,5.0,0.6333333333333333
5450,196745,0.8081736250081358,0.15642227116040885,5.0,0.7
5451,196814,0.8081063500081387,0.098209903400857,5.0,0.7
5452,196990,0.807934750008146,0.23678518243832514,5.0,0.8
5453,197062,0.8078645500081489,0.09142827638424933,5.0,0.8
5454,197085,0.8078421250081499,0.03047511779004708,5.0,0.7333333333333333
5455,197160,0.807769000008153,0.08333779929671437,5.0,0.7666666666666667
5456,197183,0.8077465750081539,0.04000992781948298,5.0,0.7666666666666667
5457,197250,0.8076812500081567,0.0910930588725023,5.0,0.7666666666666667
5458,197273,0.8076588250081577,0.02648162958212197,5.0,0.7666666666666667
5459,197343,0.8075905750081606,0.0816213033394888,5.0,0.8
5460,197366,0.8075681500081615,0.03458253061398864,5.0,0.8
5461,197389,0.8075457250081625,0.030026137712411582,5.0,0.7666666666666667
5462,197440,0.8074960000081646,0.07511247976799496,5.0,0.8
5463,197463,0.8074735750081655,0.029714757984038442,5.0,0.7666666666666667
5464,197486,0.8074511500081665,0.03575821069534868,5.0,0.7666666666666667
5465,197539,0.8073994750081687,0.07128391150035895,5.0,0.7333333333333333
5466,197562,0.8073770500081696,0.03746445453725755,5.0,0.7333333333333333
5467,197585,0.8073546250081706,0.027981706894934177,5.0,0.6666666666666666
5468,197636,0.8073049000081727,0.054043284442741424,5.0,0.7
5469,197659,0.8072824750081736,0.0282332151546143,5.0,0.7
5470,197682,0.8072600500081746,0.025873571808915585,5.0,0.7
5471,197735,0.8072083750081768,0.05879256688058376,5.0,0.6666666666666666
5472,197758,0.8071859500081777,0.02722122793784365,5.0,0.6666666666666666
5473,197779,0.8071654750081786,0.0221011484391056,5.0,0.6333333333333333
5474,197802,0.8071430500081795,0.03044493723427877,5.0,0.6
5475,197825,0.8071206250081805,0.026557891513220966,5.0,0.6
5476,197878,0.8070689500081827,0.07365728553850204,5.0,0.6333333333333333
5477,197901,0.8070465250081836,0.03006256278604269,5.0,0.6333333333333333
5478,197950,0.8069987500081857,0.07503916026325896,5.0,0.6
5479,197973,0.8069763250081866,0.03396616008831188,5.0,0.5333333333333333
5480,197996,0.8069539000081876,0.026760458247736096,5.0,0.4666666666666667
5481,198019,0.8069314750081885,0.0236328533210326,5.0,0.43333333333333335
5482,198042,0.8069090500081895,0.02703070593997836,5.0,0.3333333333333333
5483,198111,0.8068417750081923,0.10886005687643774,5.0,0.3333333333333333
5484,198162,0.8067920500081944,0.0586367619689554,5.0,0.36666666666666664
5485,198234,0.8067218500081974,0.09763243014458567,5.0,0.36666666666666664
5486,198257,0.8066994250081984,0.028084147081244737,5.0,0.36666666666666664
5487,198446,0.8065151500082062,0.24501671851612628,5.0,0.4666666666666667
5488,198467,0.806494675008207,0.02807841173489578,5.0,0.4666666666666667
5489,198539,0.80642447500821,0.09247037826571614,5.0,0.4666666666666667
5490,198613,0.8063523250082131,0.08245112610165961,5.0,0.5
5491,198711,0.8062567750082171,0.12658631626982242,5.0,0.5666666666666667
5492,198734,0.8062343500082181,0.029850437596905977,5.0,0.5333333333333333
5493,198757,0.806211925008219,0.031798829179024324,5.0,0.5333333333333333
5494,198778,0.8061914500082199,0.025066196685656905,5.0,0.5333333333333333
5495,198799,0.8061709750082208,0.03427438734797761,5.0,0.5
5496,198822,0.8061485500082217,0.040308337192982435,5.0,0.5
5497,198891,0.8060812750082246,0.09653849547612481,5.0,0.5333333333333333
5498,198914,0.8060588500082255,0.0285102617344819,5.0,0.5
5499,198937,0.8060364250082265,0.029055887600407004,5.0,0.5
5500,198986,0.8059886500082285,0.04899966178345494,5.0,0.5333333333333333
5501,199009,0.8059662250082295,0.025830362865235656,5.0,0.5
5502,199032,0.8059438000082304,0.03230788774089888,5.0,0.5
5503,199100,0.8058775000082332,0.09428982398821972,5.0,0.5333333333333333
5504,199169,0.8058102250082361,0.07718242093687877,5.0,0.5666666666666667
5505,199238,0.8057429500082389,0.08956994907930493,5.0,0.6
5506,199452,0.8055343000082478,0.2656839586561546,5.0,0.7333333333333333
5507,199475,0.8055118750082487,0.02984340558759868,5.0,0.7333333333333333
5508,199496,0.8054914000082496,0.028068095969501883,5.0,0.7
5509,199519,0.8054689750082505,0.044388854468706995,5.0,0.7
5510,199542,0.8054465500082515,0.025063512264750898,5.0,0.7
5511,199565,0.8054241250082524,0.027111428731586784,5.0,0.7
5512,199588,0.8054017000082534,0.024936170753790066,5.0,0.7
5513,199641,0.8053500250082556,0.061265693308087066,5.0,0.7
5514,199694,0.8052983500082578,0.05966740145231597,5.0,0.7
5515,199717,0.8052759250082587,0.028664707206189632,5.0,0.6666666666666666
5516,199788,0.8052067000082617,0.1053765855031088,5.0,0.7
5517,199858,0.8051384500082646,0.09008525375975296,5.0,0.6
5518,199879,0.8051179750082654,0.028638851625146344,5.0,0.6
5519,199950,0.8050487500082684,0.07811368358670734,5.0,0.6
5520,200003,0.8049970750082706,0.08295896966592409,5.0,0.6
5521,200026,0.8049746500082715,0.09705231618136168,5.0,0.5333333333333333
5522,200093,0.8049093250082743,0.247019141796045,5.0,0.5666666666666667
5523,200116,0.8048869000082752,0.07925484015140682,5.0,0.5666666666666667
5524,200139,0.8048644750082762,0.06534931052010506,5.0,0.5666666666666667
5525,200162,0.8048420500082771,0.08213027566671371,5.0,0.5666666666666667
5526,200232,0.80477380000828,0.19579226686619222,5.0,0.6
5527,200255,0.804751375008281,0.06250847573392093,5.0,0.5666666666666667
5528,200324,0.8046841000082838,0.17983489180915058,5.0,0.6
5529,200345,0.8046636250082847,0.05729028081987053,5.0,0.6
5530,200397,0.8046129250082869,0.12733351957285777,5.0,0.6
5531,200420,0.8045905000082878,0.047097824746742845,5.0,0.6
5532,200471,0.8045407750082899,0.10898316715611145,5.0,0.6333333333333333
5533,200492,0.8045203000082908,0.04412914125714451,5.0,0.6
5534,200592,0.8044228000082949,0.20340145222144201,5.0,0.6333333333333333
5535,200613,0.8044023250082958,0.03653130924794823,5.0,0.6
5536,200636,0.8043799000082967,0.03549172845669091,5.0,0.43333333333333335
5537,200659,0.8043574750082977,0.046313105965964496,5.0,0.43333333333333335
5538,200710,0.8043077500082998,0.07838314271066338,5.0,0.4666666666666667
5539,200733,0.8042853250083007,0.03610379988094792,5.0,0.4666666666666667
5540,200785,0.8042346250083029,0.07970021781511605,5.0,0.5
5541,200808,0.8042122000083038,0.035961265733931214,5.0,0.5
5542,200927,0.8040961750083088,0.18786023833672516,5.0,0.5666666666666667
5543,200948,0.8040757000083096,0.04051859548781067,5.0,0.5333333333333333
5544,200971,0.8040532750083106,0.04419839009642601,5.0,0.5
5545,200994,0.8040308500083115,0.03443158307345584,5.0,0.5
5546,201017,0.8040084250083125,0.03830432164249942,5.0,0.4666666666666667
5547,201066,0.8039606500083145,0.06957291002618149,5.0,0.4666666666666667
5548,201089,0.8039382250083155,0.05373833852354437,5.0,0.4666666666666667
5549,201192,0.8038378000083197,0.1729080959339626,5.0,0.5
5550,201213,0.8038173250083206,0.0331914093112573,5.0,0.4666666666666667
5551,201266,0.8037656500083228,0.09706379607087001,5.0,0.5
5552,201289,0.8037432250083237,0.032673190464265645,5.0,0.4666666666666667
5553,201388,0.8036467000083278,0.13245938147883862,5.0,0.5333333333333333
5554,201411,0.8036242750083288,0.03170672309352085,5.0,0.5333333333333333
5555,201434,0.8036018500083297,0.03842282108962536,5.0,0.5333333333333333
5556,201457,0.8035794250083307,0.030121409508865327,5.0,0.5
5557,201506,0.8035316500083327,0.07227945153135806,5.0,0.5333333333333333
5558,201529,0.8035092250083337,0.025766697945073247,5.0,0.5
5559,201578,0.8034614500083357,0.08244495844701305,5.0,0.5333333333333333
5560,201601,0.8034390250083366,0.03125945763895288,5.0,0.5
5561,201624,0.8034166000083376,0.031146447465289384,5.0,0.5
5562,201647,0.8033941750083385,0.03680966392857954,5.0,0.4666666666666667
5563,201670,0.8033717500083395,0.040074478602036834,5.0,0.4666666666666667
5564,201693,0.8033493250083404,0.02853411471005529,5.0,0.4
5565,201716,0.8033269000083414,0.038527040102053434,5.0,0.4
5566,201847,0.8031991750083468,0.15996565826935694,5.0,0.5
5567,201921,0.8031270250083499,0.11622157722013071,5.0,0.5333333333333333
5568,201993,0.8030568250083528,0.08223055338021368,5.0,0.5333333333333333
5569,202014,0.8030363500083537,0.028385462996084243,5.0,0.5333333333333333
5570,202065,0.8029866250083558,0.06835833354853094,5.0,0.5333333333333333
5571,202198,0.8028569500083613,0.21744879931793548,5.0,0.6333333333333333
5572,202221,0.8028345250083623,0.03610045101959258,5.0,0.5666666666666667
5573,202244,0.8028121000083632,0.04410727752838284,5.0,0.5666666666666667
5574,202316,0.8027419000083662,0.09806991502409801,5.0,0.6
5575,202339,0.8027194750083672,0.02872845286037773,5.0,0.6
5576,202362,0.8026970500083681,0.03150581676163711,5.0,0.6
5577,202383,0.802676575008369,0.024872850946849212,5.0,0.5666666666666667
5578,202434,0.8026268500083711,0.06291612621862441,5.0,0.6
5579,202455,0.802606375008372,0.026642104552593082,5.0,0.5333333333333333
5580,202557,0.8025069250083762,0.14345728076295927,5.0,0.6
5581,202610,0.8024552500083784,0.0798757465381641,5.0,0.6
5582,202631,0.8024347750083792,0.024858554534148425,5.0,0.6
5583,202654,0.8024123500083802,0.024834399111568928,5.0,0.5333333333333333
5584,202677,0.8023899250083811,0.036568085080944,5.0,0.5333333333333333
5585,202700,0.8023675000083821,0.026968579564709216,5.0,0.5333333333333333
5586,202771,0.802298275008385,0.09932032143115066,5.0,0.5666666666666667
5587,202947,0.8021266750083923,0.24910311665735207,5.0,0.6333333333333333
5588,202968,0.8021062000083932,0.02232196443947032,5.0,0.6333333333333333
5589,202991,0.8020837750083941,0.027787448721937835,5.0,0.6
5590,203040,0.8020360000083961,0.0665145376115106,5.0,0.6333333333333333
5591,203063,0.8020135750083971,0.0330699875485152,5.0,0.6333333333333333
5592,203086,0.801991150008398,0.03168689424637705,5.0,0.6333333333333333
5593,203109,0.801968725008399,0.026973076921422035,5.0,0.6333333333333333
5594,203132,0.8019463000084,0.03325639042304829,5.0,0.6333333333333333
5595,203155,0.8019238750084009,0.023186498117865995,5.0,0.6333333333333333
5596,203275,0.8018068750084059,0.161772479332285,5.0,0.6
5597,203298,0.8017844500084068,0.03909518086584285,5.0,0.5666666666666667
5598,203370,0.8017142500084098,0.08501587493810803,5.0,0.5666666666666667
5599,203441,0.8016450250084127,0.08523531199898571,5.0,0.6
5600,203464,0.8016226000084137,0.028980556060560048,5.0,0.5666666666666667
5601,203562,0.8015270500084177,0.10915404307888821,5.0,0.5333333333333333
5602,203760,0.8013340000084259,0.2545470437617041,5.0,0.7
5603,203783,0.8013115750084269,0.040524154785089195,5.0,0.7
5604,203804,0.8012911000084277,0.041160811320878565,5.0,0.6666666666666666
5605,203827,0.8012686750084287,0.025199660391081125,5.0,0.6666666666666666
5606,203850,0.8012462500084296,0.02816939284093678,5.0,0.6666666666666666
5607,203873,0.8012238250084306,0.03565566154429689,5.0,0.6666666666666666
5608,203896,0.8012014000084315,0.03138949177809991,5.0,0.6333333333333333
5609,203919,0.8011789750084325,0.0286599756218493,5.0,0.6333333333333333
5610,204071,0.8010307750084388,0.20205876979161985,5.0,0.7
5611,204234,0.8008718500084455,0.235374210489681,5.0,0.7666666666666667
5612,204257,0.8008494250084465,0.04670821665786207,5.0,0.7666666666666667
5613,204280,0.8008270000084474,0.022794548014644533,5.0,0.7666666666666667
5614,204303,0.8008045750084484,0.061976596945896745,5.0,0.7666666666666667
5615,204324,0.8007841000084492,0.04652463214006275,5.0,0.7666666666666667
5616,204395,0.8007148750084522,0.14180304974433966,5.0,0.7666666666666667
5617,204466,0.8006456500084551,0.08891158495680429,5.0,0.7
5618,204489,0.8006232250084561,0.02441176082356833,5.0,0.7
5619,204510,0.8006027500084569,0.02570177786401473,5.0,0.7
5620,204582,0.8005325500084599,0.1272896712180227,5.0,0.7
5621,204605,0.8005101250084609,0.0377481819014065,5.0,0.7
5622,204626,0.8004896500084617,0.021899820363614708,5.0,0.7
5623,204649,0.8004672250084627,0.036073495575692505,5.0,0.7
5624,204672,0.8004448000084636,0.041917732276488096,5.0,0.7
5625,204695,0.8004223750084646,0.02681112615391612,5.0,0.7
5626,204865,0.8002566250084716,0.2107863390701823,5.0,0.7333333333333333
5627,204888,0.8002342000084726,0.03127120572025888,5.0,0.7333333333333333
5628,204961,0.8001630250084756,0.10957705235341564,5.0,0.7333333333333333
5629,204984,0.8001406000084765,0.035377978696487844,5.0,0.7
5630,205057,0.8000694250084796,0.3166586693841964,5.0,0.7333333333333333
5631,205080,0.8000470000084805,0.10194615146610886,5.0,0.6666666666666666
5632,205151,0.7999777750084834,0.29537564679048955,5.0,0.5333333333333333
5633,205174,0.7999553500084844,0.08186909346841276,5.0,0.5333333333333333
5634,205195,0.7999348750084853,0.07018756470642984,5.0,0.5333333333333333
5635,205246,0.7998851500084874,0.15471061237622052,5.0,0.5666666666666667
5636,205297,0.7998354250084895,0.18261061067460105,5.0,0.6
5637,205320,0.7998130000084904,0.07959942286834121,5.0,0.6
5638,205373,0.7997613250084926,0.13964767276775092,5.0,0.6333333333333333
5639,205473,0.7996638250084968,0.29424723132979125,5.0,0.7
5640,205544,0.7995946000084997,0.1620577189605683,5.0,0.6
5641,205567,0.7995721750085006,0.048340515641029924,5.0,0.5
5642,205638,0.7995029500085036,0.13594619947252795,5.0,0.5333333333333333
5643,205661,0.7994805250085045,0.05215947690885514,5.0,0.5333333333333333
5644,205745,0.799398625008508,0.16809190658386797,5.0,0.6
5645,205768,0.799376200008509,0.049466184922493994,5.0,0.6
5646,205791,0.7993537750085099,0.047363289282657206,5.0,0.5666666666666667
5647,205814,0.7993313500085109,0.04786979063646868,5.0,0.5333333333333333
5648,205910,0.7992377500085148,0.1931782096507959,5.0,0.6
5649,205933,0.7992153250085158,0.04210877281730063,5.0,0.6
5650,205954,0.7991948500085166,0.04050801508128643,5.0,0.5666666666666667
5651,205977,0.7991724250085176,0.04610802751267329,5.0,0.5666666666666667
5652,206000,0.7991500000085185,0.04472976963734254,5.0,0.5666666666666667
5653,206023,0.7991275750085195,0.05828227015445009,5.0,0.5666666666666667
5654,206046,0.7991051500085204,0.035601660958491266,5.0,0.5666666666666667
5655,206115,0.7990378750085233,0.11494260298786685,5.0,0.6
5656,206184,0.7989706000085262,0.10686786670703441,5.0,0.5333333333333333
5657,206207,0.7989481750085271,0.04528868827037513,5.0,0.5333333333333333
5658,206228,0.798927700008528,0.031710928742541,5.0,0.5
5659,206298,0.7988594500085309,0.1048877676948905,5.0,0.5333333333333333
5660,206349,0.798809725008533,0.08912382915150374,5.0,0.5333333333333333
5661,206468,0.7986937000085379,0.20129813806852326,5.0,0.6
5662,206491,0.7986712750085389,0.03297825128538534,5.0,0.5666666666666667
5663,206514,0.7986488500085398,0.044897891755681485,5.0,0.5666666666666667
5664,206581,0.7985835250085426,0.10211297689238563,5.0,0.6
5665,206604,0.7985611000085435,0.03929218649864197,5.0,0.5666666666666667
5666,206627,0.7985386750085445,0.03503047680715099,5.0,0.5333333333333333
5667,206650,0.7985162500085454,0.03403407341102138,5.0,0.5333333333333333
5668,206673,0.7984938250085464,0.031015755492262542,5.0,0.5
5669,206742,0.7984265500085492,0.10539596457965672,5.0,0.4666666666666667
5670,206765,0.7984041250085502,0.04300015862099826,5.0,0.43333333333333335
5671,206788,0.7983817000085511,0.03436380886705592,5.0,0.43333333333333335
5672,206811,0.7983592750085521,0.03188397188205272,5.0,0.4
5673,206909,0.7982637250085561,0.14306526712607592,5.0,0.4666666666666667
5674,206961,0.7982130250085583,0.07451171171851456,5.0,0.43333333333333335
5675,206984,0.7981906000085592,0.03924284293316305,5.0,0.43333333333333335
5676,207113,0.7980648250085646,0.1980354786501266,5.0,0.5333333333333333
5677,207136,0.7980424000085655,0.0312579354213085,5.0,0.5333333333333333
5678,207188,0.7979917000085677,0.08630702598020434,5.0,0.5
5679,207211,0.7979692750085686,0.03308177494909614,5.0,0.5
5680,207234,0.7979468500085696,0.0384689602360595,5.0,0.5
5681,207257,0.7979244250085705,0.03287213383009657,5.0,0.5
5682,207280,0.7979020000085715,0.024319928081240505,5.0,0.5
5683,207301,0.7978815250085723,0.025962437473936006,5.0,0.5
5684,207324,0.7978591000085733,0.031100822787266225,5.0,0.5
5685,207347,0.7978366750085742,0.029641179484315217,5.0,0.4666666666666667
5686,207370,0.7978142500085752,0.034294936689548194,5.0,0.43333333333333335
5687,207393,0.7977918250085761,0.03558843588689342,5.0,0.43333333333333335
5688,207416,0.7977694000085771,0.03243906726129353,5.0,0.43333333333333335
5689,207439,0.797746975008578,0.027159981545992196,5.0,0.4
5690,207462,0.797724550008579,0.032874799508135766,5.0,0.36666666666666664
5691,207513,0.7976748250085811,0.06339799665147439,5.0,0.3333333333333333
5692,207536,0.7976524000085821,0.028037779091391712,5.0,0.3333333333333333
5693,207559,0.797629975008583,0.027153207163792104,5.0,0.3333333333333333
5694,207582,0.797607550008584,0.026340810145484284,5.0,0.3
5695,207605,0.7975851250085849,0.029478680662577972,5.0,0.3
5696,207628,0.7975627000085859,0.03430501348339021,5.0,0.3
5697,207679,0.797512975008588,0.0673917279636953,5.0,0.3333333333333333
5698,207702,0.7974905500085889,0.029249256767798215,5.0,0.3333333333333333
5699,207725,0.7974681250085899,0.03804855630733073,5.0,0.3
5700,207748,0.7974457000085908,0.030919313372578472,5.0,0.3
5701,207771,0.7974232750085918,0.02759259450249374,5.0,0.3
5702,207794,0.7974008500085927,0.031325210933573544,5.0,0.3
5703,207817,0.7973784250085937,0.032930117566138506,5.0,0.23333333333333334
5704,207838,0.7973579500085946,0.026940540235955268,5.0,0.2
5705,207859,0.7973374750085954,0.02597474626963958,5.0,0.2
5706,207882,0.7973150500085964,0.028910181834362447,5.0,0.1
5707,207903,0.7972945750085972,0.026140744565054774,5.0,0.1
5708,207926,0.7972721500085982,0.04091674165101722,5.0,0.06666666666666667
5709,207949,0.7972497250085991,0.03171941061737016,5.0,0.06666666666666667
5710,207972,0.7972273000086001,0.02726887637982145,5.0,0.06666666666666667
5711,207995,0.797204875008601,0.03177142853382975,5.0,0.06666666666666667
5712,208018,0.797182450008602,0.027793320739874616,5.0,0.06666666666666667
5713,208069,0.7971327250086041,0.06408595308312215,5.0,0.1
5714,208138,0.797065450008607,0.07950695656472817,5.0,0.13333333333333333
5715,208159,0.7970449750086078,0.02396065805805847,5.0,0.13333333333333333
5716,208182,0.7970225500086088,0.027698654419509694,5.0,0.13333333333333333
5717,208203,0.7970020750086096,0.02732606860809028,5.0,0.13333333333333333
5718,208226,0.7969796500086106,0.028479995380621403,5.0,0.13333333333333333
5719,208249,0.7969572250086115,0.025081706407945603,5.0,0.13333333333333333
5720,208300,0.7969075000086137,0.06725380208808929,5.0,0.16666666666666666
5721,208402,0.7968080500086179,0.11303086893167347,5.0,0.2
5722,208483,0.7967290750086212,0.09092655518907122,5.0,0.26666666666666666
5723,208506,0.7967066500086222,0.032950811670161784,5.0,0.26666666666666666
5724,208575,0.796639375008625,0.08290279336506501,5.0,0.3
5725,208598,0.796616950008626,0.02841412607813254,5.0,0.3
5726,208621,0.7965945250086269,0.024808805319480598,5.0,0.3
5727,208691,0.7965262750086298,0.09039400116307661,5.0,0.3
5728,208742,0.7964765500086319,0.061674126132857054,5.0,0.3333333333333333
5729,208765,0.7964541250086329,0.025657483318354934,5.0,0.3333333333333333
5730,208788,0.7964317000086338,0.025352245720569044,5.0,0.3333333333333333
5731,208886,0.7963361500086379,0.10862884856760502,5.0,0.4
5732,208909,0.7963137250086388,0.028824458830058575,5.0,0.4
5733,208932,0.7962913000086398,0.028121543349698186,5.0,0.4
5734,208955,0.7962688750086407,0.03129939403152093,5.0,0.4
5735,209026,0.7961996500086437,0.080519252223894,5.0,0.43333333333333335
5736,209077,0.7961499250086458,0.06365028000436723,5.0,0.4666666666666667
5737,209128,0.7961002000086479,0.060013287235051394,5.0,0.5
5738,209224,0.7960066000086519,0.11389750594389625,5.0,0.5666666666666667
5739,209247,0.7959841750086528,0.027497317409142852,5.0,0.5666666666666667
5740,209270,0.7959617500086538,0.024379118462093174,5.0,0.5666666666666667
5741,209293,0.7959393250086547,0.02321098343236372,5.0,0.5666666666666667
5742,209316,0.7959169000086557,0.023677765566390008,5.0,0.5666666666666667
5743,209339,0.7958944750086566,0.02481064130552113,5.0,0.5333333333333333
5744,209360,0.7958740000086575,0.02392154827248305,5.0,0.5
5745,209428,0.7958077000086603,0.07787200817256235,5.0,0.5333333333333333
5746,209479,0.7957579750086624,0.055903386179124936,5.0,0.5666666666666667
5747,209502,0.7957355500086634,0.01947441609809175,5.0,0.5666666666666667
5748,209523,0.7957150750086642,0.022170284122694284,5.0,0.5666666666666667
5749,209546,0.7956926500086652,0.024196894984925166,5.0,0.5666666666666667
5750,209569,0.7956702250086661,0.026505962625378743,5.0,0.5333333333333333
5751,209620,0.7956205000086682,0.04732288949890062,5.0,0.5
5752,209771,0.7954732750086745,0.16231087548658252,5.0,0.5333333333333333
5753,209794,0.7954508500086754,0.02572985363076441,5.0,0.5333333333333333
5754,209912,0.7953358000086803,0.12525698076933622,5.0,0.5666666666666667
5755,209933,0.7953153250086812,0.02044633956393227,5.0,0.5666666666666667
5756,209956,0.7952929000086821,0.023487980128265917,5.0,0.5666666666666667
5757,209979,0.7952704750086831,0.02695186744676903,5.0,0.5333333333333333
5758,210002,0.795248050008684,0.036588904447853565,5.0,0.5
5759,210025,0.795225625008685,0.10672801895998418,5.0,0.5
5760,210048,0.7952032000086859,0.09539631579536945,5.0,0.5
5761,210071,0.7951807750086869,0.08814978040754795,5.0,0.43333333333333335
5762,210153,0.7951008250086903,0.26212038623634726,5.0,0.5
5763,210176,0.7950784000086912,0.06955249654129148,5.0,0.5
5764,210199,0.7950559750086922,0.07067959068808705,5.0,0.5
5765,210222,0.7950335500086931,0.0561403117608279,5.0,0.4666666666666667
5766,210357,0.7949019250086987,0.36790815327549353,5.0,0.5333333333333333
5767,210380,0.7948795000086997,0.04883250501006842,5.0,0.5
5768,210403,0.7948570750087006,0.06935462373076007,5.0,0.43333333333333335
5769,210456,0.7948054000087028,0.10784772498300299,5.0,0.4666666666666667
5770,210477,0.7947849250087037,0.055720841977745295,5.0,0.4666666666666667
5771,210528,0.7947352000087058,0.09649817523313686,5.0,0.5
5772,210551,0.7947127750087067,0.04623524349881336,5.0,0.5
5773,210620,0.7946455000087096,0.1415288481512107,5.0,0.5333333333333333
5774,210643,0.7946230750087105,0.03660553082590923,5.0,0.5333333333333333
5775,210666,0.7946006500087115,0.04621113569010049,5.0,0.5
5776,210717,0.7945509250087136,0.08944893267471343,5.0,0.5
5777,210740,0.7945285000087146,0.03828801866620779,5.0,0.5
5778,210761,0.7945080250087154,0.03775319957640022,5.0,0.5
5779,210829,0.7944417250087182,0.13816326932283118,5.0,0.5333333333333333
5780,210852,0.7944193000087192,0.04587040579644963,5.0,0.5333333333333333
5781,210875,0.7943968750087201,0.04156814853195101,5.0,0.5
5782,210973,0.7943013250087242,0.17529134528012946,5.0,0.4666666666666667
5783,210996,0.7942789000087251,0.03837019397178665,5.0,0.4666666666666667
5784,211019,0.7942564750087261,0.03142232808750123,5.0,0.4
5785,211042,0.794234050008727,0.033796623843954876,5.0,0.4
5786,211065,0.794211625008728,0.03199884918285534,5.0,0.4
5787,211088,0.794189200008729,0.035896943882107735,5.0,0.4
5788,211109,0.7941687250087298,0.025630141724832356,5.0,0.4
5789,211178,0.7941014500087327,0.11175810446729884,5.0,0.43333333333333335
5790,211199,0.7940809750087335,0.05571516475174576,5.0,0.43333333333333335
5791,211222,0.7940585500087345,0.03890888631576672,5.0,0.43333333333333335
5792,211245,0.7940361250087354,0.03612565761432052,5.0,0.36666666666666664
5793,211268,0.7940137000087364,0.03867778938729316,5.0,0.36666666666666664
5794,211291,0.7939912750087373,0.04440364649053663,5.0,0.36666666666666664
5795,211314,0.7939688500087383,0.035395143437199295,5.0,0.36666666666666664
5796,211337,0.7939464250087392,0.03225315909367055,5.0,0.26666666666666666
5797,211360,0.7939240000087402,0.0374557429458946,5.0,0.26666666666666666
5798,211383,0.7939015750087411,0.033718450053129345,5.0,0.26666666666666666
5799,211406,0.7938791500087421,0.0404054379905574,5.0,0.23333333333333334
5800,211506,0.7937816500087462,0.1707022251212038,5.0,0.3
5801,211529,0.7937592250087472,0.03248438984155655,5.0,0.26666666666666666
5802,211599,0.7936909750087501,0.09406869806116447,5.0,0.3
5803,211650,0.7936412500087522,0.07304666913114488,5.0,0.3
5804,211722,0.7935710500087552,0.10495427835849114,5.0,0.3333333333333333
5805,211775,0.7935193750087574,0.07305007963441312,5.0,0.36666666666666664
5806,211893,0.7934043250087622,0.16571467850008048,5.0,0.4
5807,211944,0.7933546000087643,0.0771754092129413,5.0,0.43333333333333335
5808,212044,0.7932571000087685,0.12810233217896894,5.0,0.5
5809,212067,0.7932346750087694,0.03598243638407439,5.0,0.4666666666666667
5810,212188,0.7931167000087744,0.21169033535989001,5.0,0.5333333333333333
5811,212309,0.7929987250087794,0.18907613007468171,5.0,0.6
5812,212378,0.7929314500087823,0.0913142996141687,5.0,0.5666666666666667
5813,212401,0.7929090250087832,0.04693322372622788,5.0,0.5666666666666667
5814,212424,0.7928866000087842,0.045744773058686405,5.0,0.5666666666666667
5815,212496,0.7928164000087872,0.12183501431718469,5.0,0.6
5816,212626,0.7926896500087925,0.18453110486734658,5.0,0.7
5817,212649,0.7926672250087935,0.032324216212145984,5.0,0.7
5818,212672,0.7926448000087944,0.03052961837965995,5.0,0.7
5819,212695,0.7926223750087954,0.03613204351859167,5.0,0.6666666666666666
5820,212718,0.7925999500087964,0.033852110092993826,5.0,0.6666666666666666
5821,212865,0.7924566250088024,0.21214159912778996,5.0,0.7666666666666667
5822,212918,0.7924049500088046,0.07968357583740726,5.0,0.8
5823,212991,0.7923337750088076,0.09245550609193742,5.0,0.8333333333333334
5824,213014,0.7923113500088086,0.03381076152436435,5.0,0.8333333333333334
5825,213085,0.7922421250088115,0.09706505271606147,5.0,0.8666666666666667
5826,213108,0.7922197000088125,0.039404886309057474,5.0,0.8666666666666667
5827,213131,0.7921972750088134,0.026962499134242535,5.0,0.8666666666666667
5828,213154,0.7921748500088144,0.025286282179877162,5.0,0.8666666666666667
5829,213175,0.7921543750088152,0.027235126995947212,5.0,0.8666666666666667
5830,213292,0.7920403000088201,0.1489484004850965,5.0,0.9
5831,213343,0.7919905750088222,0.07741051571792923,5.0,0.9333333333333333
5832,213426,0.7919096500088256,0.14701025618705899,5.0,0.9666666666666667
5833,213449,0.7918872250088266,0.03166170354234055,5.0,0.9333333333333333
5834,213582,0.7917575500088321,0.1873860944469925,5.0,1.0
5835,213605,0.791735125008833,0.029741024889517576,5.0,0.9666666666666667
5836,213628,0.791712700008834,0.025552380015142262,5.0,0.9
5837,213651,0.7916902750088349,0.030621650570537895,5.0,0.8666666666666667
5838,213672,0.7916698000088358,0.02572244155453518,5.0,0.8
5839,213695,0.7916473750088368,0.03157323529012501,5.0,0.8
5840,213718,0.7916249500088377,0.03407140466151759,5.0,0.7333333333333333
5841,213922,0.7914260500088461,0.300108566734707,6.0,0.8666666666666667
5842,213945,0.7914036250088471,0.03168403240852058,6.0,0.8333333333333334
5843,213968,0.791381200008848,0.033919638430234045,6.0,0.8333333333333334
5844,213989,0.7913607250088489,0.030262519139796495,6.0,0.8333333333333334
5845,214012,0.7913383000088499,0.044760211603716016,6.0,0.8
5846,214094,0.7912583500088533,0.12740666850004345,6.0,0.7666666666666667
5847,214115,0.7912378750088541,0.03362337633734569,6.0,0.7666666666666667
5848,214138,0.7912154500088551,0.030005788314156234,6.0,0.7666666666666667
5849,214161,0.791193025008856,0.03219344743411057,6.0,0.7666666666666667
5850,214182,0.7911725500088569,0.032539221341721714,6.0,0.7666666666666667
5851,214298,0.7910594500088617,0.1579575031355489,6.0,0.7333333333333333
5852,214319,0.7910389750088626,0.0227004507323727,6.0,0.7
5853,214342,0.7910165500088635,0.02697141355019994,6.0,0.6666666666666666
5854,214365,0.7909941250088645,0.032842228043591604,6.0,0.6666666666666666
5855,214437,0.7909239250088674,0.09521406568819657,6.0,0.6666666666666666
5856,214535,0.7908283750088715,0.1271554508130066,6.0,0.7333333333333333
5857,214606,0.7907591500088744,0.08378300731419586,6.0,0.7666666666666667
5858,214629,0.7907367250088754,0.024617631424916908,6.0,0.7666666666666667
5859,214652,0.7907143000088763,0.028922113764565438,6.0,0.7666666666666667
5860,214675,0.7906918750088773,0.02389969927025959,6.0,0.6666666666666666
5861,214698,0.7906694500088782,0.026016280229669064,6.0,0.6333333333333333
5862,214721,0.7906470250088792,0.024277073913253844,6.0,0.5666666666666667
5863,214742,0.79062655000888,0.019892670738045126,6.0,0.5666666666666667
5864,214765,0.790604125008881,0.021141032688319683,6.0,0.4666666666666667
5865,214786,0.7905836500088819,0.023824618139769882,6.0,0.4666666666666667
5866,214809,0.7905612250088828,0.030837315105600283,6.0,0.4666666666666667
5867,214830,0.7905407500088837,0.02681556122843176,6.0,0.4666666666666667
5868,214901,0.7904715250088866,0.07542079489212483,6.0,0.5
5869,214924,0.7904491000088876,0.030642202123999596,6.0,0.5
5870,214947,0.7904266750088885,0.02610024536261335,6.0,0.5
5871,214970,0.7904042500088895,0.03434699267381802,6.0,0.3
5872,214993,0.7903818250088904,0.023000919725745916,6.0,0.3
5873,215016,0.7903594000088914,0.07601422164589167,6.0,0.3
5874,215039,0.7903369750088923,0.10234471189323813,6.0,0.3
5875,215060,0.7903165000088932,0.0740631683729589,6.0,0.3
5876,215083,0.7902940750088941,0.08495890512131155,6.0,0.23333333333333334
5877,215106,0.7902716500088951,0.07572775229346007,6.0,0.23333333333333334
5878,215129,0.790249225008896,0.0690748606575653,6.0,0.23333333333333334
5879,215150,0.7902287500088969,0.06781514990143478,6.0,0.23333333333333334
5880,215171,0.7902082750088978,0.062337814597412944,6.0,0.23333333333333334
5881,215240,0.7901410000089006,0.20824529055971652,6.0,0.2
5882,215261,0.7901205250089015,0.05257914902176708,6.0,0.2
5883,215312,0.7900708000089036,0.11464277049526572,6.0,0.23333333333333334
5884,215335,0.7900483750089046,0.05105149105656892,6.0,0.23333333333333334
5885,215358,0.7900259500089055,0.05755381379276514,6.0,0.2
5886,215381,0.7900035250089065,0.05241198930889368,6.0,0.13333333333333333
5887,215451,0.7899352750089094,0.17169614823069423,6.0,0.13333333333333333
5888,215474,0.7899128500089103,0.06358972622547299,6.0,0.13333333333333333
5889,215495,0.7898923750089112,0.06034025235567242,6.0,0.13333333333333333
5890,215518,0.7898699500089121,0.043584490253124386,6.0,0.13333333333333333
5891,215588,0.789801700008915,0.14250873308628798,6.0,0.16666666666666666
5892,215639,0.7897519750089171,0.08674238942330703,6.0,0.2
5893,215721,0.7896720250089205,0.1615541479550302,6.0,0.26666666666666666
5894,215789,0.7896057250089233,0.11003936256747693,6.0,0.3
5895,215861,0.7895355250089263,0.1090462799766101,6.0,0.3333333333333333
5896,215884,0.7895131000089273,0.03475775750121102,6.0,0.3333333333333333
5897,215907,0.7894906750089282,0.04201768315397203,6.0,0.3333333333333333
5898,215930,0.7894682500089292,0.0446608800557442,6.0,0.3
5899,216002,0.7893980500089322,0.10795065847923979,6.0,0.3333333333333333
5900,216053,0.7893483250089343,0.07925049588084221,6.0,0.36666666666666664
5901,216123,0.7892800750089372,0.11506207793718204,6.0,0.4
5902,216146,0.7892576500089381,0.04308761373977177,6.0,0.4
5903,216296,0.7891114000089443,0.22795377191505395,6.0,0.5
5904,216319,0.7890889750089453,0.03418880293611437,6.0,0.5
5905,216342,0.7890665500089462,0.03770374960731715,6.0,0.5
5906,216393,0.7890168250089483,0.07976698118727654,6.0,0.5333333333333333
5907,216444,0.7889671000089504,0.06652993510942906,6.0,0.5666666666666667
5908,216465,0.7889466250089513,0.03408881087671034,6.0,0.5666666666666667
5909,216564,0.7888501000089554,0.15008702233899385,6.0,0.6333333333333333
5910,216666,0.7887506500089596,0.14742000520345755,6.0,0.7
5911,216689,0.7887282250089606,0.028607898799236864,6.0,0.6666666666666666
5912,216756,0.7886629000089633,0.08788587644812651,6.0,0.7
5913,216807,0.7886131750089654,0.06990004485123791,6.0,0.7
5914,216830,0.7885907500089664,0.03557344159344211,6.0,0.7
5915,216853,0.7885683250089673,0.03575490869116038,6.0,0.7
5916,216951,0.7884727750089714,0.15190541866468266,6.0,0.7666666666666667
5917,217071,0.7883557750089764,0.1567285899654962,6.0,0.8
5918,217094,0.7883333500089773,0.03491122490959242,6.0,0.8
5919,217117,0.7883109250089783,0.028588033805135638,6.0,0.8
5920,217184,0.788245600008981,0.09423000633250922,6.0,0.8333333333333334
5921,217207,0.788223175008982,0.03069186129141599,6.0,0.8
5922,217228,0.7882027000089828,0.024019765784032643,6.0,0.7666666666666667
5923,217251,0.7881802750089838,0.031539422227069736,6.0,0.7
5924,217274,0.7881578500089848,0.03189758799271658,6.0,0.6666666666666666
5925,217295,0.7881373750089856,0.027907618961762637,6.0,0.6333333333333333
5926,217318,0.7881149500089866,0.027680814149789512,6.0,0.6333333333333333
5927,217341,0.7880925250089875,0.033002560841850936,6.0,0.6333333333333333
5928,217410,0.7880252500089904,0.08289440601947717,6.0,0.6666666666666666
5929,217433,0.7880028250089913,0.030363695521373302,6.0,0.6333333333333333
5930,217484,0.7879531000089934,0.06799150950973853,6.0,0.6333333333333333
5931,217507,0.7879306750089944,0.027333891193848103,6.0,0.6
5932,217528,0.7879102000089953,0.02481697133043781,6.0,0.6
5933,217549,0.7878897250089961,0.030367388564627618,6.0,0.5
5934,217572,0.7878673000089971,0.02206823311280459,6.0,0.5
5935,217595,0.787844875008998,0.025219130067853257,6.0,0.5
5936,217646,0.7877951500090001,0.05322971974965185,6.0,0.5
5937,217746,0.7876976500090043,0.12581256366684102,6.0,0.5333333333333333
5938,217767,0.7876771750090051,0.024220206367317587,6.0,0.5333333333333333
5939,217788,0.787656700009006,0.019421962439082563,6.0,0.4666666666666667
5940,217859,0.7875874750090089,0.07809440980781801,6.0,0.43333333333333335
5941,217978,0.7874714500090139,0.12994666094891727,6.0,0.5
5942,218001,0.7874490250090148,0.021206920238910243,6.0,0.4666666666666667
5943,218022,0.7874285500090157,0.02402691321913153,6.0,0.43333333333333335
5944,218094,0.7873583500090187,0.07619669896666892,6.0,0.4666666666666667
5945,218115,0.7873378750090195,0.021263424947392195,6.0,0.4666666666666667
5946,218138,0.7873154500090205,0.030516705010086298,6.0,0.4
5947,218159,0.7872949750090213,0.030614287708885968,6.0,0.3333333333333333
5948,218182,0.7872725500090223,0.029154149640817195,6.0,0.3333333333333333
5949,218253,0.7872033250090252,0.06740704749245197,6.0,0.36666666666666664
5950,218276,0.7871809000090262,0.024707154370844364,6.0,0.3333333333333333
5951,218299,0.7871584750090271,0.02704271941911429,6.0,0.3333333333333333
5952,218322,0.7871360500090281,0.02299692403175868,6.0,0.3333333333333333
5953,218345,0.787113625009029,0.021119507786352187,6.0,0.3333333333333333
5954,218366,0.7870931500090299,0.022099683585111052,6.0,0.3333333333333333
5955,218389,0.7870707250090309,0.03264051285805181,6.0,0.3333333333333333
5956,218440,0.787021000009033,0.05881262675393373,6.0,0.36666666666666664
5957,218463,0.7869985750090339,0.026389685284812003,6.0,0.36666666666666664
5958,218486,0.7869761500090349,0.01986156267230399,6.0,0.3333333333333333
5959,218509,0.7869537250090358,0.02157696837093681,6.0,0.3333333333333333
5960,218532,0.7869313000090368,0.029374075238592923,6.0,0.3
5961,218630,0.7868357500090408,0.09027224539022427,6.0,0.36666666666666664
5962,218653,0.7868133250090418,0.018545330211054534,6.0,0.36666666666666664
5963,218676,0.7867909000090427,0.02619139026501216,6.0,0.36666666666666664
5964,218747,0.7867216750090457,0.08396115084178746,6.0,0.4
5965,218873,0.7865988250090509,0.16108709774562158,6.0,0.4666666666666667
5966,218896,0.7865764000090518,0.025279674475314096,6.0,0.43333333333333335
5967,218919,0.7865539750090528,0.024012405367102474,6.0,0.36666666666666664
5968,218970,0.7865042500090549,0.06369372428162023,6.0,0.4
5969,219038,0.7864379500090577,0.07382256918936037,6.0,0.43333333333333335
5970,219061,0.7864155250090586,0.027856053551658988,6.0,0.4
5971,219084,0.7863931000090596,0.04453850179561414,6.0,0.3333333333333333
5972,219107,0.7863706750090605,0.0316200083179865,6.0,0.3333333333333333
5973,219191,0.786288775009064,0.10575843250262551,6.0,0.4
5974,219214,0.786266350009065,0.028023906401358545,6.0,0.36666666666666664
5975,219237,0.7862439250090659,0.023345045890891925,6.0,0.36666666666666664
5976,219288,0.786194200009068,0.05416186334332451,6.0,0.4
5977,219357,0.7861269250090709,0.07343350851442665,6.0,0.43333333333333335
5978,219380,0.7861045000090718,0.03887697355821729,6.0,0.43333333333333335
5979,219403,0.7860820750090728,0.03316740522859618,6.0,0.4
5980,219599,0.7858909750090809,0.21022508418536745,6.0,0.5666666666666667
5981,219622,0.7858685500090818,0.020122839719988406,6.0,0.5666666666666667
5982,219645,0.7858461250090828,0.02241410134593025,6.0,0.5666666666666667
5983,219668,0.7858237000090837,0.026264065934810787,6.0,0.5666666666666667
5984,219691,0.7858012750090847,0.025235814275220037,6.0,0.5666666666666667
5985,219787,0.7857076750090887,0.1376947152602952,6.0,0.6333333333333333
5986,219810,0.7856852500090896,0.023447067476809025,6.0,0.6
5987,219861,0.7856355250090917,0.06444486882537603,6.0,0.6333333333333333
5988,219884,0.7856131000090927,0.038801335729658604,6.0,0.6333333333333333
5989,219951,0.7855477750090955,0.08585874101845548,6.0,0.6666666666666666
5990,220022,0.7854785500090984,0.15471313858870417,6.0,0.7
5991,220045,0.7854561250090993,0.0901450210949406,6.0,0.6333333333333333
5992,220068,0.7854337000091003,0.08380724990274757,6.0,0.6333333333333333
5993,220089,0.7854132250091012,0.06928150344174355,6.0,0.6333333333333333
5994,220112,0.7853908000091021,0.09160187770612538,6.0,0.6
5995,220133,0.785370325009103,0.053123813529964536,6.0,0.5333333333333333
5996,220156,0.7853479000091039,0.06944306765217334,6.0,0.5333333333333333
5997,220179,0.7853254750091049,0.06339366734027863,6.0,0.5333333333333333
5998,220202,0.7853030500091058,0.05796452087815851,6.0,0.5
5999,220225,0.7852806250091068,0.052254794631153345,6.0,0.4666666666666667
6000,220296,0.7852114000091097,0.1943234435748309,6.0,0.5
6001,220466,0.7850456500091167,0.4168022245867178,6.0,0.6
6002,220487,0.7850251750091176,0.04917816596571356,6.0,0.6
6003,220510,0.7850027500091186,0.054331944906152785,6.0,0.5333333333333333
6004,220531,0.7849822750091194,0.04131568723823875,6.0,0.5333333333333333
6005,220554,0.7849598500091204,0.0484465112676844,6.0,0.5333333333333333
6006,220623,0.7848925750091232,0.13455671397969127,6.0,0.5333333333333333
6007,220646,0.7848701500091242,0.042000720161013305,6.0,0.5
6008,220669,0.7848477250091251,0.03976375126512721,6.0,0.5
6009,220720,0.7847980000091273,0.10516952438047156,6.0,0.5333333333333333
6010,220743,0.7847755750091282,0.04744520608801395,6.0,0.36666666666666664
6011,220844,0.7846771000091324,0.17295093918801285,6.0,0.43333333333333335
6012,220867,0.7846546750091333,0.03384319576434791,6.0,0.43333333333333335
6013,220888,0.7846342000091342,0.03084960632259026,6.0,0.43333333333333335
6014,220959,0.7845649750091371,0.11716740485280752,6.0,0.4666666666666667
6015,221031,0.7844947750091401,0.1423619674751535,6.0,0.43333333333333335
6016,221103,0.7844245750091431,0.13147165326518007,6.0,0.4666666666666667
6017,221154,0.7843748500091452,0.0780747479875572,6.0,0.4666666666666667
6018,221177,0.7843524250091461,0.03433217597194016,6.0,0.4666666666666667
6019,221230,0.7843007500091483,0.07861047441838309,6.0,0.4666666666666667
6020,221332,0.7842013000091526,0.1592588089988567,6.0,0.5
6021,221355,0.7841788750091535,0.030495214683469385,6.0,0.5
6022,221424,0.7841116000091564,0.09848144167335704,6.0,0.5333333333333333
6023,221495,0.7840423750091593,0.11795819876715541,6.0,0.5666666666666667
6024,221518,0.7840199500091602,0.03551211068406701,6.0,0.5666666666666667
6025,221567,0.7839721750091623,0.06483598402701318,6.0,0.6
6026,221686,0.7838561500091672,0.18344609899213538,6.0,0.6666666666666666
6027,221709,0.7838337250091681,0.03842775634257123,6.0,0.6666666666666666
6028,221732,0.7838113000091691,0.03040000592591241,6.0,0.6666666666666666
6029,221755,0.78378887500917,0.05181934795109555,6.0,0.6666666666666666
6030,221776,0.7837684000091709,0.03584547177888453,6.0,0.6333333333333333
6031,221845,0.7837011250091738,0.09710260198335163,6.0,0.5666666666666667
6032,221868,0.7836787000091747,0.030866845860145986,6.0,0.5666666666666667
6033,221917,0.7836309250091767,0.07400651945499703,6.0,0.6
6034,221968,0.7835812000091789,0.058806889719562605,6.0,0.6333333333333333
6035,221991,0.7835587750091798,0.02998759294860065,6.0,0.6333333333333333
6036,222091,0.7834612750091839,0.13226837164256722,6.0,0.6666666666666666
6037,222114,0.7834388500091849,0.026585861342027783,6.0,0.6666666666666666
6038,222137,0.7834164250091858,0.029967045440571383,6.0,0.6666666666666666
6039,222160,0.7833940000091868,0.03560969640966505,6.0,0.6333333333333333
6040,222183,0.7833715750091877,0.02902943134540692,6.0,0.6333333333333333
6041,222206,0.7833491500091887,0.02952977124368772,6.0,0.5666666666666667
6042,222377,0.7831824250091958,0.22964029846480116,6.0,0.7
6043,222400,0.7831600000091967,0.03167730994755402,6.0,0.7
6044,222423,0.7831375750091977,0.03136773273581639,6.0,0.6666666666666666
6045,222496,0.7830664000092007,0.11076200136449188,6.0,0.6666666666666666
6046,222519,0.7830439750092016,0.033336086955387145,6.0,0.6333333333333333
6047,222542,0.7830215500092026,0.029519625066313893,6.0,0.6
6048,222593,0.7829718250092047,0.0679982035071589,6.0,0.6333333333333333
6049,222616,0.7829494000092057,0.024929354956839234,6.0,0.6
6050,222665,0.7829016250092077,0.05926918610930443,6.0,0.5666666666666667
6051,222688,0.7828792000092086,0.03057143121259287,6.0,0.5666666666666667
6052,222789,0.7827807250092128,0.13129922832013108,6.0,0.6
6053,222812,0.7827583000092138,0.03359242633450776,6.0,0.5666666666666667
6054,222835,0.7827358750092147,0.029063102265354246,6.0,0.5666666666666667
6055,222858,0.7827134500092157,0.04304103329195641,6.0,0.5333333333333333
6056,222881,0.7826910250092166,0.027966120978817344,6.0,0.4666666666666667
6057,222904,0.7826686000092176,0.024502197455149144,6.0,0.4666666666666667
6058,222927,0.7826461750092185,0.026551454211585224,6.0,0.4666666666666667
6059,222978,0.7825964500092206,0.06584273715270683,6.0,0.5
6060,223030,0.7825457500092228,0.052478844503639266,6.0,0.5333333333333333
6061,223100,0.7824775000092257,0.08973886462626979,6.0,0.5333333333333333
6062,223123,0.7824550750092266,0.0396373150870204,6.0,0.5333333333333333
6063,223174,0.7824053500092287,0.06456061691278592,6.0,0.5333333333333333
6064,223197,0.7823829250092297,0.029599207220599055,6.0,0.5
6065,223220,0.7823605000092306,0.027698073827195913,6.0,0.5
6066,223243,0.7823380750092316,0.028280811675358564,6.0,0.43333333333333335
6067,223343,0.7822405750092357,0.12490066242753528,6.0,0.5
6068,223366,0.7822181500092367,0.031308226549299434,6.0,0.5
6069,223387,0.7821976750092375,0.03585052891867235,6.0,0.5
6070,223410,0.7821752500092385,0.023707110551185906,6.0,0.5
6071,223433,0.7821528250092394,0.0298671857744921,6.0,0.5
6072,223533,0.7820553250092436,0.13762048530043103,6.0,0.43333333333333335
6073,223633,0.7819578250092477,0.11945736996131018,6.0,0.5
6074,223656,0.7819354000092487,0.037754892313387245,6.0,0.5
6075,223679,0.7819129750092496,0.034498387947678566,6.0,0.4666666666666667
6076,223702,0.7818905500092506,0.03732948226388544,6.0,0.4666666666666667
6077,223802,0.7817930500092547,0.11701795118278824,6.0,0.5333333333333333
6078,223854,0.7817423500092568,0.06986964351381175,6.0,0.5333333333333333
6079,223877,0.7817199250092578,0.028486453084042296,6.0,0.5333333333333333
6080,223900,0.7816975000092587,0.02975991676794365,6.0,0.5
6081,223969,0.7816302250092616,0.10036882269196212,6.0,0.5333333333333333
6082,224088,0.7815142000092665,0.15272780292434618,6.0,0.5333333333333333
6083,224109,0.7814937250092674,0.02466550946701318,6.0,0.5333333333333333
6084,224132,0.7814713000092683,0.024457046150928363,6.0,0.5333333333333333
6085,224153,0.7814508250092692,0.02028696984052658,6.0,0.5333333333333333
6086,224274,0.7813328500092742,0.16614168664091267,6.0,0.6
6087,224297,0.7813104250092752,0.02210526814451441,6.0,0.6
6088,224370,0.7812392500092782,0.09791681941715069,6.0,0.6333333333333333
6089,224391,0.781218775009279,0.022048352315323427,6.0,0.6
6090,224465,0.7811466250092821,0.10207808547420427,6.0,0.6
6091,224488,0.7811242000092831,0.02888461493421346,6.0,0.5666666666666667
6092,224511,0.781101775009284,0.0336008871672675,6.0,0.5666666666666667
6093,224580,0.7810345000092869,0.11887470091460273,6.0,0.5666666666666667
6094,224603,0.7810120750092878,0.03667078900616616,6.0,0.5666666666666667
6095,224672,0.7809448000092907,0.10947365273023024,6.0,0.6
6096,224695,0.7809223750092916,0.025974181888159364,6.0,0.6
6097,224746,0.7808726500092937,0.05519696237752214,6.0,0.5666666666666667
6098,224769,0.7808502250092947,0.03188049898017198,6.0,0.5666666666666667
6099,224790,0.7808297500092956,0.029999079983099364,6.0,0.5666666666666667
6100,224813,0.7808073250092965,0.025880607194267213,6.0,0.5666666666666667
6101,224836,0.7807849000092975,0.04965434537734836,6.0,0.5666666666666667
6102,224859,0.7807624750092984,0.02976813621353358,6.0,0.5
6103,224943,0.7806805750093019,0.13111552284681238,6.0,0.5
6104,224966,0.7806581500093028,0.02679856147733517,6.0,0.5
6105,225035,0.7805908750093057,0.21123976417584345,6.0,0.5333333333333333
6106,225058,0.7805684500093066,0.10474508896004409,6.0,0.5333333333333333
6107,225081,0.7805460250093076,0.0910386306932196,6.0,0.4666666666666667
6108,225104,0.7805236000093085,0.09176551701966673,6.0,0.43333333333333335
6109,225127,0.7805011750093095,0.07003926462493837,6.0,0.43333333333333335
6110,225150,0.7804787500093104,0.0709771738620475,6.0,0.43333333333333335
6111,225173,0.7804563250093114,0.07142049842514098,6.0,0.4
6112,225225,0.7804056250093135,0.18208637018688023,6.0,0.36666666666666664
6113,225248,0.7803832000093145,0.0723849554779008,6.0,0.36666666666666664
6114,225299,0.7803334750093166,0.14678369218017906,6.0,0.4
6115,225322,0.7803110500093176,0.05727383104385808,6.0,0.4
6116,225392,0.7802428000093204,0.20009921718155965,6.0,0.36666666666666664
6117,225443,0.7801930750093226,0.11962207168107852,6.0,0.4
6118,225563,0.7800760750093275,0.2735751637374051,6.0,0.43333333333333335
6119,225666,0.7799756500093318,0.23825947620207444,6.0,0.5
6120,225738,0.7799054500093348,0.160051278246101,6.0,0.5
6121,225761,0.7798830250093357,0.05842769145965576,6.0,0.5
6122,225832,0.7798138000093386,0.1720835380256176,6.0,0.5333333333333333
6123,225853,0.7797933250093395,0.040554622712079436,6.0,0.5
6124,226003,0.7796470750093457,0.3006869293167256,6.0,0.6
6125,226024,0.7796266000093466,0.036004186200443655,6.0,0.5666666666666667
6126,226075,0.7795768750093487,0.09467838477576151,6.0,0.6
6127,226193,0.7794618250093536,0.21288136608200148,6.0,0.6333333333333333
6128,226216,0.7794394000093545,0.03444233618211001,6.0,0.6333333333333333
6129,226335,0.7793233750093594,0.2092230262933299,6.0,0.7
6130,226358,0.7793009500093604,0.036831460252869874,6.0,0.7
6131,226381,0.7792785250093613,0.03737549763172865,6.0,0.7
6132,226404,0.7792561000093623,0.05692938168067485,6.0,0.7
6133,226522,0.7791410500093672,0.185061171912821,6.0,0.7
6134,226545,0.7791186250093681,0.03482007351703942,6.0,0.7
6135,226566,0.779098150009369,0.03126683831214905,6.0,0.6666666666666666
6136,226638,0.779027950009372,0.10128773332689889,6.0,0.7
6137,226661,0.7790055250093729,0.03268225851934403,6.0,0.7
6138,226684,0.7789831000093739,0.03797944646794349,6.0,0.7
6139,226851,0.7788202750093808,0.25908607098972425,6.0,0.8333333333333334
6140,226902,0.7787705500093829,0.07099012477556244,6.0,0.8666666666666667
6141,226953,0.778720825009385,0.09033359988825396,6.0,0.9
6142,226974,0.7787003500093859,0.034813778882380575,6.0,0.8666666666666667
6143,226997,0.7786779250093868,0.03421192255336791,6.0,0.8666666666666667
6144,227020,0.7786555000093878,0.03648616361897439,6.0,0.8333333333333334
6145,227089,0.7785882250093906,0.09730103658512235,6.0,0.8666666666666667
6146,227112,0.7785658000093916,0.027516265225131065,6.0,0.8333333333333334
6147,227163,0.7785160750093937,0.0831671820487827,6.0,0.8333333333333334
6148,227186,0.7784936500093946,0.037454172037541866,6.0,0.7666666666666667
6149,227209,0.7784712250093956,0.0367209775140509,6.0,0.7
6150,227230,0.7784507500093965,0.033190559479407966,6.0,0.6666666666666666
6151,227253,0.7784283250093974,0.030796714301686734,6.0,0.6666666666666666
6152,227276,0.7784059000093984,0.02805551653727889,6.0,0.6333333333333333
6153,227299,0.7783834750093993,0.05467341438634321,6.0,0.6333333333333333
6154,227416,0.7782694000094041,0.15656680063693784,6.0,0.6
6155,227439,0.7782469750094051,0.02972792967921123,6.0,0.6
6156,227510,0.778177750009408,0.11055909647257067,6.0,0.6
6157,227581,0.778108525009411,0.11296685319393873,6.0,0.5666666666666667
6158,227631,0.778059775009413,0.06753077771281824,6.0,0.6
6159,227652,0.7780393000094139,0.026687988836783916,6.0,0.5333333333333333
6160,227802,0.7778930500094201,0.1978101690474432,6.0,0.6333333333333333
6161,227825,0.7778706250094211,0.029150383808882907,6.0,0.6333333333333333
6162,227846,0.7778501500094219,0.021975022624246776,6.0,0.6333333333333333
6163,227869,0.7778277250094229,0.029993504809681326,6.0,0.5666666666666667
6164,227940,0.7777585000094258,0.0918653761909809,6.0,0.6
6165,227963,0.7777360750094268,0.028743449947796762,6.0,0.6
6166,227986,0.7777136500094277,0.027253529406152666,6.0,0.5666666666666667
6167,228009,0.7776912250094287,0.03876747182221152,6.0,0.5666666666666667
6168,228077,0.7776249250094315,0.0976315034495201,6.0,0.6
6169,228100,0.7776025000094324,0.03135036723688245,6.0,0.4666666666666667
6170,228123,0.7775800750094334,0.023001493886113167,6.0,0.43333333333333335
6171,228146,0.7775576500094343,0.02323804603656754,6.0,0.4
6172,228169,0.7775352250094353,0.03365375072462484,6.0,0.4
6173,228289,0.7774182250094402,0.15130680802394636,6.0,0.4666666666666667
6174,228310,0.7773977500094411,0.03154583874857053,6.0,0.4666666666666667
6175,228382,0.7773275500094441,0.0998989610816352,6.0,0.4666666666666667
6176,228405,0.777305125009445,0.02559206387377344,6.0,0.4666666666666667
6177,228428,0.777282700009446,0.02453548423363827,6.0,0.43333333333333335
6178,228451,0.7772602750094469,0.02088227868080139,6.0,0.43333333333333335
6179,228535,0.7771783750094504,0.0903504996385891,6.0,0.5
6180,228558,0.7771559500094514,0.024473710800521076,6.0,0.5
6181,228581,0.7771335250094523,0.02750709344400093,6.0,0.5
6182,228604,0.7771111000094533,0.022655981709249318,6.0,0.5
6183,228627,0.7770886750094542,0.029557450849097222,6.0,0.5
6184,228650,0.7770662500094552,0.030166879238095134,6.0,0.43333333333333335
6185,228671,0.777045775009456,0.025066205736948177,6.0,0.43333333333333335
6186,228694,0.777023350009457,0.024355463741812855,6.0,0.4
6187,228745,0.7769736250094591,0.055595256242668256,6.0,0.4
6188,228862,0.7768595500094639,0.1455385237641167,6.0,0.43333333333333335
6189,228964,0.7767601000094682,0.14603229067870416,6.0,0.5
6190,228987,0.7767376750094691,0.02764298638794571,6.0,0.4
6191,229010,0.7767152500094701,0.040223841671831906,6.0,0.4
6192,229092,0.7766353000094735,0.1152216307236813,6.0,0.4666666666666667
6193,229115,0.7766128750094744,0.029194748669397086,6.0,0.4666666666666667
6194,229182,0.7765475500094772,0.09923848311882466,6.0,0.4666666666666667
6195,229205,0.7765251250094781,0.026099966373294592,6.0,0.4666666666666667
6196,229228,0.7765027000094791,0.025073696509934962,6.0,0.4666666666666667
6197,229300,0.776432500009482,0.12362103589111939,6.0,0.5
6198,229321,0.7764120250094829,0.029313444800209254,6.0,0.4666666666666667
6199,229344,0.7763896000094839,0.028786086419131607,6.0,0.4666666666666667
6200,229493,0.77624432500949,0.19794819375965744,6.0,0.5666666666666667
6201,229516,0.776221900009491,0.0408516384777613,6.0,0.5666666666666667
6202,229539,0.7761994750094919,0.024194308440200984,6.0,0.5666666666666667
6203,229562,0.7761770500094929,0.026829482201719657,6.0,0.5
6204,229583,0.7761565750094938,0.019192683161236346,6.0,0.5
6205,229606,0.7761341500094947,0.02683439338579774,6.0,0.4666666666666667
6206,229629,0.7761117250094957,0.023164234444266185,6.0,0.4666666666666667
6207,229652,0.7760893000094966,0.03960756311425939,6.0,0.4666666666666667
6208,229703,0.7760395750094987,0.06794089495087974,6.0,0.5
6209,229726,0.7760171500094997,0.03225493599893525,6.0,0.43333333333333335
6210,229749,0.7759947250095006,0.02896263130242005,6.0,0.43333333333333335
6211,229802,0.7759430500095028,0.09126082982402295,6.0,0.4666666666666667
6212,229825,0.7759206250095038,0.023964987427461892,6.0,0.4666666666666667
6213,229894,0.7758533500095066,0.08049467136152089,6.0,0.5
6214,229964,0.7757851000095095,0.07685442711226642,6.0,0.5333333333333333
6215,230064,0.7756876000095136,0.35875388147542253,6.0,0.6
6216,230087,0.7756651750095146,0.0940823758719489,6.0,0.6
6217,230158,0.7755959500095175,0.24572885234374553,6.0,0.6
6218,230181,0.7755735250095185,0.07028909958899021,6.0,0.5333333333333333
6219,230232,0.7755238000095206,0.1849261678289622,6.0,0.5
6220,230301,0.7754565250095234,0.18592930887825787,6.0,0.5333333333333333
6221,230324,0.7754341000095244,0.06715652567800134,6.0,0.5333333333333333
6222,230347,0.7754116750095253,0.06121099041774869,6.0,0.4666666666666667
6223,230368,0.7753912000095262,0.05124339647591114,6.0,0.4666666666666667
6224,230391,0.7753687750095272,0.08777122513856739,6.0,0.43333333333333335
6225,230463,0.7752985750095301,0.17340191517723724,6.0,0.4666666666666667
6226,230514,0.7752488500095323,0.11361032607965171,6.0,0.5
6227,230537,0.7752264250095332,0.05740758136380464,6.0,0.4666666666666667
6228,230560,0.7752040000095342,0.05716354708420113,6.0,0.4666666666666667
6229,230679,0.7750879750095391,0.23618060315493494,6.0,0.5333333333333333
6230,230836,0.7749349000095456,0.32388247473863885,6.0,0.5333333333333333
6231,230859,0.7749124750095465,0.05017697677249089,6.0,0.5333333333333333
6232,230882,0.7748900500095475,0.05277693539392203,6.0,0.5333333333333333
6233,230905,0.7748676250095484,0.056603458477184176,6.0,0.5333333333333333
6234,230928,0.7748452000095494,0.03720452170819044,6.0,0.5333333333333333
6235,230951,0.7748227750095503,0.0394115085946396,6.0,0.5333333333333333
6236,230974,0.7748003500095513,0.043403312331065536,6.0,0.5333333333333333
6237,231025,0.7747506250095534,0.08546020259382203,6.0,0.5666666666666667
6238,231048,0.7747282000095543,0.04362604737980291,6.0,0.5333333333333333
6239,231071,0.7747057750095553,0.04497033025836572,6.0,0.5333333333333333
6240,231094,0.7746833500095562,0.03176771668950096,6.0,0.5333333333333333
6241,231117,0.7746609250095572,0.03868118592072278,6.0,0.5
6242,231140,0.7746385000095581,0.03381220082519576,6.0,0.5
6243,231163,0.7746160750095591,0.03878919128328562,6.0,0.4666666666666667
6244,231184,0.77459560000956,0.031691205920651555,6.0,0.43333333333333335
6245,231207,0.7745731750095609,0.033165519998874515,6.0,0.36666666666666664
6246,231356,0.7744279000095671,0.2568382854806259,6.0,0.4666666666666667
6247,231379,0.774405475009568,0.038758022943511605,6.0,0.43333333333333335
6248,231451,0.774335275009571,0.11698789324145764,6.0,0.4666666666666667
6249,231474,0.774312850009572,0.03381641872692853,6.0,0.43333333333333335
6250,231497,0.7742904250095729,0.030455371481366456,6.0,0.4
6251,231581,0.7742085250095764,0.11905321624362841,6.0,0.4666666666666667
6252,231632,0.7741588000095785,0.06738483710796572,6.0,0.5
6253,231655,0.7741363750095794,0.028569006215548143,6.0,0.5
6254,231755,0.7740388750095836,0.14761436160188168,6.0,0.5666666666666667
6255,231776,0.7740184000095844,0.0323066400596872,6.0,0.5333333333333333
6256,231799,0.7739959750095854,0.033601923438254744,6.0,0.5
6257,231822,0.7739735500095863,0.030948944855481386,6.0,0.5
6258,231873,0.7739238250095885,0.06906397338025272,6.0,0.5333333333333333
6259,231896,0.7739014000095894,0.0399951507570222,6.0,0.4666666666666667
6260,232010,0.7737902500095941,0.15618317914777435,6.0,0.43333333333333335
6261,232033,0.7737678250095951,0.03799408761551604,6.0,0.43333333333333335
6262,232056,0.773745400009596,0.034583900414872915,6.0,0.43333333333333335
6263,232105,0.773697625009598,0.06920225900830701,6.0,0.4666666666666667
6264,232128,0.773675200009599,0.02891555256792344,6.0,0.4666666666666667
6265,232151,0.7736527750096,0.02751065423944965,6.0,0.4666666666666667
6266,232303,0.7735045750096062,0.19988642787211575,6.0,0.6
6267,232424,0.7733866000096112,0.17652811389416456,6.0,0.6333333333333333
6268,232476,0.7733359000096134,0.05628905040794052,6.0,0.6666666666666666
6269,232499,0.7733134750096143,0.03255644493037835,6.0,0.6666666666666666
6270,232522,0.7732910500096153,0.03504807344870642,6.0,0.6666666666666666
6271,232545,0.7732686250096162,0.03152892767684534,6.0,0.6666666666666666
6272,232566,0.7732481500096171,0.03606860828585923,6.0,0.6666666666666666
6273,232685,0.773132125009622,0.16528032257338054,6.0,0.7333333333333333
6274,232706,0.7731116500096229,0.023811809776816517,6.0,0.7333333333333333
6275,232777,0.7730424250096258,0.0948545865539927,6.0,0.7666666666666667
6276,232849,0.7729722250096288,0.0907860031875316,6.0,0.7
6277,232872,0.7729498000096298,0.026361278723925352,6.0,0.7
6278,232895,0.7729273750096307,0.026636987691745162,6.0,0.6666666666666666
6279,232918,0.7729049500096317,0.02915324128116481,6.0,0.6666666666666666
6280,233086,0.7727411500096386,0.2154398603597656,6.0,0.7666666666666667
6281,233109,0.7727187250096396,0.03307898863567971,6.0,0.7
6282,233132,0.7726963000096405,0.029841248877346516,6.0,0.6666666666666666
6283,233155,0.7726738750096415,0.026956727320794016,6.0,0.6666666666666666
6284,233206,0.7726241500096436,0.050766885542543605,6.0,0.6333333333333333
6285,233229,0.7726017250096445,0.03503645898308605,6.0,0.6333333333333333
6286,233252,0.7725793000096455,0.025772215507458895,6.0,0.6333333333333333
6287,233275,0.7725568750096464,0.028724535019136965,6.0,0.6333333333333333
6288,233326,0.7725071500096485,0.05640318221412599,6.0,0.6333333333333333
6289,233427,0.7724086750096527,0.1132560926489532,6.0,0.7
6290,233450,0.7723862500096537,0.024569031374994665,6.0,0.6333333333333333
6291,233473,0.7723638250096546,0.02668902275036089,6.0,0.6333333333333333
6292,233496,0.7723414000096556,0.020536263909889385,6.0,0.6333333333333333
6293,233519,0.7723189750096565,0.038060277060139924,6.0,0.6
6294,233542,0.7722965500096575,0.02613244397798553,6.0,0.6
6295,233565,0.7722741250096584,0.029337998072151095,6.0,0.6
6296,233588,0.7722517000096594,0.027315577084664255,6.0,0.4666666666666667
6297,233611,0.7722292750096603,0.030308101268019527,6.0,0.4
6298,233632,0.7722088000096612,0.03072457987582311,6.0,0.36666666666666664
6299,233730,0.7721132500096652,0.09705171338282526,6.0,0.43333333333333335
6300,233751,0.7720927750096661,0.020905479410430416,6.0,0.43333333333333335
6301,233774,0.7720703500096671,0.024370093131437898,6.0,0.43333333333333335
6302,233844,0.77200210000967,0.0699868873343803,6.0,0.4666666666666667
6303,233867,0.7719796750096709,0.029189439839683473,6.0,0.4
6304,233888,0.7719592000096718,0.01948759550577961,6.0,0.4
6305,233911,0.7719367750096727,0.024484072724590078,6.0,0.36666666666666664
6306,233934,0.7719143500096737,0.023886287352070212,6.0,0.3333333333333333
6307,233957,0.7718919250096746,0.021594130172161385,6.0,0.3333333333333333
6308,233978,0.7718714500096755,0.022079033631598577,6.0,0.3333333333333333
6309,234047,0.7718041750096784,0.08100045676110312,6.0,0.36666666666666664
6310,234118,0.7717349500096813,0.06847973403637297,6.0,0.3
6311,234187,0.7716676750096841,0.08173792730667628,6.0,0.3333333333333333
6312,234238,0.7716179500096862,0.0561704266583547,6.0,0.36666666666666664
6313,234261,0.7715955250096872,0.022346175566781312,6.0,0.36666666666666664
6314,234284,0.7715731000096882,0.027924080262891948,6.0,0.3333333333333333
6315,234307,0.7715506750096891,0.026130098674912006,6.0,0.3333333333333333
6316,234358,0.7715009500096912,0.04534533486003056,6.0,0.36666666666666664
6317,234379,0.7714804750096921,0.021667538094334304,6.0,0.36666666666666664
6318,234402,0.771458050009693,0.02267302287509665,6.0,0.3333333333333333
6319,234425,0.771435625009694,0.020456448255572468,6.0,0.26666666666666666
6320,234448,0.7714132000096949,0.026581048296066,6.0,0.26666666666666666
6321,234471,0.7713907750096959,0.01822868200542871,6.0,0.26666666666666666
6322,234494,0.7713683500096968,0.022117209999123588,6.0,0.26666666666666666
6323,234517,0.7713459250096978,0.022994750877842307,6.0,0.26666666666666666
6324,234540,0.7713235000096987,0.021249699464533478,6.0,0.26666666666666666
6325,234589,0.7712757250097008,0.06135640633874573,6.0,0.3
6326,234612,0.7712533000097017,0.027959277445916086,6.0,0.3
6327,234635,0.7712308750097027,0.023537827713880688,6.0,0.3
6328,234656,0.7712104000097035,0.021957551274681464,6.0,0.3
6329,234725,0.7711431250097064,0.06741759288706817,6.0,0.26666666666666666
6330,234748,0.7711207000097073,0.028683949378319085,6.0,0.26666666666666666
6331,234819,0.7710514750097103,0.07762882093084045,6.0,0.3
6332,234993,0.7708818250097175,0.15667540390859358,6.0,0.36666666666666664
6333,235044,0.7708321000097196,0.18947637523524463,6.0,0.4
6334,235097,0.7707804250097218,0.23261017224285752,6.0,0.43333333333333335
6335,235204,0.7706761000097262,0.32066969870356843,6.0,0.5
6336,235227,0.7706536750097271,0.07578087237197906,6.0,0.5
6337,235344,0.770539600009732,0.34699544397881255,6.0,0.5666666666666667
6338,235367,0.7705171750097329,0.05988994927611202,6.0,0.5666666666666667
6339,235388,0.7704967000097338,0.041975416825152934,6.0,0.5333333333333333
6340,235411,0.7704742750097348,0.048532897722907364,6.0,0.5
6341,235434,0.7704518500097357,0.048573234933428466,6.0,0.4666666666666667
6342,235455,0.7704313750097366,0.052155413781292737,6.0,0.43333333333333335
6343,235478,0.7704089500097375,0.04769172804662958,6.0,0.43333333333333335
6344,235499,0.7703884750097384,0.04921416041906923,6.0,0.43333333333333335
6345,235520,0.7703680000097393,0.04348133795429021,6.0,0.43333333333333335
6346,235543,0.7703455750097402,0.05734470533207059,6.0,0.4
6347,235594,0.7702958500097423,0.09861967386677861,6.0,0.43333333333333335
6348,235615,0.7702753750097432,0.03945340064819902,6.0,0.43333333333333335
6349,235685,0.7702071250097461,0.15214685344835743,6.0,0.4666666666666667
6350,235788,0.7701067000097503,0.20190449338406324,6.0,0.5333333333333333
6351,235811,0.7700842750097513,0.03884626389481127,6.0,0.5333333333333333
6352,235832,0.7700638000097522,0.0536241598892957,6.0,0.5333333333333333
6353,235853,0.770043325009753,0.03211157466284931,6.0,0.5333333333333333
6354,235876,0.770020900009754,0.04050650785211474,6.0,0.5333333333333333
6355,235897,0.7700004250097549,0.03647778573213145,6.0,0.5
6356,235920,0.7699780000097558,0.03646667464636266,6.0,0.5
6357,235943,0.7699555750097568,0.06808043993078172,6.0,0.5
6358,236043,0.7698580750097609,0.1708648549974896,6.0,0.5666666666666667
6359,236064,0.7698376000097618,0.03490476973820478,6.0,0.5333333333333333
6360,236087,0.7698151750097627,0.03775113826850429,6.0,0.5333333333333333
6361,236110,0.7697927500097637,0.041093601437751204,6.0,0.5
6362,236206,0.7696991500097676,0.15818272146862,6.0,0.4666666666666667
6363,236304,0.7696036000097717,0.14516208329587243,6.0,0.5
6364,236428,0.7694827000097768,0.18166102180839516,6.0,0.5333333333333333
6365,236503,0.7694095750097799,0.10918809327995405,6.0,0.5
6366,236572,0.7693423000097828,0.11611564163467847,6.0,0.5333333333333333
6367,236644,0.7692721000097857,0.11331020583747886,6.0,0.5
6368,236665,0.7692516250097866,0.03203368512913585,6.0,0.5
6369,236686,0.7692311500097875,0.02626674744533375,6.0,0.5
6370,236737,0.7691814250097896,0.06399909578613006,6.0,0.5333333333333333
6371,236760,0.7691590000097905,0.027529707527719438,6.0,0.5333333333333333
6372,236781,0.7691385250097914,0.026613005087710917,6.0,0.5333333333333333
6373,236802,0.7691180500097923,0.024364179756958038,6.0,0.5333333333333333
6374,236825,0.7690956250097932,0.03352943906793371,6.0,0.5333333333333333
6375,236848,0.7690732000097942,0.03236870435648598,6.0,0.5333333333333333
6376,236899,0.7690234750097963,0.055895594181492925,6.0,0.5666666666666667
6377,236967,0.7689571750097991,0.10692709655268118,6.0,0.5666666666666667
6378,236990,0.7689347500098,0.023455910210032016,6.0,0.5666666666666667
6379,237013,0.768912325009801,0.029190588102210313,6.0,0.5333333333333333
6380,237036,0.768889900009802,0.03099584684241563,6.0,0.4666666666666667
6381,237059,0.7688674750098029,0.028592623013537377,6.0,0.4666666666666667
6382,237082,0.7688450500098039,0.029123902437277138,6.0,0.4666666666666667
6383,237105,0.7688226250098048,0.027363889734260738,6.0,0.4666666666666667
6384,237190,0.7687397500098083,0.12160618347115815,6.0,0.5333333333333333
6385,237213,0.7687173250098093,0.02824996830895543,6.0,0.5333333333333333
6386,237236,0.7686949000098102,0.026391101127956063,6.0,0.5333333333333333
6387,237259,0.7686724750098112,0.030490292178001255,6.0,0.5333333333333333
6388,237282,0.7686500500098121,0.027704565320163965,6.0,0.4666666666666667
6389,237305,0.7686276250098131,0.02893203089479357,6.0,0.4666666666666667
6390,237377,0.768557425009816,0.10345545472227968,6.0,0.5
6391,237400,0.768535000009817,0.03527126013068482,6.0,0.5
6392,237423,0.768512575009818,0.02985568915028125,6.0,0.43333333333333335
6393,237444,0.7684921000098188,0.030145372555125505,6.0,0.36666666666666664
6394,237516,0.7684219000098218,0.08502776961540803,6.0,0.3333333333333333
6395,237539,0.7683994750098228,0.03114063141401857,6.0,0.3
6396,237562,0.7683770500098237,0.03027690591989085,6.0,0.26666666666666666
6397,237585,0.7683546250098247,0.02723029616754502,6.0,0.23333333333333334
6398,237608,0.7683322000098256,0.025512899708701298,6.0,0.23333333333333334
6399,237631,0.7683097750098266,0.020601028634700924,6.0,0.23333333333333334
6400,237680,0.7682620000098286,0.056277283059898764,6.0,0.23333333333333334
6401,237782,0.7681625500098328,0.12820776732405648,6.0,0.3
6402,237805,0.7681401250098338,0.02982269087806344,6.0,0.3
6403,237905,0.7680426250098379,0.10369165550218895,6.0,0.36666666666666664
6404,237988,0.7679617000098413,0.11119106868864037,6.0,0.43333333333333335
6405,238011,0.7679392750098423,0.032161617680685595,6.0,0.43333333333333335
6406,238034,0.7679168500098432,0.038133806199766695,6.0,0.4
6407,238055,0.7678963750098441,0.03349643113324419,6.0,0.36666666666666664
6408,238078,0.767873950009845,0.03034652874339372,6.0,0.36666666666666664
6409,238099,0.7678534750098459,0.0254201089264825,6.0,0.36666666666666664
6410,238122,0.7678310500098469,0.04415539320325479,6.0,0.36666666666666664
6411,238145,0.7678086250098478,0.03104227565927431,6.0,0.36666666666666664
6412,238166,0.7677881500098487,0.021057003032183275,6.0,0.36666666666666664
6413,238189,0.7677657250098496,0.03278937784489244,6.0,0.36666666666666664
6414,238212,0.7677433000098506,0.03305780398659408,6.0,0.3
6415,238281,0.7676760250098534,0.0808135963161476,6.0,0.3333333333333333
6416,238304,0.7676536000098544,0.02381852947291918,6.0,0.3333333333333333
6417,238353,0.7676058250098564,0.06200068394537084,6.0,0.36666666666666664
6418,238505,0.7674576250098627,0.1793764797912445,6.0,0.4666666666666667
6419,238528,0.7674352000098636,0.021293446130584925,6.0,0.4666666666666667
6420,238551,0.7674127750098646,0.028148746583610773,6.0,0.43333333333333335
6421,238574,0.7673903500098656,0.024826698296237737,6.0,0.43333333333333335
6422,238597,0.7673679250098665,0.026181671069934964,6.0,0.43333333333333335
6423,238620,0.7673455000098675,0.03380404820200056,6.0,0.43333333333333335
6424,238641,0.7673250250098683,0.02932699309894815,6.0,0.4
6425,238664,0.7673026000098693,0.024709578254260123,6.0,0.4
6426,238762,0.7672070500098733,0.12117922038305551,6.0,0.4666666666666667
6427,238831,0.7671397750098762,0.09254464670084417,6.0,0.5
6428,238854,0.7671173500098771,0.02671696263132617,6.0,0.5
6429,238877,0.7670949250098781,0.03407800727291033,6.0,0.5
6430,238898,0.767074450009879,0.021144049911526963,6.0,0.4666666666666667
6431,238996,0.766978900009883,0.12303765973774716,6.0,0.4666666666666667
6432,239192,0.7667878000098911,0.23514368358883075,6.0,0.6
6433,239215,0.7667653750098921,0.028130506339948624,6.0,0.5333333333333333
6434,239267,0.7667146750098942,0.0673816435446497,6.0,0.5
6435,239341,0.7666425250098973,0.09193231086828746,6.0,0.5333333333333333
6436,239364,0.7666201000098982,0.04821541655110195,6.0,0.5333333333333333
6437,239387,0.7665976750098992,0.02686291775899008,6.0,0.5333333333333333
6438,239410,0.7665752500099001,0.021033439552411437,6.0,0.5333333333333333
6439,239433,0.7665528250099011,0.029473862727172673,6.0,0.5333333333333333
6440,239456,0.766530400009902,0.02086092351237312,6.0,0.5333333333333333
6441,239479,0.766507975009903,0.024511385650839657,6.0,0.5333333333333333
6442,239500,0.7664875000099038,0.026684823242248967,6.0,0.5333333333333333
6443,239551,0.766437775009906,0.04875977986375801,6.0,0.5666666666666667
6444,239572,0.7664173000099068,0.03185153770027682,6.0,0.5666666666666667
6445,239595,0.7663948750099078,0.023238890833454207,6.0,0.5333333333333333
6446,239693,0.7662993250099118,0.10396648515597917,6.0,0.6
6447,239814,0.7661813500099168,0.13111710289376788,6.0,0.6333333333333333
6448,239837,0.7661589250099178,0.02247373160207644,6.0,0.5333333333333333
6449,239860,0.7661365000099187,0.026601982564898208,6.0,0.5333333333333333
6450,239932,0.7660663000099217,0.07238388757104985,6.0,0.5666666666666667
6451,239955,0.7660438750099227,0.04291013811598532,6.0,0.5666666666666667
6452,239976,0.7660234000099235,0.01901934767374769,6.0,0.5666666666666667
6453,239999,0.7660009750099245,0.026788249786477536,6.0,0.5666666666666667
6454,240022,0.7659785500099254,0.1004516719840467,6.0,0.5666666666666667
6455,240045,0.7659561250099264,0.10230067442171276,6.0,0.5666666666666667
6456,240096,0.7659064000099285,0.17337281676009297,6.0,0.5333333333333333
6457,240119,0.7658839750099294,0.07261300960090011,6.0,0.5
6458,240140,0.7658635000099303,0.05909860087558627,6.0,0.5
6459,240161,0.7658430250099312,0.07100240676663816,6.0,0.5
6460,240279,0.7657279750099361,0.2997793040703982,6.0,0.5666666666666667
6461,240302,0.765705550009937,0.055745383840985596,6.0,0.5
6462,240494,0.765518350009945,0.457253429107368,6.0,0.5
6463,240546,0.7654676500099471,0.1018119138898328,6.0,0.5333333333333333
6464,240666,0.7653506500099521,0.24389567848993465,6.0,0.5666666666666667
6465,240689,0.765328225009953,0.05332141579128802,6.0,0.5333333333333333
6466,240740,0.7652785000099551,0.14573019213275984,6.0,0.5666666666666667
6467,240793,0.7652268250099573,0.09588367288233712,6.0,0.6
6468,240814,0.7652063500099582,0.03990576125215739,6.0,0.6
6469,240837,0.7651839250099591,0.03775556228356436,6.0,0.6
6470,240860,0.7651615000099601,0.04149864427745342,6.0,0.6
6471,240911,0.7651117750099622,0.09020850967499427,6.0,0.6333333333333333
6472,240934,0.7650893500099631,0.03534528712043539,6.0,0.6333333333333333
6473,241034,0.7649918500099673,0.17038852127734572,6.0,0.6666666666666666
6474,241057,0.7649694250099682,0.04254930728347972,6.0,0.6666666666666666
6475,241108,0.7649197000099703,0.07875998300733045,6.0,0.7
6476,241258,0.7647734500099765,0.22551009122980759,6.0,0.7333333333333333
6477,241358,0.7646759500099807,0.1412582344491966,6.0,0.7333333333333333
6478,241381,0.7646535250099816,0.029735381714999676,6.0,0.7333333333333333
6479,241450,0.7645862500099845,0.09584938865737058,6.0,0.7666666666666667
6480,241626,0.7644146500099918,0.25248631596332416,6.0,0.8333333333333334
6481,241649,0.7643922250099927,0.04292210174025968,6.0,0.8333333333333334
6482,241672,0.7643698000099937,0.04145184741355479,6.0,0.8333333333333334
6483,241693,0.7643493250099945,0.0271122733829543,6.0,0.8333333333333334
6484,241716,0.7643269000099955,0.025624344882089645,6.0,0.8333333333333334
6485,241739,0.7643044750099964,0.03749404166592285,6.0,0.8333333333333334
6486,241762,0.7642820500099974,0.02959854993969202,6.0,0.8
6487,241785,0.7642596250099983,0.032062087091617286,6.0,0.8
6488,241836,0.7642099000100004,0.07304965826915577,6.0,0.8333333333333334
6489,241859,0.7641874750100014,0.03868302115006372,6.0,0.8333333333333334
6490,241930,0.7641182500100043,0.10201870737364516,6.0,0.8
6491,241953,0.7640958250100053,0.02717782830586657,6.0,0.8
6492,241976,0.7640734000100062,0.02851789747364819,6.0,0.6666666666666666
6493,242074,0.7639778500100103,0.12833716860041022,6.0,0.7
6494,242097,0.7639554250100112,0.022703225957229733,6.0,0.6333333333333333
6495,242120,0.7639330000100122,0.026722816022811458,6.0,0.6333333333333333
6496,242143,0.7639105750100131,0.02648857142776251,6.0,0.6
6497,242166,0.7638881500100141,0.02544450614368543,6.0,0.5666666666666667
6498,242237,0.763818925010017,0.08269102551275864,6.0,0.6
6499,242288,0.7637692000100191,0.05551452946383506,6.0,0.6333333333333333
6500,242360,0.7636990000100221,0.09309845129610039,6.0,0.6666666666666666
6501,242383,0.7636765750100231,0.03730046655982733,6.0,0.6333333333333333
6502,242453,0.763608325010026,0.0798466342384927,6.0,0.6666666666666666
6503,242525,0.7635381250100289,0.08026733130100183,6.0,0.6333333333333333
6504,242548,0.7635157000100299,0.028157495602499694,6.0,0.6333333333333333
6505,242571,0.7634932750100308,0.026773574179969728,6.0,0.6
6506,242640,0.7634260000100337,0.09044119500322267,6.0,0.5333333333333333
6507,242663,0.7634035750100346,0.03015062859049067,6.0,0.4666666666666667
6508,242763,0.7633060750100388,0.12330300000030547,6.0,0.5333333333333333
6509,242815,0.7632553750100409,0.057960367819759995,6.0,0.5333333333333333
6510,242838,0.7632329500100419,0.02815218106843531,6.0,0.43333333333333335
6511,242889,0.763183225010044,0.06720997366937809,6.0,0.4666666666666667
6512,242912,0.7631608000100449,0.02725608248147182,6.0,0.4666666666666667
6513,242935,0.7631383750100459,0.02833015873329714,6.0,0.4666666666666667
6514,242958,0.7631159500100468,0.037135941442102194,6.0,0.4666666666666667
6515,243057,0.7630194250100509,0.11718209373066202,6.0,0.5333333333333333
6516,243080,0.7629970000100519,0.03022772679105401,6.0,0.5333333333333333
6517,243103,0.7629745750100528,0.02835975564084947,6.0,0.5333333333333333
6518,243223,0.7628575750100578,0.1515501652029343,6.0,0.5666666666666667
6519,243327,0.7627561750100621,0.1123154075758066,6.0,0.6333333333333333
6520,243448,0.7626382000100671,0.14680443389806896,6.0,0.6666666666666666
6521,243520,0.7625680000100701,0.08329429803416133,6.0,0.7
6522,243588,0.7625017000100729,0.08808033281820826,6.0,0.7333333333333333
6523,243638,0.762452950010075,0.06322651167283766,6.0,0.7
6524,243659,0.7624324750100758,0.04882398131303489,6.0,0.7
6525,243680,0.7624120000100767,0.04710784976487048,6.0,0.7
6526,243703,0.7623895750100776,0.04147075768560171,6.0,0.7
6527,243726,0.7623671500100786,0.03535530966473743,6.0,0.7
6528,243824,0.7622716000100827,0.13669566856697202,6.0,0.7333333333333333
6529,243847,0.7622491750100836,0.025403175503015518,6.0,0.7
6530,243870,0.7622267500100846,0.03998668081476353,6.0,0.6666666666666666
6531,243893,0.7622043250100855,0.025981119426432997,6.0,0.6666666666666666
6532,243916,0.7621819000100865,0.029925833019660786,6.0,0.6333333333333333
6533,244016,0.7620844000100906,0.13289704057388008,6.0,0.6666666666666666
6534,244039,0.7620619750100915,0.04081416651024483,6.0,0.6666666666666666
6535,244060,0.7620415000100924,0.03407690435415134,6.0,0.6666666666666666
6536,244083,0.7620190750100934,0.023282959184143692,6.0,0.6333333333333333
6537,244134,0.7619693500100955,0.0496174210566096,6.0,0.6666666666666666
6538,244157,0.7619469250100964,0.024576736497692764,6.0,0.6
6539,244209,0.7618962250100986,0.056278890755493194,6.0,0.6
6540,244232,0.7618738000100995,0.027222659613471478,6.0,0.6
6541,244283,0.7618240750101016,0.06162627597223036,6.0,0.6
6542,244306,0.7618016500101026,0.0227071592817083,6.0,0.6
6543,244329,0.7617792250101035,0.033459105994552374,6.0,0.6
6544,244352,0.7617568000101045,0.029687839007237926,6.0,0.6
6545,244375,0.7617343750101054,0.028308244480285794,6.0,0.5333333333333333
6546,244398,0.7617119500101064,0.02635378116974607,6.0,0.5333333333333333
6547,244549,0.7615647250101126,0.17155579350946937,6.0,0.6333333333333333
6548,244572,0.7615423000101136,0.04776639671763405,6.0,0.5666666666666667
6549,244595,0.7615198750101145,0.027559813257539645,6.0,0.5
6550,244616,0.7614994000101154,0.02197200618684292,6.0,0.43333333333333335
6551,244685,0.7614321250101183,0.06712058311677538,6.0,0.43333333333333335
6552,244706,0.7614116500101191,0.027142672974150628,6.0,0.4
6553,244729,0.7613892250101201,0.02317310363287106,6.0,0.36666666666666664
6554,244801,0.761319025010123,0.08042524318443611,6.0,0.4
6555,244872,0.761249800010126,0.06849977586534806,6.0,0.43333333333333335
6556,244895,0.7612273750101269,0.027013436832930893,6.0,0.43333333333333335
6557,244948,0.7611757000101291,0.053659951634472236,6.0,0.4666666666666667
6558,244969,0.76115522501013,0.023942154250107706,6.0,0.4
6559,245038,0.7610879500101329,0.18534141324926168,6.0,0.43333333333333335
6560,245061,0.7610655250101338,0.08983693178743124,6.0,0.43333333333333335
6561,245177,0.7609524250101386,0.385696156299673,6.0,0.5
6562,245200,0.7609300000101396,0.0714331166818738,6.0,0.5
6563,245223,0.7609075750101405,0.07512802130077034,6.0,0.43333333333333335
6564,245246,0.7608851500101415,0.04981506970943883,6.0,0.43333333333333335
6565,245297,0.7608354250101436,0.11645189969567582,6.0,0.4666666666666667
6566,245395,0.7607398750101476,0.2353993990109302,6.0,0.5333333333333333
6567,245416,0.7607194000101485,0.037532789807301015,6.0,0.5
6568,245487,0.7606501750101514,0.13742549647577107,6.0,0.5333333333333333
6569,245508,0.7606297000101523,0.036618332960642874,6.0,0.5
6570,245580,0.7605595000101553,0.14175231056287885,6.0,0.5333333333333333
6571,245603,0.7605370750101562,0.03809363581240177,6.0,0.5
6572,245654,0.7604873500101583,0.09765267581678927,6.0,0.5333333333333333
6573,245677,0.7604649250101593,0.04107739491155371,6.0,0.5333333333333333
6574,245795,0.7603498750101642,0.2020210468908772,6.0,0.6
6575,245816,0.760329400010165,0.02742273174226284,6.0,0.6
6576,245839,0.760306975010166,0.048056335013825446,6.0,0.6
6577,245862,0.7602845500101669,0.03973973775282502,6.0,0.5
6578,245885,0.7602621250101679,0.03674887161469087,6.0,0.5
6579,245906,0.7602416500101687,0.038113616523332894,6.0,0.5
6580,245957,0.7601919250101709,0.08630529476795346,6.0,0.5333333333333333
6581,245980,0.7601695000101718,0.03191292780684307,6.0,0.5
6582,246003,0.7601470750101728,0.040995678456965834,6.0,0.5
6583,246074,0.7600778500101757,0.11471394950058311,6.0,0.5333333333333333
6584,246095,0.7600573750101766,0.02890297005069442,6.0,0.5
6585,246118,0.7600349500101775,0.046766415995080024,6.0,0.4666666666666667
6586,246187,0.7599676750101804,0.10405870206886902,6.0,0.5
6587,246210,0.7599452500101813,0.028793535195291042,6.0,0.4666666666666667
6588,246261,0.7598955250101834,0.0687372496468015,6.0,0.5
6589,246284,0.7598731000101844,0.03062800655607134,6.0,0.4666666666666667
6590,246336,0.7598224000101865,0.082851105107693,6.0,0.5
6591,246387,0.7597726750101886,0.06514317553956062,6.0,0.4666666666666667
6592,246410,0.7597502500101896,0.02963210066081956,6.0,0.4666666666666667
6593,246529,0.7596342250101945,0.14561428973684087,6.0,0.5333333333333333
6594,246598,0.7595669500101974,0.08168775730882771,6.0,0.5666666666666667
6595,246621,0.7595445250101983,0.0318652281712275,6.0,0.5333333333333333
6596,246672,0.7594948000102004,0.07472916273400187,6.0,0.5
6597,246695,0.7594723750102014,0.033961071516387165,6.0,0.5
6598,246718,0.7594499500102023,0.029082810215186328,6.0,0.4666666666666667
6599,246741,0.7594275250102033,0.029791151056997478,6.0,0.4666666666666667
6600,246762,0.7594070500102041,0.026692808489315212,6.0,0.43333333333333335
6601,246813,0.7593573250102063,0.05570785386953503,6.0,0.4666666666666667
6602,247019,0.7591564750102148,0.29381486255442724,6.0,0.6333333333333333
6603,247071,0.7591057750102169,0.07419643818866462,6.0,0.6666666666666666
6604,247246,0.7589351500102242,0.2660853759443853,6.0,0.7333333333333333
6605,247269,0.7589127250102251,0.030206440162146464,6.0,0.7333333333333333
6606,247292,0.7588903000102261,0.029247227241285145,6.0,0.7333333333333333
6607,247315,0.758867875010227,0.06263283727457747,6.0,0.7333333333333333
6608,247338,0.758845450010228,0.03864079905906692,6.0,0.7333333333333333
6609,247361,0.7588230250102289,0.029430982540361583,6.0,0.7333333333333333
6610,247382,0.7588025500102298,0.030919314711354673,6.0,0.7
6611,247405,0.7587801250102307,0.024895704234950244,6.0,0.7
6612,247476,0.7587109000102337,0.10243254475062713,6.0,0.7333333333333333
6613,247497,0.7586904250102345,0.03467029775492847,6.0,0.7
6614,247520,0.7586680000102355,0.035670403856784105,6.0,0.7
6615,247687,0.7585051750102424,0.2226254229026381,6.0,0.8
6616,247710,0.7584827500102433,0.0276665156125091,6.0,0.7666666666666667
6617,247733,0.7584603250102443,0.032562880631303415,6.0,0.7666666666666667
6618,247805,0.7583901250102473,0.09962194596300833,6.0,0.7666666666666667
6619,247828,0.7583677000102482,0.02597298740874976,6.0,0.7666666666666667
6620,247849,0.7583472250102491,0.02024627267383039,6.0,0.7333333333333333
6621,247872,0.75832480001025,0.02143035555491224,6.0,0.7
6622,247893,0.7583043250102509,0.020737735700095072,6.0,0.7
6623,247916,0.7582819000102519,0.034138617949793115,6.0,0.6333333333333333
6624,247983,0.7582165750102546,0.0760604624520056,6.0,0.6333333333333333
6625,248006,0.7581941500102556,0.03155376383801922,6.0,0.6333333333333333
6626,248029,0.7581717250102565,0.027705493848770857,6.0,0.6
6627,248052,0.7581493000102575,0.03150584237300791,6.0,0.6
6628,248075,0.7581268750102584,0.035372051352169365,6.0,0.6
6629,248096,0.7581064000102593,0.021574822429101914,6.0,0.6
6630,248117,0.7580859250102602,0.02569245660561137,6.0,0.6
6631,248140,0.7580635000102611,0.025505148922093213,6.0,0.5666666666666667
6632,248161,0.758043025010262,0.025011203077156097,6.0,0.36666666666666664
6633,248184,0.758020600010263,0.024224787863204256,6.0,0.3333333333333333
6634,248205,0.7580001250102638,0.019487645593471825,6.0,0.2
6635,248228,0.7579777000102648,0.027511782944202423,6.0,0.2
6636,248251,0.7579552750102657,0.03273485341924243,6.0,0.2
6637,248274,0.7579328500102667,0.027056764956796542,6.0,0.2
6638,248344,0.7578646000102696,0.08600076221046038,6.0,0.23333333333333334
6639,248365,0.7578441250102704,0.02410676726140082,6.0,0.23333333333333334
6640,248415,0.7577953750102725,0.05033724803070072,6.0,0.26666666666666666
6641,248606,0.7576091500102804,0.19339230624609627,6.0,0.4
6642,248629,0.7575867250102813,0.03231748685357161,6.0,0.36666666666666664
6643,248652,0.7575643000102823,0.026526181725785136,6.0,0.36666666666666664
6644,248725,0.7574931250102853,0.06168790807714686,6.0,0.4
6645,248746,0.7574726500102862,0.02146165631711483,6.0,0.3
6646,248769,0.7574502250102871,0.02538832710706629,6.0,0.3
6647,248792,0.7574278000102881,0.028352827357593924,6.0,0.3
6648,248815,0.757405375010289,0.028938133851625025,6.0,0.26666666666666666
6649,248838,0.75738295001029,0.0197925164247863,6.0,0.26666666666666666
6650,248889,0.7573332250102921,0.05545576581789646,6.0,0.3
6651,248912,0.757310800010293,0.022369470418198034,6.0,0.3
6652,248933,0.7572903250102939,0.023455834219930694,6.0,0.3
6653,249084,0.7571431000103002,0.19332681797095574,6.0,0.43333333333333335
6654,249105,0.757122625010301,0.028085739933885634,6.0,0.4
6655,249206,0.7570241500103052,0.10652628183015622,6.0,0.4666666666666667
6656,249275,0.7569568750103081,0.07722318219020963,6.0,0.5
6657,249298,0.756934450010309,0.020724571775645018,6.0,0.5
6658,249321,0.75691202501031,0.02877133514266461,6.0,0.5
6659,249474,0.7567628500103163,0.16698974817700218,6.0,0.6
6660,249526,0.7567121500103184,0.07512461001169868,6.0,0.6333333333333333
6661,249549,0.7566897250103194,0.03044562233844772,6.0,0.6333333333333333
6662,249694,0.7565483500103254,0.20818932706606574,6.0,0.7333333333333333
6663,249746,0.7564976500103275,0.07133542580413632,6.0,0.7666666666666667
6664,249769,0.7564752250103285,0.03229286539135501,6.0,0.7666666666666667
6665,249792,0.7564528000103294,0.0403074148343876,6.0,0.7666666666666667
6666,249815,0.7564303750103304,0.029445136664435267,6.0,0.7666666666666667
6667,249838,0.7564079500103313,0.02947510121157393,6.0,0.7666666666666667
6668,249956,0.7562929000103362,0.16356417906354181,6.0,0.8
6669,250028,0.7562227000103392,0.1901458153151907,6.0,0.8333333333333334
6670,250103,0.7561495750103423,0.2832140837563202,6.0,0.8333333333333334
6671,250126,0.7561271500103433,0.08715689997188747,6.0,0.7
6672,250149,0.7561047250103442,0.08187809982337058,6.0,0.7
6673,250172,0.7560823000103452,0.0797578397905454,6.0,0.7
6674,250195,0.7560598750103461,0.08731173607520759,6.0,0.6666666666666666
6675,250262,0.7559945500103489,0.17237582325469702,6.0,0.7
6676,250285,0.7559721250103498,0.06745499675162137,6.0,0.7
6677,250387,0.755872675010354,0.2752454627188854,6.0,0.7666666666666667
6678,250410,0.755850250010355,0.05143041396513581,6.0,0.7666666666666667
6679,250461,0.7558005250103571,0.10634885972831398,6.0,0.8
6680,250514,0.7557488500103593,0.12165419134544209,6.0,0.8
6681,250537,0.7557264250103602,0.05325688171433285,6.0,0.8
6682,250609,0.7556562250103632,0.13697267591487616,6.0,0.8333333333333334
6683,250630,0.7556357500103641,0.04532703920267522,6.0,0.7
6684,250651,0.755615275010365,0.043610469496343285,6.0,0.7
6685,250674,0.7555928500103659,0.06697557296138257,6.0,0.6333333333333333
6686,250697,0.7555704250103669,0.04212487384211272,6.0,0.6
6687,250795,0.7554748750103709,0.17691091884626076,6.0,0.6666666666666666
6688,250818,0.7554524500103719,0.042756263341289014,6.0,0.6666666666666666
6689,250839,0.7554319750103727,0.0536457733833231,6.0,0.5666666666666667
6690,250862,0.7554095500103737,0.03625380905577913,6.0,0.5333333333333333
6691,250885,0.7553871250103746,0.04809846280841157,6.0,0.5333333333333333
6692,250906,0.7553666500103755,0.05498807044932619,6.0,0.43333333333333335
6693,250927,0.7553461750103764,0.044019551191013306,6.0,0.4
6694,251047,0.7552291750103813,0.21914948913035914,6.0,0.4666666666666667
6695,251070,0.7552067500103823,0.038515393156558275,6.0,0.4666666666666667
6696,251093,0.7551843250103832,0.03625776118133217,6.0,0.4666666666666667
6697,251214,0.7550663500103882,0.1864378695609048,6.0,0.5333333333333333
6698,251286,0.7549961500103912,0.11072149412939325,6.0,0.5
6699,251357,0.7549269250103942,0.12099264902644791,6.0,0.5
6700,251380,0.7549045000103951,0.027048794203437865,6.0,0.4666666666666667
6701,251403,0.7548820750103961,0.029959423118270934,6.0,0.4666666666666667
6702,251454,0.7548323500103982,0.0733584669069387,6.0,0.5
6703,251477,0.7548099250103991,0.039586930943187326,6.0,0.5
6704,251595,0.754694875010404,0.16805276036029682,6.0,0.5666666666666667
6705,251618,0.754672450010405,0.028597434051334858,6.0,0.5333333333333333
6706,251669,0.7546227250104071,0.08247017237590626,6.0,0.5666666666666667
6707,251692,0.754600300010408,0.028482680267188698,6.0,0.5
6708,251715,0.754577875010409,0.0351977132668253,6.0,0.5
6709,251766,0.7545281500104111,0.06715419510146603,6.0,0.5
6710,251787,0.7545076750104119,0.038242391688982025,6.0,0.4666666666666667
6711,251810,0.7544852500104129,0.024917397589888424,6.0,0.4666666666666667
6712,251831,0.7544647750104138,0.02843037765705958,6.0,0.43333333333333335
6713,251852,0.7544443000104146,0.022304506215732545,6.0,0.43333333333333335
6714,251873,0.7544238250104155,0.025594097969587892,6.0,0.43333333333333335
6715,251896,0.7544014000104164,0.033892836421728134,6.0,0.43333333333333335
6716,251919,0.7543789750104174,0.03749632881954312,6.0,0.43333333333333335
6717,251942,0.7543565500104183,0.028904956416226923,6.0,0.36666666666666664
6718,252009,0.7542912250104211,0.0784387061430607,6.0,0.4
6719,252107,0.7541956750104252,0.10188313707476482,6.0,0.4666666666666667
6720,252130,0.7541732500104261,0.030096702597802505,6.0,0.4666666666666667
6721,252153,0.7541508250104271,0.03412107314215973,6.0,0.4666666666666667
6722,252204,0.7541011000104292,0.07189643903984688,6.0,0.5
6723,252273,0.754033825010432,0.08345937720150687,6.0,0.5333333333333333
6724,252326,0.7539821500104342,0.0602932486217469,6.0,0.5
6725,252347,0.7539616750104351,0.02311608282616362,6.0,0.5
6726,252370,0.753939250010436,0.02346981898881495,6.0,0.5
6727,252439,0.7538719750104389,0.08353007986443117,6.0,0.4666666666666667
6728,252462,0.7538495500104399,0.02396434568800032,6.0,0.43333333333333335
6729,252597,0.7537179250104454,0.1622283944452647,6.0,0.5
6730,252620,0.7536955000104464,0.027208507352042943,6.0,0.5
6731,252643,0.7536730750104473,0.027688048081472516,6.0,0.5
6732,252743,0.7535755750104515,0.13466220471309498,6.0,0.5333333333333333
6733,252795,0.7535248750104536,0.060566445579752326,6.0,0.5666666666666667
6734,252818,0.7535024500104546,0.022531941649504006,6.0,0.5
6735,252867,0.7534546750104566,0.051590303133707494,6.0,0.5333333333333333
6736,253035,0.7532908750104635,0.17819375076214783,6.0,0.6
6737,253058,0.7532684500104645,0.02929368324112147,6.0,0.6
6738,253079,0.7532479750104654,0.02241511025931686,6.0,0.6
6739,253181,0.7531485250104696,0.09547900850884616,6.0,0.6333333333333333
6740,253350,0.7529837500104766,0.24285847184364684,6.0,0.7333333333333333
6741,253373,0.7529613250104775,0.024347804923309013,6.0,0.7333333333333333
6742,253396,0.7529389000104785,0.031090934586245567,6.0,0.7333333333333333
6743,253516,0.7528219000104834,0.13793989818077534,6.0,0.8
6744,253539,0.7527994750104844,0.026398089103167877,6.0,0.8
6745,253613,0.7527273250104874,0.09635853811050765,6.0,0.8333333333333334
6746,253636,0.7527049000104884,0.027211090840864927,6.0,0.8333333333333334
6747,253659,0.7526824750104893,0.03218434620066546,6.0,0.8333333333333334
6748,253760,0.7525840000104935,0.12950114192790352,6.0,0.8666666666666667
6749,253783,0.7525615750104945,0.026276374759618193,6.0,0.8
6750,253832,0.7525138000104965,0.06629332349984907,6.0,0.8333333333333334
6751,253855,0.7524913750104975,0.030542720400262624,6.0,0.8333333333333334
6752,253925,0.7524231250105003,0.10089362433063798,6.0,0.8333333333333334
6753,253976,0.7523734000105025,0.0582418950216379,6.0,0.8333333333333334
6754,253999,0.7523509750105034,0.024235765245975927,6.0,0.8
6755,254020,0.7523305000105043,0.017539131309604272,6.0,0.8
6756,254089,0.7522632250105071,0.07685860022320412,6.0,0.8333333333333334
6757,254112,0.7522408000105081,0.028061927790986374,6.0,0.8
6758,254135,0.752218375010509,0.03339790174504742,6.0,0.8
6759,254158,0.75219595001051,0.03415026725269854,6.0,0.7
6760,254179,0.7521754750105109,0.02642435219604522,6.0,0.7
6761,254202,0.7521530500105118,0.025730041816132143,6.0,0.7
6762,254225,0.7521306250105128,0.034467342018615454,6.0,0.6333333333333333
6763,254274,0.7520828500105148,0.0680933419498615,6.0,0.6333333333333333
6764,254372,0.7519873000105188,0.11301900504622608,6.0,0.7
6765,254393,0.7519668250105197,0.033626037766225636,6.0,0.6666666666666666
6766,254444,0.7519171000105218,0.0732125043286942,6.0,0.6
6767,254465,0.7518966250105227,0.022075074317399412,6.0,0.6
6768,254488,0.7518742000105236,0.02437652283697389,6.0,0.6
6769,254511,0.7518517750105246,0.023590062162838876,6.0,0.5333333333333333
6770,254534,0.7518293500105255,0.03439048770815134,6.0,0.43333333333333335
6771,254703,0.7516645750105325,0.18800772310351022,6.0,0.5666666666666667
6772,254726,0.7516421500105335,0.02487765479600057,6.0,0.5666666666666667
6773,254799,0.7515709750105365,0.08803660899866372,6.0,0.5333333333333333
6774,254820,0.7515505000105374,0.01956318347947672,6.0,0.5333333333333333
6775,254871,0.7515007750105395,0.06850468707852997,6.0,0.5333333333333333
6776,254894,0.7514783500105404,0.024880935612600297,6.0,0.5333333333333333
6777,254945,0.7514286250105425,0.06349128144211136,6.0,0.5666666666666667
6778,254968,0.7514062000105435,0.0264948780531995,6.0,0.5
6779,254989,0.7513857250105443,0.02243890063255094,6.0,0.5
6780,255041,0.7513350250105465,0.19236384393298067,6.0,0.5
6781,255125,0.75125312501055,0.3003162060631439,6.0,0.5666666666666667
6782,255212,0.7511683000105536,0.27596546593122184,6.0,0.6
6783,255235,0.7511458750105545,0.0546008882811293,6.0,0.5666666666666667
6784,255305,0.7510776250105574,0.1963203886989504,6.0,0.6
6785,255428,0.7509577000105625,0.3956933147273958,6.0,0.6666666666666666
6786,255451,0.7509352750105635,0.0740979965776205,6.0,0.6333333333333333
6787,255474,0.7509128500105644,0.057199929549824446,6.0,0.6333333333333333
6788,255497,0.7508904250105654,0.057525062176864594,6.0,0.6333333333333333
6789,255568,0.7508212000105683,0.1561522615957074,6.0,0.6666666666666666
6790,255591,0.7507987750105692,0.052730875089764595,6.0,0.6666666666666666
6791,255614,0.7507763500105702,0.0555021230247803,6.0,0.6666666666666666
6792,255776,0.7506184000105769,0.3704134323634207,6.0,0.7666666666666667
6793,255799,0.7505959750105778,0.039774776028934866,6.0,0.7333333333333333
6794,255868,0.7505287000105807,0.14145988156087697,6.0,0.7
6795,255919,0.7504789750105828,0.09587192063918337,6.0,0.7333333333333333
6796,255988,0.7504117000105857,0.12459830287843943,6.0,0.7333333333333333
6797,256009,0.7503912250105865,0.030315613199491054,6.0,0.7333333333333333
6798,256032,0.7503688000105875,0.03863342117983848,6.0,0.7333333333333333
6799,256104,0.7502986000105905,0.12893446203088388,6.0,0.7666666666666667
6800,256127,0.7502761750105914,0.039823305181926116,6.0,0.7666666666666667
6801,256150,0.7502537500105924,0.03790243505500257,6.0,0.6333333333333333
6802,256221,0.7501845250105953,0.11551366408821195,6.0,0.6666666666666666
6803,256242,0.7501640500105962,0.03522082231938839,6.0,0.6333333333333333
6804,256265,0.7501416250105971,0.03519939069519751,6.0,0.6333333333333333
6805,256288,0.7501192000105981,0.030844104621792212,6.0,0.6
6806,256404,0.7500061000106029,0.17118591550388373,6.0,0.6666666666666666
6807,256478,0.7499339500106059,0.1264989692135714,6.0,0.6666666666666666
6808,256501,0.7499115250106069,0.04048614139901474,6.0,0.6666666666666666
6809,256524,0.7498891000106078,0.03216603270266205,6.0,0.6666666666666666
6810,256601,0.749814025010611,0.15800949675031006,6.0,0.6666666666666666
6811,256624,0.749791600010612,0.029807914863340557,6.0,0.6
6812,256675,0.7497418750106141,0.08180903387255967,6.0,0.5666666666666667
6813,256756,0.7496629000106174,0.11598253448028117,6.0,0.6333333333333333
6814,256779,0.7496404750106184,0.03263249108567834,6.0,0.6
6815,256802,0.7496180500106193,0.04343905212590471,6.0,0.5333333333333333
6816,256825,0.7495956250106203,0.034354367962805554,6.0,0.5333333333333333
6817,256846,0.7495751500106211,0.024846471002092585,6.0,0.5333333333333333
6818,256916,0.749506900010624,0.10589479864574969,6.0,0.5666666666666667
6819,256937,0.7494864250106249,0.02607109589735046,6.0,0.5333333333333333
6820,257087,0.7493401750106311,0.19100955536123365,6.0,0.6333333333333333
6821,257157,0.749271925010634,0.12752263582660817,6.0,0.6666666666666666
6822,257180,0.749249500010635,0.029832228843588382,6.0,0.5666666666666667
6823,257278,0.749153950010639,0.14668849791632965,6.0,0.6333333333333333
6824,257329,0.7491042250106411,0.07426300027873367,6.0,0.6333333333333333
6825,257352,0.7490818000106421,0.03293222811771557,6.0,0.6
6826,257375,0.749059375010643,0.03650891990400851,6.0,0.5666666666666667
6827,257398,0.749036950010644,0.03608144080499187,6.0,0.5666666666666667
6828,257498,0.7489394500106481,0.17169878256390803,6.0,0.6333333333333333
6829,257568,0.748871200010651,0.11302022254676558,6.0,0.6333333333333333
6830,257619,0.7488214750106531,0.07270207797409967,6.0,0.6666666666666666
6831,257642,0.748799050010654,0.03915189494728111,6.0,0.6666666666666666
6832,257663,0.7487785750106549,0.034075027622748166,6.0,0.6333333333333333
6833,257686,0.7487561500106559,0.03892710819491185,6.0,0.6333333333333333
6834,257737,0.748706425010658,0.06197195578715764,6.0,0.6666666666666666
6835,257760,0.7486840000106589,0.02471254867850803,6.0,0.6666666666666666
6836,257783,0.7486615750106599,0.028133193642133847,6.0,0.6
6837,257834,0.748611850010662,0.060266520362347364,6.0,0.6
6838,257857,0.748589425010663,0.018046200595563278,6.0,0.6
6839,257880,0.7485670000106639,0.03975021620863117,6.0,0.6
6840,257901,0.7485465250106648,0.027819344715680927,6.0,0.5666666666666667
6841,257970,0.7484792500106676,0.07611063818330877,6.0,0.6
6842,257991,0.7484587750106685,0.024971126345917583,6.0,0.5666666666666667
6843,258014,0.7484363500106694,0.0236768321483396,6.0,0.5
6844,258110,0.7483427500106734,0.11516331933671609,6.0,0.5666666666666667
6845,258131,0.7483222750106743,0.03128598252078518,6.0,0.5666666666666667
6846,258154,0.7482998500106752,0.026422618015203625,6.0,0.5666666666666667
6847,258221,0.748234525010678,0.08581916807452217,6.0,0.6
6848,258244,0.748212100010679,0.033409061550628394,6.0,0.5666666666666667
6849,258267,0.7481896750106799,0.02585496153915301,6.0,0.5666666666666667
6850,258365,0.748094125010684,0.12462202025926672,6.0,0.5333333333333333
6851,258388,0.7480717000106849,0.024904732184950262,6.0,0.5
6852,258457,0.7480044250106878,0.10258219973184168,6.0,0.5333333333333333
6853,258480,0.7479820000106887,0.03363041303236969,6.0,0.4666666666666667
6854,258503,0.7479595750106897,0.03158044858719222,6.0,0.43333333333333335
6855,258671,0.7477957750106966,0.19159004261018708,6.0,0.5333333333333333
6856,258694,0.7477733500106976,0.030816372949630022,6.0,0.5333333333333333
6857,258792,0.7476778000107016,0.1262938181462232,6.0,0.6
6858,258815,0.7476553750107026,0.034220076573546976,6.0,0.5333333333333333
6859,258838,0.7476329500107035,0.030727843404747546,6.0,0.5
6860,258909,0.7475637250107064,0.10211287415586412,6.0,0.5
6861,258932,0.7475413000107074,0.028016090189339593,6.0,0.5
6862,258955,0.7475188750107084,0.024718844884773716,6.0,0.5
6863,258976,0.7474984000107092,0.025385614950209856,6.0,0.5
6864,258999,0.7474759750107102,0.035857570299413055,6.0,0.4666666666666667
6865,259022,0.7474535500107111,0.033690090174786747,6.0,0.4666666666666667
6866,259045,0.7474311250107121,0.029530288884416223,6.0,0.4666666666666667
6867,259068,0.747408700010713,0.022639625356532633,6.0,0.43333333333333335
6868,259089,0.7473882250107139,0.025215603411197662,6.0,0.43333333333333335
6869,259159,0.7473199750107168,0.07498623526771553,6.0,0.4666666666666667
6870,259182,0.7472975500107177,0.02214848273433745,6.0,0.4666666666666667
6871,259205,0.7472751250107187,0.021109346736920998,6.0,0.43333333333333335
6872,259228,0.7472527000107196,0.024989149998873472,6.0,0.43333333333333335
6873,259300,0.7471825000107226,0.0789288415980991,6.0,0.4666666666666667
6874,259321,0.7471620250107235,0.023396510106977075,6.0,0.4
6875,259344,0.7471396000107244,0.026394342159619555,6.0,0.4
6876,259442,0.7470440500107285,0.11400730424793437,6.0,0.4666666666666667
6877,259465,0.7470216250107294,0.029912196972873062,6.0,0.43333333333333335
6878,259536,0.7469524000107324,0.09104191500227898,6.0,0.4666666666666667
6879,259557,0.7469319250107332,0.02662438352126628,6.0,0.4666666666666667
6880,259580,0.7469095000107342,0.024880552344257012,6.0,0.4
6881,259603,0.7468870750107351,0.02252314888755791,6.0,0.4
6882,259654,0.7468373500107373,0.06415008931071497,6.0,0.4
6883,259750,0.7467437500107412,0.09465065045515075,6.0,0.4666666666666667
6884,259773,0.7467213250107422,0.025066225411137566,6.0,0.4666666666666667
6885,259796,0.7466989000107431,0.02750437828944996,6.0,0.36666666666666664
6886,259918,0.7465799500107482,0.13584732927847654,6.0,0.43333333333333335
6887,259967,0.7465321750107502,0.05705928732641041,6.0,0.4
6888,259990,0.7465097500107511,0.03293455872335471,6.0,0.4
6889,260039,0.7464619750107532,0.16845024895155802,6.0,0.43333333333333335
6890,260062,0.7464395500107541,0.08126322564203292,6.0,0.4
6891,260085,0.7464171250107551,0.07697781687602401,6.0,0.4
6892,260106,0.746396650010756,0.07778786600101739,6.0,0.4
6893,260175,0.7463293750107588,0.24106799328001216,6.0,0.43333333333333335
6894,260226,0.7462796500107609,0.12147356546483934,6.0,0.4666666666666667
6895,260249,0.7462572250107619,0.06006645830348134,6.0,0.4666666666666667
6896,260300,0.746207500010764,0.11779084336012602,6.0,0.5
6897,260321,0.7461870250107648,0.04533476644428447,6.0,0.5
6898,260344,0.7461646000107658,0.050613558385521173,6.0,0.5
6899,260367,0.7461421750107667,0.052452464238740504,6.0,0.4666666666666667
6900,260390,0.7461197500107677,0.05090408498654142,6.0,0.4666666666666667
6901,260413,0.7460973250107686,0.0497839369927533,6.0,0.4666666666666667
6902,260436,0.7460749000107696,0.054701174958609045,6.0,0.4666666666666667
6903,260457,0.7460544250107705,0.04181974823586643,6.0,0.43333333333333335
6904,260527,0.7459861750107734,0.14867668849183246,6.0,0.4666666666666667
6905,260599,0.7459159750107763,0.16571511869551614,6.0,0.5
6906,260622,0.7458935500107773,0.04013583029154688,6.0,0.43333333333333335
6907,260807,0.7457131750107849,0.3322732527158223,6.0,0.5666666666666667
6908,260830,0.7456907500107859,0.04481303336797282,6.0,0.5333333333333333
6909,260932,0.7455913000107901,0.17408369900658727,6.0,0.6
6910,260955,0.745568875010791,0.04120404605055228,6.0,0.6
6911,261006,0.7455191500107932,0.08782884129323065,6.0,0.6333333333333333
6912,261027,0.745498675010794,0.033256383321713656,6.0,0.6
6913,261050,0.745476250010795,0.048240266158245504,6.0,0.5333333333333333
6914,261073,0.7454538250107959,0.03593511559301987,6.0,0.5333333333333333
6915,261122,0.745406050010798,0.07090993685415015,6.0,0.5666666666666667
6916,261145,0.7453836250107989,0.03130215726559982,6.0,0.5
6917,261168,0.7453612000107999,0.034275518788490444,6.0,0.4666666666666667
6918,261191,0.7453387750108008,0.030487473646644503,6.0,0.4666666666666667
6919,261261,0.7452705250108037,0.09112984518287703,6.0,0.4666666666666667
6920,261284,0.7452481000108047,0.03851608347031288,6.0,0.4666666666666667
6921,261307,0.7452256750108056,0.033786205225624144,6.0,0.4666666666666667
6922,261330,0.7452032500108066,0.03030098119052127,6.0,0.4666666666666667
6923,261353,0.7451808250108075,0.026752925157779828,6.0,0.43333333333333335
6924,261376,0.7451584000108085,0.03219203476328403,6.0,0.4
6925,261397,0.7451379250108093,0.03104248538147658,6.0,0.4
6926,261420,0.7451155000108103,0.03212202570284717,6.0,0.36666666666666664
6927,261523,0.7450150750108145,0.13167334103491157,6.0,0.43333333333333335
6928,261546,0.7449926500108155,0.045307380612939596,6.0,0.43333333333333335
6929,261569,0.7449702250108164,0.03423445770749822,6.0,0.43333333333333335
6930,261636,0.7449049000108192,0.09228373528458178,6.0,0.4666666666666667
6931,261705,0.7448376250108221,0.09484214728581719,6.0,0.5
6932,261773,0.7447713250108249,0.08891407068585977,6.0,0.5333333333333333
6933,261796,0.7447489000108258,0.030333419475937262,6.0,0.5333333333333333
6934,261819,0.7447264750108268,0.025799895433010533,6.0,0.5
6935,261842,0.7447040500108277,0.027340660453774035,6.0,0.4666666666666667
6936,261865,0.7446816250108287,0.027819407696370035,6.0,0.4666666666666667
6937,261965,0.7445841250108328,0.14157205331139266,6.0,0.4
6938,262034,0.7445168500108357,0.0792907973373076,6.0,0.43333333333333335
6939,262136,0.7444174000108399,0.11651484176400118,6.0,0.43333333333333335
6940,262208,0.7443472000108429,0.09914729552110657,6.0,0.4666666666666667
6941,262279,0.7442779750108458,0.0909306340618059,6.0,0.4666666666666667
6942,262302,0.7442555500108468,0.02521071903174743,6.0,0.4666666666666667
6943,262325,0.7442331250108477,0.021951118746073917,6.0,0.4666666666666667
6944,262348,0.7442107000108487,0.03128382557770237,6.0,0.4666666666666667
6945,262371,0.7441882750108496,0.03281428033369593,6.0,0.43333333333333335
6946,262440,0.7441210000108525,0.09403050001128577,6.0,0.4666666666666667
6947,262463,0.7440985750108534,0.03655241723754443,6.0,0.4666666666666667
6948,262535,0.7440283750108564,0.0854924691375345,6.0,0.5
6949,262586,0.7439786500108585,0.051316846860572696,6.0,0.5
6950,262609,0.7439562250108595,0.025182502722600475,6.0,0.5
6951,262632,0.7439338000108604,0.023414963274262846,6.0,0.5
6952,262778,0.7437914500108664,0.18372933758655563,6.0,0.6
6953,262899,0.7436734750108714,0.15085040120175108,6.0,0.6666666666666666
6954,263019,0.7435564750108764,0.13800881765200756,6.0,0.7333333333333333
6955,263042,0.7435340500108774,0.03543565538711846,6.0,0.7333333333333333
6956,263065,0.7435116250108783,0.047403517994098365,6.0,0.7333333333333333
6957,263088,0.7434892000108793,0.024897544586565346,6.0,0.6666666666666666
6958,263186,0.7433936500108833,0.11119452377897687,6.0,0.7333333333333333
6959,263207,0.7433731750108842,0.023074098251527175,6.0,0.7333333333333333
6960,263230,0.7433507500108851,0.02576625012443401,6.0,0.7
6961,263281,0.7433010250108872,0.06046210080967285,6.0,0.7
6962,263334,0.7432493500108894,0.06388076726580039,6.0,0.7
6963,263452,0.7431343000108943,0.1392851568525657,6.0,0.7666666666666667
6964,263524,0.7430641000108973,0.08068153448402882,6.0,0.8
6965,263547,0.7430416750108982,0.024869359331205487,6.0,0.8
6966,263570,0.7430192500108992,0.02196585718775168,6.0,0.8
6967,263593,0.7429968250109001,0.023283259040908888,6.0,0.7333333333333333
6968,263665,0.7429266250109031,0.06907345476793125,6.0,0.7333333333333333
6969,263688,0.7429042000109041,0.02255455232807435,6.0,0.6666666666666666
6970,263739,0.7428544750109062,0.04738092786283232,6.0,0.6666666666666666
6971,263762,0.7428320500109071,0.023345643014181405,6.0,0.6333333333333333
6972,263785,0.7428096250109081,0.027452766575152054,6.0,0.6333333333333333
6973,263808,0.742787200010909,0.02616523380856961,6.0,0.6333333333333333
6974,263831,0.74276477501091,0.02142340037971735,6.0,0.6333333333333333
6975,263854,0.7427423500109109,0.018846365273930132,6.0,0.6333333333333333
6976,263877,0.7427199250109119,0.021269182645482942,6.0,0.6
6977,263900,0.7426975000109128,0.02234805712942034,6.0,0.6
6978,263923,0.7426750750109138,0.025415873242309317,6.0,0.5666666666666667
6979,263944,0.7426546000109147,0.023184717603726313,6.0,0.5333333333333333
6980,263967,0.7426321750109156,0.017379954690113664,6.0,0.5333333333333333
6981,264036,0.7425649000109185,0.07347871985984966,6.0,0.5666666666666667
6982,264059,0.7425424750109194,0.021403495862614363,6.0,0.4666666666666667
6983,264082,0.7425200500109204,0.032417980692116544,6.0,0.4
6984,264166,0.7424381500109238,0.09986167325405404,6.0,0.4
6985,264238,0.7423679500109268,0.0797486109950114,6.0,0.43333333333333335
6986,264385,0.7422246250109329,0.14746104125515558,6.0,0.5333333333333333
6987,264408,0.7422022000109338,0.023729355860268697,6.0,0.5333333333333333
6988,264431,0.7421797750109348,0.021165712008951232,6.0,0.4666666666666667
6989,264550,0.7420637500109397,0.12404334874008782,6.0,0.5333333333333333
6990,264625,0.7419906250109428,0.0808437496307306,6.0,0.5666666666666667
6991,264648,0.7419682000109438,0.017758718167897314,6.0,0.5333333333333333
6992,264671,0.7419457750109447,0.016648875491227955,6.0,0.5
6993,264694,0.7419233500109457,0.017557978600962088,6.0,0.43333333333333335
6994,264766,0.7418531500109486,0.07906052630278282,6.0,0.43333333333333335
6995,264789,0.7418307250109496,0.02716916601639241,6.0,0.43333333333333335
6996,264812,0.7418083000109505,0.027562917326577008,6.0,0.43333333333333335
6997,264835,0.7417858750109515,0.023612888355273753,6.0,0.43333333333333335
6998,264856,0.7417654000109524,0.027064414432970807,6.0,0.4
6999,265019,0.7416064750109591,0.25177948642522097,6.0,0.5
7000,265042,0.7415840500109601,0.09934941807296127,6.0,0.4666666666666667
7001,265111,0.7415167750109629,0.2673145782900974,6.0,0.5
7002,265161,0.741468025010965,0.15130103152478114,6.0,0.5333333333333333
7003,265184,0.7414456000109659,0.06371090421453118,6.0,0.5333333333333333
7004,265304,0.7413286000109709,0.291786965331994,6.0,0.6
7005,265356,0.741277900010973,0.11815604445291683,6.0,0.6333333333333333
7006,265425,0.7412106250109759,0.14050600409973413,6.0,0.6666666666666666
7007,265448,0.7411882000109768,0.04399949894286692,6.0,0.6666666666666666
7008,265471,0.7411657750109778,0.045397414825856686,6.0,0.6666666666666666
7009,265494,0.7411433500109788,0.045340023236349225,6.0,0.6666666666666666
7010,265517,0.7411209250109797,0.038358100049663335,6.0,0.6666666666666666
7011,265540,0.7410985000109807,0.042600228218361735,6.0,0.6333333333333333
7012,265563,0.7410760750109816,0.05849680176470429,6.0,0.6333333333333333
7013,265586,0.7410536500109826,0.059385275293607265,6.0,0.6333333333333333
7014,265609,0.7410312250109835,0.03991489205509424,6.0,0.5666666666666667
7015,265630,0.7410107500109844,0.04100834846030921,6.0,0.5333333333333333
7016,265653,0.7409883250109853,0.04405585187487304,6.0,0.43333333333333335
7017,265676,0.7409659000109863,0.03877050965093076,6.0,0.43333333333333335
7018,265699,0.7409434750109872,0.04023271583719179,6.0,0.43333333333333335
7019,265798,0.7408469500109913,0.15874437196180224,6.0,0.43333333333333335
7020,265849,0.7407972250109934,0.07998713152483106,6.0,0.43333333333333335
7021,265900,0.7407475000109955,0.09000559663400054,6.0,0.4666666666666667
7022,265921,0.7407270250109964,0.027376880956580862,6.0,0.4666666666666667
7023,265944,0.7407046000109974,0.03324957890436053,6.0,0.4666666666666667
7024,266011,0.7406392750110001,0.11163763829972595,6.0,0.4666666666666667
7025,266034,0.7406168500110011,0.03469559078803286,6.0,0.4666666666666667
7026,266057,0.740594425011002,0.026333156740292907,6.0,0.4666666666666667
7027,266080,0.740572000011003,0.03224428137764335,6.0,0.4666666666666667
7028,266149,0.7405047250110058,0.07990693155443296,6.0,0.5
7029,266172,0.7404823000110068,0.03143068723147735,6.0,0.4
7030,266272,0.7403848000110109,0.13050002016825601,6.0,0.4666666666666667
7031,266295,0.7403623750110119,0.029719891521381214,6.0,0.43333333333333335
7032,266364,0.7402951000110147,0.08055284948204644,6.0,0.43333333333333335
7033,266387,0.7402726750110157,0.023860974877607077,6.0,0.43333333333333335
7034,266410,0.7402502500110166,0.021436625975184143,6.0,0.36666666666666664
7035,266433,0.7402278250110176,0.03305679600453004,6.0,0.3333333333333333
7036,266484,0.7401781000110197,0.056986087874975055,6.0,0.3333333333333333
7037,266507,0.7401556750110206,0.02447184902848676,6.0,0.3333333333333333
7038,266530,0.7401332500110216,0.03282583714462817,6.0,0.3333333333333333
7039,266553,0.7401108250110225,0.044200530741363764,6.0,0.3333333333333333
7040,266620,0.7400455000110253,0.07353611031430773,6.0,0.36666666666666664
7041,266643,0.7400230750110263,0.023487326136091724,6.0,0.36666666666666664
7042,266744,0.7399246000110304,0.10932325175963342,6.0,0.43333333333333335
7043,266767,0.7399021750110314,0.02579306671395898,6.0,0.43333333333333335
7044,266790,0.7398797500110323,0.021658917976310477,6.0,0.43333333333333335
7045,266841,0.7398300250110345,0.04845151893096045,6.0,0.4666666666666667
7046,266912,0.7397608000110374,0.09770267637213692,6.0,0.5
7047,267033,0.7396428250110424,0.14389286786899902,6.0,0.5666666666666667
7048,267083,0.7395940750110445,0.07396048394730315,6.0,0.6
7049,267106,0.7395716500110454,0.025255713320802897,6.0,0.5333333333333333
7050,267178,0.7395014500110484,0.08665020804619417,6.0,0.5333333333333333
7051,267247,0.7394341750110512,0.0774425303679891,6.0,0.5333333333333333
7052,267268,0.7394137000110521,0.023317981627769768,6.0,0.5333333333333333
7053,267340,0.7393435000110551,0.0634210702846758,6.0,0.5666666666666667
7054,267363,0.739321075011056,0.01591169074526988,6.0,0.5333333333333333
7055,267489,0.7391982250110612,0.10783044566051103,6.0,0.6
7056,267558,0.7391309500110641,0.07306996887200512,6.0,0.6333333333333333
7057,267579,0.739110475011065,0.018730546085862443,6.0,0.6333333333333333
7058,267602,0.7390880500110659,0.022188945556990802,6.0,0.6
7059,267625,0.7390656250110669,0.020419567939825356,6.0,0.6
7060,267727,0.7389661750110711,0.11849748354870826,6.0,0.6
7061,267750,0.738943750011072,0.023211211984744295,6.0,0.6
7062,267773,0.738921325011073,0.031157566176261753,6.0,0.5666666666666667
7063,267822,0.738873550011075,0.05397910802275874,6.0,0.6
7064,267873,0.7388238250110771,0.04362067408510484,6.0,0.6333333333333333
7065,267956,0.7387429000110806,0.07859551775618456,6.0,0.7
7066,267979,0.7387204750110815,0.020025484554935247,6.0,0.6666666666666666
7067,268046,0.7386551500110843,0.07564205865492113,6.0,0.7
7068,268117,0.7385859250110872,0.07396475280984305,6.0,0.7333333333333333
7069,268140,0.7385635000110882,0.020315603382186964,6.0,0.7333333333333333
7070,268214,0.7384913500110912,0.10171112476382405,6.0,0.7333333333333333
7071,268283,0.7384240750110941,0.067341578862397,6.0,0.7666666666666667
7072,268306,0.738401650011095,0.02628625438956078,6.0,0.7
7073,268327,0.7383811750110959,0.020669484889367595,6.0,0.7
7074,268378,0.738331450011098,0.052148838789435104,6.0,0.7333333333333333
7075,268401,0.738309025011099,0.019333954871399328,6.0,0.7
7076,268424,0.7382866000110999,0.017024489934556186,6.0,0.6666666666666666
7077,268475,0.738236875011102,0.05272454835358076,6.0,0.6333333333333333
7078,268496,0.7382164000111029,0.02017133461777121,6.0,0.6
7079,268596,0.738118900011107,0.08394814602797851,6.0,0.6666666666666666
7080,268619,0.738096475011108,0.02370004667318426,6.0,0.6333333333333333
7081,268670,0.7380467500111101,0.04255229834234342,6.0,0.6333333333333333
7082,268740,0.737978500011113,0.06113103963434696,6.0,0.6666666666666666
7083,268761,0.7379580250111138,0.017796401836676523,6.0,0.6333333333333333
7084,268882,0.7378400500111189,0.11515953623165842,6.0,0.7
7085,268905,0.7378176250111198,0.02580670575844124,6.0,0.6333333333333333
7086,268928,0.7377952000111208,0.0317465745320078,6.0,0.6
7087,269044,0.7376821000111256,0.11848322107107379,6.0,0.6666666666666666
7088,269067,0.7376596750111265,0.02174275353900157,6.0,0.6666666666666666
7089,269090,0.7376372500111275,0.021524754527490586,6.0,0.6666666666666666
7090,269113,0.7376148250111284,0.01610542691196315,6.0,0.6
7091,269136,0.7375924000111294,0.021661850943928584,6.0,0.6
7092,269157,0.7375719250111302,0.02105776479584165,6.0,0.6
7093,269180,0.7375495000111312,0.01963230487308465,6.0,0.5666666666666667
7094,269203,0.7375270750111321,0.022737998951924965,6.0,0.5333333333333333
7095,269226,0.7375046500111331,0.017544525355333462,6.0,0.4666666666666667
7096,269249,0.737482225011134,0.022820508922450244,6.0,0.4666666666666667
7097,269272,0.737459800011135,0.018730844923993573,6.0,0.43333333333333335
7098,269295,0.7374373750111359,0.02591205554199405,6.0,0.4
7099,269397,0.7373379250111401,0.09260151736089028,6.0,0.4666666666666667
7100,269420,0.7373155000111411,0.020054452266776934,6.0,0.43333333333333335
7101,269443,0.737293075011142,0.020634768559830263,6.0,0.4
7102,269562,0.737177050011147,0.09898000533576123,6.0,0.4666666666666667
7103,269583,0.7371565750111478,0.017191076127346605,6.0,0.4666666666666667
7104,269606,0.7371341500111488,0.023124723258661106,6.0,0.43333333333333335
7105,269629,0.7371117250111497,0.017022814514348283,6.0,0.43333333333333335
7106,269652,0.7370893000111507,0.016293514287099242,6.0,0.43333333333333335
7107,269675,0.7370668750111516,0.020105732430238277,6.0,0.4
7108,269698,0.7370444500111526,0.018595551387988962,6.0,0.4
7109,269749,0.7369947250111547,0.044448276865296066,6.0,0.36666666666666664
7110,269772,0.7369723000111557,0.0199931186507456,6.0,0.36666666666666664
7111,269870,0.7368767500111597,0.09602375334361568,6.0,0.4
7112,269923,0.7368250750111619,0.044534420274430886,6.0,0.4
7113,270044,0.7367071000111669,0.19715824573358987,6.0,0.4666666666666667
7114,270065,0.7366866250111678,0.06792839174158871,6.0,0.4
7115,270140,0.7366135000111709,0.20764521788805723,6.0,0.43333333333333335
7116,270191,0.736563775011173,0.1283558406867087,6.0,0.4666666666666667
7117,270214,0.7365413500111739,0.055306072696112096,6.0,0.4
7118,270362,0.73639705001118,0.37120795031660236,6.0,0.5
7119,270412,0.7363483000111821,0.11684609984513372,6.0,0.5333333333333333
7120,270496,0.7362664000111856,0.1585205061128363,6.0,0.6
7121,270519,0.7362439750111865,0.062424262112472206,6.0,0.6
7122,270590,0.7361747500111895,0.14331297238823026,6.0,0.6333333333333333
7123,270613,0.7361523250111904,0.03616643825080246,6.0,0.6333333333333333
7124,270759,0.7360099750111965,0.2598966279765591,6.0,0.7333333333333333
7125,270782,0.7359875500111974,0.03466320259030908,6.0,0.7333333333333333
7126,270805,0.7359651250111984,0.03766728221671656,6.0,0.7333333333333333
7127,270875,0.7358968750112013,0.11929803621023893,6.0,0.7666666666666667
7128,270898,0.7358744500112022,0.03625497280154377,6.0,0.7666666666666667
7129,270921,0.7358520250112032,0.038411956862546504,6.0,0.7
7130,271115,0.7356628750112112,0.3165080760954879,6.0,0.8666666666666667
7131,271138,0.7356404500112121,0.034318360150791705,6.0,0.8666666666666667
7132,271161,0.7356180250112131,0.035991958575323224,6.0,0.8
7133,271210,0.7355702500112151,0.05913662098464556,6.0,0.8333333333333334
7134,271233,0.7355478250112161,0.028699941496597603,6.0,0.8333333333333334
7135,271402,0.7353830500112231,0.2708055439579766,6.0,0.9333333333333333
7136,271455,0.7353313750112253,0.07677147415233776,6.0,0.9666666666666667
7137,271551,0.7352377750112292,0.12607286672573537,6.0,1.0333333333333334
7138,271621,0.7351695250112321,0.11079337410046719,6.0,1.0666666666666667
7139,271742,0.7350515500112371,0.15397283535276074,6.0,1.1
7140,271816,0.7349794000112402,0.09050231098080985,6.0,1.1333333333333333
7141,271984,0.7348156000112471,0.2553430089610629,6.0,1.1666666666666667
7142,272005,0.734795125011248,0.025536327622830868,6.0,1.1333333333333333
7143,272130,0.7346732500112532,0.165979374141898,6.0,1.1333333333333333
7144,272153,0.7346508250112541,0.0289637686801143,6.0,1.1333333333333333
7145,272239,0.7345669750112577,0.09982781190774404,6.0,1.1666666666666667
7146,272262,0.7345445500112586,0.028152971528470516,6.0,1.1333333333333333
7147,272285,0.7345221250112596,0.024073249980574474,6.0,1.1333333333333333
7148,272385,0.7344246250112637,0.11155981261981651,6.0,1.1
7149,272406,0.7344041500112646,0.026487266179174185,6.0,1.0666666666666667
7150,272429,0.7343817250112655,0.03038432582980022,6.0,1.0
7151,272452,0.7343593000112665,0.022575339418835938,6.0,1.0
7152,272524,0.7342891000112695,0.12685521831735969,6.0,1.0
7153,272545,0.7342686250112703,0.035226501466240734,6.0,1.0
7154,272568,0.7342462000112713,0.025482849174295552,6.0,0.9
7155,272637,0.7341789250112741,0.09023414686089382,6.0,0.9333333333333333
7156,272776,0.7340434000112799,0.1984831914305687,6.0,1.0666666666666667
7157,272799,0.7340209750112808,0.030883030354743823,6.0,1.0333333333333334
7158,272899,0.733923475011285,0.14479792269412428,6.0,1.1
7159,272999,0.7338259750112891,0.13846943582757376,6.0,1.1666666666666667
7160,273118,0.733709950011294,0.17846594940056093,6.0,1.0666666666666667
7161,273169,0.7336602250112961,0.06962879403727129,6.0,1.1
7162,273192,0.7336378000112971,0.024908411840442568,6.0,1.1
7163,273264,0.7335676000113001,0.09692683813045733,6.0,1.1
7164,273287,0.733545175011301,0.02991154565825127,6.0,1.1
7165,273308,0.7335247000113019,0.025591143901692703,6.0,1.0
7166,273377,0.7334574250113047,0.09118890026002191,6.0,1.0
7167,273398,0.7334369500113056,0.020893556502414867,6.0,0.9333333333333333
7168,273546,0.7332926500113117,0.20162790236645378,6.0,1.0
7169,273569,0.7332702250113127,0.030404920602450147,6.0,0.9333333333333333
7170,273690,0.7331522500113177,0.15619581079226919,6.0,0.9666666666666667
7171,273839,0.7330069750113238,0.16606063119252212,6.0,0.9666666666666667
7172,273908,0.7329397000113267,0.07285054621752352,6.0,1.0
7173,273931,0.7329172750113276,0.01896222328650765,6.0,0.9333333333333333
7174,273952,0.7328968000113285,0.022981215035542846,6.0,0.9333333333333333
7175,274024,0.7328266000113315,0.08581326965941116,6.0,0.9
7176,274047,0.7328041750113324,0.022266465093707666,6.0,0.9
7177,274070,0.7327817500113334,0.022172160301124677,6.0,0.9
7178,274093,0.7327593250113343,0.02243885354255326,6.0,0.8333333333333334
7179,274242,0.7326140500113405,0.16541290300665423,6.0,0.9333333333333333
7180,274265,0.7325916250113415,0.02084514670423232,6.0,0.9333333333333333
7181,274384,0.7324756000113464,0.14066410972736776,6.0,1.0
7182,274435,0.7324258750113485,0.08713576718582772,6.0,1.0
7183,274458,0.7324034500113494,0.04728235135553405,6.0,1.0
7184,274479,0.7323829750113503,0.02951483044307679,6.0,1.0
7185,274502,0.7323605500113513,0.02914123743539676,6.0,0.9666666666666667
7186,274525,0.7323381250113522,0.026185732800513506,6.0,0.8333333333333334
7187,274546,0.7323176500113531,0.019514125859132037,6.0,0.8333333333333334
7188,274567,0.7322971750113539,0.01902411549235694,6.0,0.7666666666666667
7189,274588,0.7322767000113548,0.01745401357766241,6.0,0.7
7190,274611,0.7322542750113558,0.02828575810417533,6.0,0.6333333333333333
7191,274634,0.7322318500113567,0.020079811627510935,6.0,0.6
7192,274657,0.7322094250113577,0.023660109494812787,6.0,0.6
7193,274680,0.7321870000113586,0.02032403033808805,6.0,0.5666666666666667
7194,274729,0.7321392250113606,0.059594250342343,6.0,0.6
7195,274780,0.7320895000113627,0.05490849498892203,6.0,0.6333333333333333
7196,274803,0.7320670750113637,0.025347770715598017,6.0,0.6
7197,274924,0.7319491000113687,0.12653469629003666,6.0,0.6666666666666666
7198,274947,0.7319266750113697,0.020650625840062276,6.0,0.5666666666666667
7199,275113,0.7317648250113765,0.44963024742901325,6.0,0.7
7200,275134,0.7317443500113774,0.06903204857371747,6.0,0.6333333333333333
7201,275157,0.7317219250113783,0.05865280074067414,6.0,0.5333333333333333
7202,275229,0.7316517250113813,0.23171478195581585,6.0,0.5333333333333333
7203,275252,0.7316293000113823,0.06436800822848454,6.0,0.5333333333333333
7204,275275,0.7316068750113832,0.06719696545042098,6.0,0.5333333333333333
7205,275344,0.7315396000113861,0.1866902094334364,6.0,0.5333333333333333
7206,275367,0.731517175011387,0.04899049166124314,6.0,0.5333333333333333
7207,275417,0.7314684250113891,0.1176223064539954,6.0,0.5666666666666667
7208,275467,0.7314196750113912,0.13383766025071964,6.0,0.6
7209,275490,0.7313972500113921,0.05078338575549424,6.0,0.5
7210,275590,0.7312997500113962,0.20275153242982924,6.0,0.5666666666666667
7211,275613,0.7312773250113972,0.0469875376438722,6.0,0.5
7212,275636,0.7312549000113981,0.0468070317292586,6.0,0.4666666666666667
7213,275659,0.7312324750113991,0.056422596564516425,6.0,0.4666666666666667
7214,275682,0.7312100500114,0.04790795856388286,6.0,0.4666666666666667
7215,275705,0.731187625011401,0.04586169810499996,6.0,0.4666666666666667
7216,275728,0.731165200011402,0.03959430300164968,6.0,0.4666666666666667
7217,275751,0.7311427750114029,0.0568692073575221,6.0,0.4666666666666667
7218,275800,0.7310950000114049,0.0842418554238975,6.0,0.5
7219,275823,0.7310725750114059,0.033286695601418614,6.0,0.5
7220,275846,0.7310501500114068,0.03250887800822966,6.0,0.5
7221,275917,0.7309809250114098,0.11064837023150176,6.0,0.5333333333333333
7222,276034,0.7308668500114146,0.22419058153172955,6.0,0.6
7223,276057,0.7308444250114156,0.044438660552259535,6.0,0.6
7224,276110,0.7307927500114177,0.08641283202450722,6.0,0.6
7225,276182,0.7307225500114207,0.10637474519899115,6.0,0.6
7226,276205,0.7307001250114217,0.030362888472154737,6.0,0.6
7227,276228,0.7306777000114226,0.029540928779169917,6.0,0.5333333333333333
7228,276251,0.7306552750114236,0.035705273563507944,6.0,0.5333333333333333
7229,276274,0.7306328500114245,0.03741350828204304,6.0,0.4
7230,276297,0.7306104250114255,0.03402821143390611,6.0,0.4
7231,276320,0.7305880000114264,0.04811367782531306,6.0,0.4
7232,276389,0.7305207250114293,0.09806365345139056,6.0,0.4
7233,276536,0.7303774000114354,0.19685679714893922,6.0,0.5
7234,276604,0.7303111000114382,0.09192205616272986,6.0,0.5333333333333333
7235,276627,0.7302886750114391,0.029277183581143618,6.0,0.5
7236,276650,0.7302662500114401,0.03739869513083249,6.0,0.5
7237,276771,0.7301482750114451,0.19819616142194718,6.0,0.5333333333333333
7238,276794,0.730125850011446,0.03182218881556764,6.0,0.5
7239,276817,0.730103425011447,0.028327252075541764,6.0,0.5
7240,276840,0.7300810000114479,0.02737316396087408,6.0,0.43333333333333335
7241,276863,0.7300585750114489,0.024855829629814252,6.0,0.43333333333333335
7242,277009,0.7299162250114549,0.18280201480956748,6.0,0.5333333333333333
7243,277032,0.7298938000114559,0.02500774757936597,6.0,0.5333333333333333
7244,277152,0.7297768000114608,0.141038670175476,6.0,0.6
7245,277173,0.7297563250114617,0.03199963748920709,6.0,0.6
7246,277196,0.7297339000114627,0.02977052831556648,6.0,0.6
7247,277217,0.7297134250114635,0.029159020719816908,6.0,0.6
7248,277240,0.7296910000114645,0.03548183219390921,6.0,0.5666666666666667
7249,277291,0.7296412750114666,0.0807053669996094,6.0,0.6
7250,277393,0.7295418250114708,0.12467971022124402,6.0,0.6666666666666666
7251,277416,0.7295194000114718,0.028618697921046987,6.0,0.6333333333333333
7252,277439,0.7294969750114727,0.03074009105330333,6.0,0.5666666666666667
7253,277559,0.7293799750114777,0.16549087880412117,6.0,0.6333333333333333
7254,277582,0.7293575500114786,0.032186354394070804,6.0,0.6
7255,277732,0.7292113000114848,0.19921257911482826,6.0,0.6666666666666666
7256,277783,0.7291615750114869,0.059709190449211746,6.0,0.7
7257,277854,0.7290923500114899,0.10046072988188826,6.0,0.7333333333333333
7258,277875,0.7290718750114907,0.02191808499628678,6.0,0.7333333333333333
7259,278022,0.7289285500114968,0.19026740963454358,6.0,0.8333333333333334
7260,278045,0.7289061250114978,0.020081266935449094,6.0,0.8333333333333334
7261,278068,0.7288837000114987,0.023736326082143933,6.0,0.8333333333333334
7262,278089,0.7288632250114996,0.023577250307425857,6.0,0.8
7263,278140,0.7288135000115017,0.06023983532213606,6.0,0.7333333333333333
7264,278259,0.7286974750115066,0.14385860625770874,6.0,0.7666666666666667
7265,278282,0.7286750500115076,0.030792044155532494,6.0,0.7666666666666667
7266,278352,0.7286068000115105,0.06900899711763486,6.0,0.8
7267,278505,0.7284576250115168,0.20305127088795416,6.0,0.8666666666666667
7268,278526,0.7284371500115177,0.026708672638051212,6.0,0.8666666666666667
7269,278549,0.7284147250115186,0.029605824645841494,6.0,0.8666666666666667
7270,278572,0.7283923000115196,0.049918118165805936,6.0,0.8666666666666667
7271,278595,0.7283698750115205,0.032304459455190226,6.0,0.8666666666666667
7272,278644,0.7283221000115225,0.05508898152038455,6.0,0.8
7273,278667,0.7282996750115235,0.027452519570942968,6.0,0.8
7274,278690,0.7282772500115244,0.03593613510020077,6.0,0.7333333333333333
7275,278711,0.7282567750115253,0.0242804967565462,6.0,0.7333333333333333
7276,278734,0.7282343500115263,0.025392547948285937,6.0,0.7333333333333333
7277,278783,0.7281865750115283,0.05224691639887169,6.0,0.7666666666666667
7278,278852,0.7281193000115311,0.07636870423448272,6.0,0.8
7279,278925,0.7280481250115342,0.0742224708374124,6.0,0.8
7280,278976,0.7279984000115363,0.05815920536406338,6.0,0.7666666666666667
7281,278999,0.7279759750115372,0.024613363726530224,6.0,0.7666666666666667
7282,279022,0.7279535500115382,0.024026890198001638,6.0,0.7666666666666667
7283,279045,0.7279311250115391,0.030144139047479257,6.0,0.7
7284,279068,0.7279087000115401,0.02802853292087093,6.0,0.7
7285,279091,0.727886275011541,0.028098622424295172,6.0,0.6
7286,279114,0.727863850011542,0.028675508976448327,6.0,0.5666666666666667
7287,279137,0.7278414250115429,0.02930487773846835,6.0,0.5333333333333333
7288,279208,0.7277722000115459,0.06965988743468188,6.0,0.5666666666666667
7289,279312,0.7276708000115502,0.10049615355092101,6.0,0.5333333333333333
7290,279365,0.7276191250115523,0.06202293638489209,6.0,0.5666666666666667
7291,279388,0.7275967000115533,0.02293943043332547,6.0,0.5666666666666667
7292,279411,0.7275742750115543,0.02276581962360069,6.0,0.5666666666666667
7293,279434,0.7275518500115552,0.023435840441379696,6.0,0.5333333333333333
7294,279457,0.7275294250115562,0.03419168165419251,6.0,0.4666666666666667
7295,279538,0.7274504500115595,0.11310547642642632,6.0,0.5333333333333333
7296,279607,0.7273831750115624,0.08318686427082866,6.0,0.5333333333333333
7297,279630,0.7273607500115633,0.031564158387482166,6.0,0.4
7298,279653,0.7273383250115643,0.024358212685910985,6.0,0.4
7299,279676,0.7273159000115652,0.018825884646503255,6.0,0.4
7300,279699,0.7272934750115662,0.018884751363657415,6.0,0.4
7301,279722,0.7272710500115671,0.020146981813013554,6.0,0.4
7302,279745,0.7272486250115681,0.024918076931498945,6.0,0.36666666666666664
7303,279768,0.727226200011569,0.015936102718114853,6.0,0.36666666666666664
7304,279791,0.72720377501157,0.021023039415013045,6.0,0.36666666666666664
7305,279814,0.7271813500115709,0.01800677427672781,6.0,0.36666666666666664
7306,279865,0.727131625011573,0.054490611772052944,6.0,0.4
7307,279886,0.7271111500115739,0.0232642573537305,6.0,0.36666666666666664
7308,279909,0.7270887250115748,0.01635995152173564,6.0,0.3333333333333333
7309,279961,0.727038025011577,0.043871800415217876,6.0,0.3333333333333333
7310,280116,0.7268869000115834,0.5106013932963833,6.0,0.43333333333333335
7311,280139,0.7268644750115844,0.09180053533054888,6.0,0.43333333333333335
7312,280162,0.7268420500115853,0.09263004746753722,6.0,0.43333333333333335
7313,280311,0.7266967750115915,0.45920704398304224,6.0,0.5333333333333333
7314,280379,0.7266304750115943,0.21981441508978605,6.0,0.5666666666666667
7315,280429,0.7265817250115963,0.12153533182572573,6.0,0.6
7316,280452,0.7265593000115973,0.06269106105901301,6.0,0.6
7317,280534,0.7264793500116007,0.16705742158228531,6.0,0.6666666666666666
7318,280557,0.7264569250116016,0.04378948488738388,6.0,0.6333333333333333
7319,280655,0.7263613750116057,0.18823545204941183,6.0,0.6333333333333333
7320,280676,0.7263409000116066,0.06264319468755275,6.0,0.6
7321,280727,0.7262911750116087,0.09130004106555134,6.0,0.6333333333333333
7322,280748,0.7262707000116095,0.04823124810354784,6.0,0.6333333333333333
7323,280771,0.7262482750116105,0.04581221303669736,6.0,0.6333333333333333
7324,280945,0.7260786250116177,0.30837769465870224,6.0,0.7666666666666667
7325,280968,0.7260562000116186,0.03623613034142181,6.0,0.7
7326,280991,0.7260337750116196,0.04087133292341605,6.0,0.6666666666666666
7327,281073,0.725953825011623,0.12647747318260372,6.0,0.7333333333333333
7328,281096,0.7259314000116239,0.027849334699567407,6.0,0.7333333333333333
7329,281165,0.7258641250116268,0.12450881116092205,6.0,0.7666666666666667
7330,281234,0.7257968500116296,0.11634056852199137,6.0,0.8
7331,281257,0.7257744250116306,0.05901604058453813,6.0,0.8
7332,281324,0.7257091000116334,0.10811343559180386,6.0,0.8333333333333334
7333,281347,0.7256866750116343,0.04213211761089042,6.0,0.8333333333333334
7334,281398,0.7256369500116364,0.08724853122839704,6.0,0.8666666666666667
7335,281421,0.7256145250116374,0.03891899710288271,6.0,0.8666666666666667
7336,281444,0.7255921000116383,0.037772780808154494,6.0,0.8333333333333334
7337,281467,0.7255696750116393,0.03513422660762444,6.0,0.8333333333333334
7338,281490,0.7255472500116402,0.03276434208964929,6.0,0.8333333333333334
7339,281511,0.7255267750116411,0.028392371314112097,6.0,0.8
7340,281532,0.725506300011642,0.031946718983817846,6.0,0.6666666666666666
7341,281555,0.7254838750116429,0.03191625338513404,6.0,0.6666666666666666
7342,281578,0.7254614500116439,0.03467752877622843,6.0,0.6666666666666666
7343,281599,0.7254409750116447,0.028909573680721223,6.0,0.5666666666666667
7344,281668,0.7253737000116476,0.08461383252870291,6.0,0.5666666666666667
7345,281691,0.7253512750116485,0.034178435045760125,6.0,0.5333333333333333
7346,281714,0.7253288500116495,0.025042226363439113,6.0,0.5333333333333333
7347,281782,0.7252625500116523,0.09134975750930607,6.0,0.5
7348,281853,0.7251933250116552,0.0827453859965317,6.0,0.5333333333333333
7349,281876,0.7251709000116562,0.031723257212433964,6.0,0.4666666666666667
7350,281925,0.7251231250116582,0.05749320745235309,6.0,0.5
7351,281948,0.7251007000116592,0.032138175738509744,6.0,0.4666666666666667
7352,281971,0.7250782750116601,0.02403761219466105,6.0,0.4666666666666667
7353,281992,0.725057800011661,0.033724355394952,6.0,0.4666666666666667
7354,282015,0.7250353750116619,0.030200382927432656,6.0,0.3333333333333333
7355,282038,0.7250129500116629,0.031732786825159565,6.0,0.3333333333333333
7356,282188,0.7248667000116691,0.20363403638475575,6.0,0.43333333333333335
7357,282211,0.72484427501167,0.0304475327138789,6.0,0.36666666666666664
7358,282232,0.7248238000116709,0.034656501811696216,6.0,0.36666666666666664
7359,282302,0.7247555500116738,0.0915436742361635,6.0,0.36666666666666664
7360,282351,0.7247077750116758,0.06748267781222239,6.0,0.36666666666666664
7361,282433,0.7246278250116792,0.09751709556439891,6.0,0.43333333333333335
7362,282456,0.7246054000116802,0.021605230955174193,6.0,0.4
7363,282477,0.724584925011681,0.025716337433550507,6.0,0.4
7364,282596,0.724468900011686,0.15161459730006754,6.0,0.43333333333333335
7365,282617,0.7244484250116868,0.03032153725507669,6.0,0.43333333333333335
7366,282780,0.7242895000116936,0.19317167706321925,6.0,0.5333333333333333
7367,282866,0.7242056500116971,0.09019380298559554,6.0,0.6
7368,282917,0.7241559250116992,0.06269092683214694,6.0,0.6333333333333333
7369,282940,0.7241335000117002,0.028277524397708476,6.0,0.6333333333333333
7370,282963,0.7241110750117011,0.035285284713609144,6.0,0.6333333333333333
7371,282986,0.7240886500117021,0.027488691470352933,6.0,0.6333333333333333
7372,283009,0.724066225011703,0.02689511506468989,6.0,0.6333333333333333
7373,283032,0.724043800011704,0.034661362442420796,6.0,0.6333333333333333
7374,283055,0.7240213750117049,0.026389689301140606,6.0,0.6
7375,283078,0.7239989500117059,0.023801995848771185,6.0,0.6
7376,283101,0.7239765250117068,0.022365471231751144,6.0,0.6
7377,283124,0.7239541000117078,0.02613090883824043,6.0,0.5666666666666667
7378,283147,0.7239316750117087,0.02658290055114776,6.0,0.5333333333333333
7379,283317,0.7237659250117158,0.2097198969568126,6.0,0.6333333333333333
7380,283340,0.7237435000117167,0.022016760805854574,6.0,0.6
7381,283363,0.7237210750117177,0.027275992004433647,6.0,0.6
7382,283384,0.7237006000117185,0.02727830031653866,6.0,0.6
7383,283407,0.7236781750117195,0.030235572427045554,6.0,0.6
7384,283430,0.7236557500117204,0.02228284685406834,6.0,0.6
7385,283481,0.7236060250117226,0.06703383906278759,6.0,0.6333333333333333
7386,283504,0.7235836000117235,0.030397472000913695,6.0,0.5333333333333333
7387,283525,0.7235631250117244,0.026855427655391395,6.0,0.5333333333333333
7388,283548,0.7235407000117253,0.04907355518662371,6.0,0.5333333333333333
7389,283569,0.7235202250117262,0.022328442137222737,6.0,0.5
7390,283590,0.7234997500117271,0.01766079117078334,6.0,0.4666666666666667
7391,283613,0.723477325011728,0.0293749570264481,6.0,0.4
7392,283713,0.7233798250117321,0.11674032025621273,6.0,0.4666666666666667
7393,283736,0.7233574000117331,0.021981401834636927,6.0,0.4666666666666667
7394,283834,0.7232618500117372,0.10340546353836544,6.0,0.4666666666666667
7395,283857,0.7232394250117381,0.02875514520565048,6.0,0.4666666666666667
7396,283880,0.723217000011739,0.019747019076021388,6.0,0.36666666666666664
7397,283901,0.7231965250117399,0.02468610630603507,6.0,0.3
7398,283922,0.7231760500117408,0.022102049697423354,6.0,0.26666666666666666
7399,283945,0.7231536250117417,0.040782414900604635,6.0,0.26666666666666666
7400,283968,0.7231312000117427,0.023424034123308957,6.0,0.26666666666666666
7401,283991,0.7231087750117436,0.027586385025642812,6.0,0.26666666666666666
7402,284044,0.7230571000117458,0.05827446311013773,6.0,0.3
7403,284067,0.7230346750117468,0.04140333234681748,6.0,0.3
7404,284090,0.7230122500117477,0.018980307679157704,6.0,0.3
7405,284113,0.7229898250117487,0.025391497067175806,6.0,0.3
7406,284164,0.7229401000117508,0.059960652579320595,6.0,0.3333333333333333
7407,284187,0.7229176750117517,0.02034430977073498,6.0,0.3333333333333333
7408,284210,0.7228952500117527,0.023610858945176005,6.0,0.3333333333333333
7409,284233,0.7228728250117537,0.026825053355423734,6.0,0.23333333333333334
7410,284305,0.7228026250117566,0.08531570158083923,6.0,0.26666666666666666
7411,284328,0.7227802000117576,0.028811421303544194,6.0,0.26666666666666666
7412,284447,0.7226641750117625,0.11757296079304069,6.0,0.3333333333333333
7413,284576,0.7225384000117678,0.14796389447292313,6.0,0.4
7414,284627,0.7224886750117699,0.06504291348392144,6.0,0.43333333333333335
7415,284702,0.722415550011773,0.07934850783203728,6.0,0.43333333333333335
7416,284725,0.722393125011774,0.022492730495287105,6.0,0.43333333333333335
7417,284746,0.7223726500117749,0.02627521558315493,6.0,0.43333333333333335
7418,284814,0.7223063500117777,0.09213501721387729,6.0,0.4666666666666667
7419,284837,0.7222839250117786,0.04128384083742276,6.0,0.4666666666666667
7420,284860,0.7222615000117796,0.03508971515111625,6.0,0.4666666666666667
7421,284883,0.7222390750117805,0.032365133287385106,6.0,0.4666666666666667
7422,284906,0.7222166500117815,0.03403776156483218,6.0,0.4
7423,284957,0.7221669250117836,0.06139590544626117,6.0,0.43333333333333335
7424,285007,0.7221181750117857,0.0839562816254329,6.0,0.4
7425,285030,0.7220957500117866,0.10603277711197734,6.0,0.4
7426,285053,0.7220733250117876,0.08748226799070835,6.0,0.4
7427,285139,0.7219894750117911,0.3207272191066295,6.0,0.4666666666666667
7428,285160,0.721969000011792,0.07681818935088813,6.0,0.4666666666666667
7429,285183,0.7219465750117929,0.07877240469679236,6.0,0.4666666666666667
7430,285206,0.7219241500117939,0.08529986091889441,6.0,0.4666666666666667
7431,285275,0.7218568750117967,0.21239484200486913,6.0,0.5
7432,285470,0.7216667500118048,0.5336011931649409,6.0,0.6
7433,285542,0.7215965500118078,0.18563297728542238,6.0,0.6333333333333333
7434,285563,0.7215760750118086,0.05617059033829719,6.0,0.6333333333333333
7435,285666,0.7214756500118129,0.24974604148883373,6.0,0.7
7436,285736,0.7214074000118158,0.18162198370555416,6.0,0.7
7437,285859,0.7212874750118209,0.24046245904173702,6.0,0.7666666666666667
7438,285933,0.721215325011824,0.1574983486207202,6.0,0.8
7439,286006,0.721144150011827,0.14201412140391767,6.0,0.8333333333333334
7440,286027,0.7211236750118278,0.039256309741176665,6.0,0.8
7441,286050,0.7211012500118288,0.03780855698278174,6.0,0.8
7442,286122,0.7210310500118318,0.12381833355175331,6.0,0.7666666666666667
7443,286145,0.7210086250118327,0.05437008704757318,6.0,0.7
7444,286168,0.7209862000118337,0.04285733215510845,6.0,0.6666666666666666
7445,286191,0.7209637750118346,0.032522989669814706,6.0,0.6333333333333333
7446,286293,0.7208643250118388,0.18077546480344608,6.0,0.7
7447,286345,0.720813625011841,0.06807998742442578,6.0,0.7333333333333333
7448,286515,0.720647875011848,0.3416909781517461,6.0,0.8
7449,286538,0.720625450011849,0.04235694819362834,6.0,0.8
7450,286561,0.7206030250118499,0.03539742238353938,6.0,0.8
7451,286712,0.7204558000118562,0.2348466492840089,6.0,0.9
7452,286733,0.720435325011857,0.028870437177829444,6.0,0.9
7453,286754,0.7204148500118579,0.033851926564238966,6.0,0.8666666666666667
7454,286805,0.72036512501186,0.09815956611419097,6.0,0.8666666666666667
7455,286826,0.7203446500118609,0.03493002010509372,6.0,0.8666666666666667
7456,286849,0.7203222250118618,0.0314837985788472,6.0,0.8666666666666667
7457,286947,0.7202266750118659,0.11328509025042877,6.0,0.8666666666666667
7458,286970,0.7202042500118668,0.04634381312644109,6.0,0.8666666666666667
7459,286993,0.7201818250118678,0.03739000053610653,6.0,0.8666666666666667
7460,287016,0.7201594000118687,0.04122893855674192,6.0,0.8666666666666667
7461,287039,0.7201369750118697,0.030866882181726396,6.0,0.8333333333333334
7462,287062,0.7201145500118706,0.025720095756696537,6.0,0.7
7463,287085,0.7200921250118716,0.03561335563426837,6.0,0.6666666666666666
7464,287108,0.7200697000118725,0.02911803129245527,6.0,0.6666666666666666
7465,287131,0.7200472750118735,0.02769899688428268,6.0,0.6
7466,287154,0.7200248500118744,0.05052200600039214,6.0,0.5666666666666667
7467,287177,0.7200024250118754,0.032425145560409874,6.0,0.5
7468,287198,0.7199819500118763,0.03062742226757109,6.0,0.4666666666666667
7469,287221,0.7199595250118772,0.025517135800328106,6.0,0.43333333333333335
7470,287291,0.7198912750118801,0.10411990585271269,6.0,0.4666666666666667
7471,287314,0.7198688500118811,0.02122382915695198,6.0,0.4666666666666667
7472,287337,0.719846425011882,0.03315810646745376,6.0,0.43333333333333335
7473,287360,0.719824000011883,0.03148953153868206,6.0,0.43333333333333335
7474,287383,0.7198015750118839,0.027014427061658353,6.0,0.43333333333333335
7475,287406,0.7197791500118849,0.028342499630525708,6.0,0.43333333333333335
7476,287429,0.7197567250118858,0.02485292311757803,6.0,0.36666666666666664
7477,287452,0.7197343000118868,0.04558156704297289,6.0,0.3333333333333333
7478,287475,0.7197118750118877,0.025189937965478748,6.0,0.23333333333333334
7479,287498,0.7196894500118887,0.02069663442671299,6.0,0.23333333333333334
7480,287521,0.7196670250118896,0.025442099664360285,6.0,0.23333333333333334
7481,287544,0.7196446000118906,0.035949326265836135,6.0,0.13333333333333333
7482,287567,0.7196221750118915,0.035589779930887744,6.0,0.13333333333333333
7483,287590,0.7195997500118925,0.030878602527081966,6.0,0.13333333333333333
7484,287613,0.7195773250118934,0.02767019791644998,6.0,0.1
7485,287714,0.7194788500118976,0.12245912870275788,6.0,0.16666666666666666
7486,287737,0.7194564250118985,0.03422159515321255,6.0,0.16666666666666666
7487,287758,0.7194359500118994,0.024626463855383918,6.0,0.1
7488,287809,0.7193862250119015,0.06990529532777146,6.0,0.13333333333333333
7489,287832,0.7193638000119025,0.0279317747335881,6.0,0.13333333333333333
7490,287916,0.719281900011906,0.0913297118677292,6.0,0.2
7491,287939,0.7192594750119069,0.027855810592882335,6.0,0.2
7492,287962,0.7192370500119079,0.024300262797623873,6.0,0.2
7493,288075,0.7191268750119125,0.13330643606605008,6.0,0.3
7494,288098,0.7191044500119135,0.023649176117032766,6.0,0.3
7495,288121,0.7190820250119144,0.02590185054577887,6.0,0.3
7496,288144,0.7190596000119154,0.037948991637676954,6.0,0.3
7497,288167,0.7190371750119163,0.027414645213866606,6.0,0.3
7498,288190,0.7190147500119173,0.032409462437499315,6.0,0.3
7499,288213,0.7189923250119182,0.018959716515382752,6.0,0.3
7500,288236,0.7189699000119192,0.047002894862089306,6.0,0.26666666666666666
7501,288320,0.7188880000119227,0.12160502787446603,6.0,0.3333333333333333
7502,288391,0.7188187750119256,0.10867162072099745,6.0,0.36666666666666664
7503,288479,0.7187329750119292,0.09665374291944318,6.0,0.43333333333333335
7504,288502,0.7187105500119302,0.02537502406630665,6.0,0.43333333333333335
7505,288653,0.7185633250119364,0.18674803362227976,6.0,0.5333333333333333
7506,288704,0.7185136000119385,0.0741264040407259,6.0,0.5666666666666667
7507,288727,0.7184911750119395,0.028837995982030407,6.0,0.5666666666666667
7508,288827,0.7183936750119436,0.1386187122843694,6.0,0.6333333333333333
7509,288850,0.7183712500119446,0.023426068015396595,6.0,0.6333333333333333
7510,288873,0.7183488250119455,0.027404747961554676,6.0,0.6333333333333333
7511,288896,0.7183264000119465,0.03792851843172684,6.0,0.6333333333333333
7512,288966,0.7182581500119494,0.10733596689533442,6.0,0.6666666666666666
7513,288989,0.7182357250119503,0.03428517666179687,6.0,0.6666666666666666
7514,289112,0.7181158000119554,0.17386030673515052,6.0,0.7333333333333333
7515,289188,0.7180417000119586,0.09735758547321893,6.0,0.7
7516,289211,0.7180192750119595,0.020813377137528732,6.0,0.7
7517,289232,0.7179988000119604,0.022132026904728264,6.0,0.7
7518,289303,0.7179295750119633,0.12136008043307811,6.0,0.7
7519,289324,0.7179091000119642,0.027369835996069014,6.0,0.7
7520,289396,0.7178389000119672,0.08750890489318408,6.0,0.6666666666666666
7521,289419,0.7178164750119681,0.02169789807521738,6.0,0.6666666666666666
7522,289440,0.717796000011969,0.019447915838100016,6.0,0.6666666666666666
7523,289567,0.7176721750119742,0.15586643121787347,6.0,0.6666666666666666
7524,289590,0.7176497500119752,0.02977540617575869,6.0,0.6666666666666666
7525,289611,0.717629275011976,0.028302131046075374,6.0,0.6666666666666666
7526,289681,0.7175610250119789,0.10028471262194216,6.0,0.7
7527,289732,0.717511300011981,0.06893043583841063,6.0,0.7333333333333333
7528,289802,0.7174430500119839,0.0828037466853857,6.0,0.7666666666666667
7529,289825,0.7174206250119849,0.02709099542698823,6.0,0.7666666666666667
7530,289846,0.7174001500119858,0.021937930781859905,6.0,0.7666666666666667
7531,289869,0.7173777250119867,0.03785649829660542,6.0,0.7
7532,289892,0.7173553000119877,0.020226222986821085,6.0,0.6666666666666666
7533,289915,0.7173328750119886,0.03450196492485702,6.0,0.6
7534,289966,0.7172831500119907,0.05681886270758696,6.0,0.6333333333333333
7535,289987,0.7172626750119916,0.02688259759452194,6.0,0.5333333333333333
7536,290010,0.7172402500119925,0.06935989006888121,6.0,0.5
7537,290031,0.7172197750119934,0.14123906544409692,6.0,0.5
7538,290054,0.7171973500119944,0.09388295363169163,6.0,0.43333333333333335
7539,290125,0.7171281250119973,0.30652484914753586,6.0,0.4666666666666667
7540,290148,0.7171057000119982,0.07248903217259794,6.0,0.4666666666666667
7541,290220,0.7170355000120012,0.2629084369400516,6.0,0.5
7542,290243,0.7170130750120022,0.07941681635566056,6.0,0.4666666666666667
7543,290264,0.716992600012003,0.07080067577771842,6.0,0.4666666666666667
7544,290315,0.7169428750120052,0.17526718555018306,6.0,0.43333333333333335
7545,290399,0.7168609750120086,0.22347314038779587,6.0,0.4666666666666667
7546,290450,0.7168112500120107,0.13871450955048203,6.0,0.5
7547,290473,0.7167888250120117,0.07100186543539166,6.0,0.5
7548,290496,0.7167664000120126,0.05935761926230043,6.0,0.4666666666666667
7549,290519,0.7167439750120136,0.04248829069547355,6.0,0.4666666666666667
7550,290638,0.7166279500120185,0.24500080835423432,6.0,0.5
7551,290661,0.7166055250120195,0.036532266763970256,6.0,0.5
7552,290684,0.7165831000120204,0.04714927321765572,6.0,0.5
7553,290707,0.7165606750120214,0.041791772935539484,6.0,0.4
7554,290730,0.7165382500120223,0.04768277326365933,6.0,0.4
7555,290753,0.7165158250120233,0.06437063455814496,6.0,0.4
7556,290776,0.7164934000120242,0.04346938570961356,6.0,0.36666666666666664
7557,290826,0.7164446500120263,0.1023697042837739,6.0,0.36666666666666664
7558,290946,0.7163276500120312,0.22485522262286395,6.0,0.4
7559,290969,0.7163052250120322,0.04189361451426521,6.0,0.4
7560,291051,0.7162252750120356,0.1360557937878184,6.0,0.4666666666666667
7561,291074,0.7162028500120365,0.028880772995762527,6.0,0.4666666666666667
7562,291097,0.7161804250120375,0.037892559776082635,6.0,0.4666666666666667
7563,291120,0.7161580000120384,0.03939386550337076,6.0,0.4666666666666667
7564,291187,0.7160926750120412,0.11506638972787187,6.0,0.4666666666666667
7565,291210,0.7160702500120422,0.049326287233270705,6.0,0.4666666666666667
7566,291281,0.7160010250120451,0.12658174172975123,6.0,0.5
7567,291365,0.7159191250120486,0.1401284707535524,6.0,0.5666666666666667
7568,291388,0.7158967000120495,0.03720758046256378,6.0,0.5666666666666667
7569,291411,0.7158742750120505,0.03596539259888232,6.0,0.5333333333333333
7570,291464,0.7158226000120527,0.08345847687451169,6.0,0.5666666666666667
7571,291487,0.7158001750120536,0.04287274106172845,6.0,0.5333333333333333
7572,291508,0.7157797000120545,0.03662064310628921,6.0,0.5333333333333333
7573,291531,0.7157572750120554,0.02909209267818369,6.0,0.5333333333333333
7574,291552,0.7157368000120563,0.02775250334525481,6.0,0.5
7575,291575,0.7157143750120573,0.029864859126973897,6.0,0.43333333333333335
7576,291598,0.7156919500120582,0.03590177738806233,6.0,0.4
7577,291621,0.7156695250120592,0.03126107971183956,6.0,0.4
7578,291644,0.7156471000120601,0.028914828726556152,6.0,0.4
7579,291667,0.7156246750120611,0.029000068199820817,6.0,0.4
7580,291738,0.715555450012064,0.0968760910036508,6.0,0.36666666666666664
7581,291789,0.7155057250120661,0.06429885787656531,6.0,0.4
7582,291812,0.7154833000120671,0.028190488927066326,6.0,0.4
7583,291861,0.7154355250120691,0.05933180995634757,6.0,0.43333333333333335
7584,291930,0.7153682500120719,0.07616801845142618,6.0,0.4666666666666667
7585,291981,0.715318525012074,0.055982836231123656,6.0,0.5
7586,292032,0.7152688000120762,0.05039253560244106,6.0,0.5333333333333333
7587,292053,0.715248325012077,0.024268186738481745,6.0,0.5
7588,292104,0.7151986000120791,0.05428217156440951,6.0,0.4666666666666667
7589,292127,0.7151761750120801,0.03708471902064048,6.0,0.4666666666666667
7590,292150,0.715153750012081,0.028983442520257086,6.0,0.4
7591,292173,0.715131325012082,0.02145447541261092,6.0,0.4
7592,292196,0.7151089000120829,0.027330183191224933,6.0,0.4
7593,292219,0.7150864750120839,0.023166506900452077,6.0,0.4
7594,292268,0.7150387000120859,0.05892440531169996,6.0,0.4
7595,292291,0.7150162750120869,0.023357541533187032,6.0,0.4
7596,292314,0.7149938500120878,0.025544606905896217,6.0,0.36666666666666664
7597,292335,0.7149733750120887,0.02364184253383428,6.0,0.3
7598,292421,0.7148895250120922,0.1162444383953698,6.0,0.36666666666666664
7599,292444,0.7148671000120932,0.023672946175793186,6.0,0.36666666666666664
7600,292516,0.7147969000120962,0.0840412623656448,6.0,0.36666666666666664
7601,292539,0.7147744750120971,0.03820403100689873,6.0,0.36666666666666664
7602,292686,0.7146311500121032,0.17002927069552243,6.0,0.4666666666666667
7603,292786,0.7145336500121073,0.11223626288119704,6.0,0.5333333333333333
7604,292856,0.7144654000121102,0.08369014153140597,6.0,0.5666666666666667
7605,292879,0.7144429750121112,0.024131469370331615,6.0,0.5666666666666667
7606,292902,0.7144205500121121,0.02233992697438225,6.0,0.5666666666666667
7607,292925,0.7143981250121131,0.027001167385606095,6.0,0.5666666666666667
7608,293007,0.7143181750121165,0.0958180702291429,6.0,0.6333333333333333
7609,293130,0.7141982500121216,0.1331106315483339,6.0,0.7
7610,293151,0.7141777750121224,0.023715837160125375,6.0,0.6666666666666666
7611,293298,0.7140344500121285,0.18566278630169109,6.0,0.7333333333333333
7612,293321,0.7140120250121295,0.023968602705281228,6.0,0.7333333333333333
7613,293344,0.7139896000121304,0.025478569586994126,6.0,0.7
7614,293365,0.7139691250121313,0.026594843482598662,6.0,0.6666666666666666
7615,293388,0.7139467000121322,0.022832908405689523,6.0,0.6333333333333333
7616,293411,0.7139242750121332,0.03136750572593883,6.0,0.6
7617,293493,0.7138443250121366,0.08092148855212145,6.0,0.6666666666666666
7618,293516,0.7138219000121375,0.0254686992848292,6.0,0.6333333333333333
7619,293567,0.7137721750121396,0.049713864718796685,6.0,0.6666666666666666
7620,293588,0.7137517000121405,0.021366577653679997,6.0,0.6666666666666666
7621,293658,0.7136834500121434,0.09389060386456549,6.0,0.7
7622,293679,0.7136629750121443,0.02168762922519818,6.0,0.7
7623,293702,0.7136405500121452,0.02307097046286799,6.0,0.7
7624,293824,0.7135216000121503,0.12020913406740874,6.0,0.7333333333333333
7625,293847,0.7134991750121512,0.025867766584269702,6.0,0.7333333333333333
7626,293870,0.7134767500121522,0.027831160376081243,6.0,0.7333333333333333
7627,294022,0.7133285500121584,0.16058069761493243,6.0,0.8666666666666667
7628,294045,0.7133061250121594,0.029076686885673553,6.0,0.8
7629,294066,0.7132856500121603,0.022967653145315126,6.0,0.8
7630,294116,0.7132369000121623,0.05481348777539097,6.0,0.8
7631,294188,0.7131667000121653,0.08513802255038172,6.0,0.8333333333333334
7632,294211,0.7131442750121663,0.027050543198129162,6.0,0.7333333333333333
7633,294262,0.7130945500121684,0.053986029961379245,6.0,0.7
7634,294283,0.7130740750121692,0.02329710588674061,6.0,0.6666666666666666
7635,294355,0.7130038750121722,0.08363188887597062,6.0,0.7
7636,294378,0.7129814500121732,0.022224183194339275,6.0,0.7
7637,294495,0.712867375012178,0.12370085084694438,6.0,0.7666666666666667
7638,294518,0.712844950012179,0.026432764396304265,6.0,0.7
7639,294571,0.7127932750121811,0.05612386908615008,6.0,0.6666666666666666
7640,294594,0.7127708500121821,0.021210546081420034,6.0,0.6666666666666666
7641,294714,0.7126538500121871,0.1284806012408808,6.0,0.6333333333333333
7642,294763,0.7126060750121891,0.050023361429339275,6.0,0.6666666666666666
7643,294835,0.7125358750121921,0.1106480062881019,6.0,0.7
7644,294858,0.712513450012193,0.030841165396850556,6.0,0.7
7645,294881,0.712491025012194,0.026601118384860456,6.0,0.7
7646,294904,0.7124686000121949,0.023862421163357794,6.0,0.7
7647,294925,0.7124481250121958,0.022600339056225494,6.0,0.6333333333333333
7648,294948,0.7124257000121967,0.02352291371789761,6.0,0.6333333333333333
7649,294971,0.7124032750121977,0.01872547873063013,6.0,0.6
7650,295022,0.7123535500121998,0.13565175229450688,6.0,0.6333333333333333
7651,295045,0.7123311250122007,0.08408953994512558,6.0,0.6
7652,295191,0.7121887750122068,0.5328769714105874,6.0,0.7
7653,295264,0.7121176000122098,0.1937850127578713,6.0,0.7333333333333333
7654,295315,0.7120678750122119,0.12714322929969057,6.0,0.7
7655,295338,0.7120454500122129,0.05038626166060567,6.0,0.7
7656,295361,0.7120230250122138,0.06707419326994568,6.0,0.7
7657,295382,0.7120025500122147,0.03882768889889121,6.0,0.5666666666666667
7658,295403,0.7119820750122156,0.04648613900644705,6.0,0.5666666666666667
7659,295523,0.7118650750122205,0.23792031820630655,6.0,0.6333333333333333
7660,295546,0.7118426500122215,0.043288683344144374,6.0,0.6
7661,295569,0.7118202250122224,0.04724723141407594,6.0,0.5666666666666667
7662,295592,0.7117978000122234,0.07947739108931273,6.0,0.5666666666666667
7663,295672,0.7117198000122267,0.14789508684771135,6.0,0.6
7664,295695,0.7116973750122276,0.04755977063905448,6.0,0.6
7665,295718,0.7116749500122286,0.05181539728073403,6.0,0.5666666666666667
7666,295741,0.7116525250122295,0.04261053557274863,6.0,0.5666666666666667
7667,295764,0.7116301000122305,0.03439553000498563,6.0,0.5
7668,295787,0.7116076750122314,0.05666679795831442,6.0,0.5
7669,295859,0.7115374750122344,0.10942633269587532,6.0,0.5
7670,295882,0.7115150500122354,0.031086913601029664,6.0,0.5
7671,295905,0.7114926250122363,0.03324336634250358,6.0,0.43333333333333335
7672,295928,0.7114702000122373,0.04419232625514269,6.0,0.4
7673,295951,0.7114477750122382,0.033618401968851686,6.0,0.36666666666666664
7674,295972,0.7114273000122391,0.03194274473935366,6.0,0.36666666666666664
7675,296023,0.7113775750122412,0.07052884143195115,6.0,0.4
7676,296076,0.7113259000122434,0.08796505071222782,6.0,0.43333333333333335
7677,296176,0.7112284000122475,0.13507928716717288,6.0,0.5
7678,296199,0.7112059750122485,0.03842083504423499,6.0,0.5
7679,296297,0.7111104250122525,0.15523661364568397,6.0,0.5666666666666667
7680,296318,0.7110899500122534,0.030533646582625806,6.0,0.5333333333333333
7681,296341,0.7110675250122543,0.030656776449177414,6.0,0.5333333333333333
7682,296364,0.7110451000122553,0.028845340362749994,6.0,0.43333333333333335
7683,296436,0.7109749000122583,0.09490908123552799,6.0,0.43333333333333335
7684,296539,0.7108744750122625,0.13618057896383107,6.0,0.4666666666666667
7685,296562,0.7108520500122635,0.02551148895872757,6.0,0.4666666666666667
7686,296585,0.7108296250122644,0.031766176922246814,6.0,0.4666666666666667
7687,296608,0.7108072000122654,0.023441805300535634,6.0,0.4666666666666667
7688,296631,0.7107847750122663,0.025095194578170776,6.0,0.4666666666666667
7689,296654,0.7107623500122673,0.030916253192117438,6.0,0.4
7690,296752,0.7106668000122713,0.13583506061695516,6.0,0.4666666666666667
7691,296775,0.7106443750122723,0.025663110776804388,6.0,0.4666666666666667
7692,296873,0.7105488250122763,0.12700169687741436,6.0,0.5333333333333333
7693,296946,0.7104776500122794,0.0821896998968441,6.0,0.5
7694,296969,0.7104552250122803,0.02340788848232478,6.0,0.5
7695,297021,0.7104045250122825,0.0569132931123022,6.0,0.5333333333333333
7696,297044,0.7103821000122834,0.02726532716769725,6.0,0.5333333333333333
7697,297065,0.7103616250122843,0.02115173210040666,6.0,0.5333333333333333
7698,297086,0.7103411500122851,0.020579056872520596,6.0,0.5333333333333333
7699,297109,0.7103187250122861,0.027400561288231984,6.0,0.5
7700,297207,0.7102231750122902,0.10969012981513515,6.0,0.5666666666666667
7701,297230,0.7102007500122911,0.024787115107756108,6.0,0.5666666666666667
7702,297253,0.710178325012292,0.022690184821840376,6.0,0.5666666666666667
7703,297276,0.710155900012293,0.02291760334628634,6.0,0.5666666666666667
7704,297299,0.710133475012294,0.023759669391438365,6.0,0.5666666666666667
7705,297320,0.7101130000122948,0.022378472262062132,6.0,0.5333333333333333
7706,297343,0.7100905750122958,0.039230172347743064,6.0,0.5
7707,297366,0.7100681500122967,0.027906956733204424,6.0,0.43333333333333335
7708,297389,0.7100457250122977,0.02697365393396467,6.0,0.43333333333333335
7709,297412,0.7100233000122986,0.02622482052538544,6.0,0.36666666666666664
7710,297533,0.7099053250123036,0.12523090443573892,6.0,0.43333333333333335
7711,297584,0.7098556000123057,0.05444654473103583,6.0,0.4666666666666667
7712,297607,0.7098331750123067,0.028956194641068578,6.0,0.4666666666666667
7713,297723,0.7097200750123115,0.14798878884175792,6.0,0.5
7714,297744,0.7096996000123124,0.02417369239265099,6.0,0.43333333333333335
7715,297767,0.7096771750123133,0.04036984429694712,6.0,0.43333333333333335
7716,297820,0.7096255000123155,0.05843312799697742,6.0,0.4666666666666667
7717,297843,0.7096030750123165,0.030298728379420936,6.0,0.4666666666666667
7718,297941,0.7095075250123205,0.10652851572376676,6.0,0.5333333333333333
7719,298012,0.7094383000123234,0.07248347776476294,6.0,0.5666666666666667
7720,298214,0.7092413500123318,0.24838695081416517,6.0,0.6666666666666666
7721,298237,0.7092189250123327,0.025862489768769592,6.0,0.6666666666666666
7722,298260,0.7091965000123337,0.026203269604593515,6.0,0.6
7723,298358,0.7091009500123377,0.13660234725102782,6.0,0.6333333333333333
7724,298381,0.7090785250123387,0.0367689159756992,6.0,0.6333333333333333
7725,298404,0.7090561000123397,0.026815902790986,6.0,0.6
7726,298427,0.7090336750123406,0.020158337574684992,6.0,0.6
7727,298476,0.7089859000123426,0.07948556539486162,6.0,0.6333333333333333
7728,298545,0.7089186250123455,0.1159544923575595,6.0,0.6666666666666666
7729,298568,0.7088962000123464,0.022933107044082135,6.0,0.6666666666666666
7730,298640,0.7088260000123494,0.08112861280096695,6.0,0.6333333333333333
7731,298663,0.7088035750123504,0.027787919098045677,6.0,0.6333333333333333
7732,298714,0.7087538500123525,0.07266291684936732,6.0,0.6666666666666666
7733,298831,0.7086397750123573,0.11408182309241965,6.0,0.7333333333333333
7734,298854,0.7086173500123583,0.022226002591196448,6.0,0.7333333333333333
7735,298907,0.7085656750123605,0.04708363048848696,6.0,0.7666666666666667
7736,298977,0.7084974250123633,0.08238142810296267,6.0,0.8
7737,299078,0.7083989500123675,0.13273040336207487,6.0,0.8666666666666667
7738,299101,0.7083765250123685,0.027048233954701573,6.0,0.8666666666666667
7739,299124,0.7083541000123694,0.03933752316515893,6.0,0.8666666666666667
7740,299147,0.7083316750123704,0.02337838103994727,6.0,0.8
7741,299170,0.7083092500123713,0.02652601432055235,6.0,0.7666666666666667
7742,299193,0.7082868250123723,0.030150508973747492,6.0,0.7666666666666667
7743,299242,0.7082390500123743,0.06440755404764786,6.0,0.7333333333333333
7744,299265,0.7082166250123753,0.033438554557505995,6.0,0.7333333333333333
7745,299317,0.7081659250123774,0.0595126053376589,6.0,0.7666666666666667
7746,299387,0.7080976750123803,0.0773873149883002,6.0,0.7666666666666667
7747,299461,0.7080255250123834,0.08354982131277211,6.0,0.8
7748,299547,0.7079416750123869,0.09944875873043202,6.0,0.8
7749,299568,0.7079212000123878,0.019506031065247953,6.0,0.7666666666666667
7750,299591,0.7078987750123887,0.031323898350819945,6.0,0.6
7751,299614,0.7078763500123897,0.024931912164902315,6.0,0.6
7752,299637,0.7078539250123906,0.02195095529896207,6.0,0.6
7753,299736,0.7077574000123947,0.09598786768037826,6.0,0.6
7754,299836,0.7076599000123989,0.10873660325887613,6.0,0.6666666666666666
7755,299909,0.7075887250124019,0.07476061544730328,6.0,0.7
7756,299932,0.7075663000124028,0.03393430321011692,6.0,0.7
7757,300004,0.7074961000124058,0.12401663439231925,6.0,0.7
7758,300027,0.7074736750124068,0.10341075481846929,6.0,0.6666666666666666
7759,300050,0.7074512500124077,0.08859481615945697,6.0,0.6666666666666666
7760,300071,0.7074307750124086,0.08070752222556621,6.0,0.6333333333333333
7761,300094,0.7074083500124095,0.09855222480837256,6.0,0.6333333333333333
7762,300163,0.7073410750124124,0.19922247785143554,6.0,0.6333333333333333
7763,300184,0.7073206000124133,0.06428167899139225,6.0,0.5666666666666667
7764,300284,0.7072231000124174,0.2825979662593454,6.0,0.6333333333333333
7765,300305,0.7072026250124183,0.06271274958271533,6.0,0.6
7766,300356,0.7071529000124204,0.11859344004187733,6.0,0.6
7767,300379,0.7071304750124213,0.058402496739290655,6.0,0.5333333333333333
7768,300450,0.7070612500124243,0.1657398619572632,6.0,0.5666666666666667
7769,300473,0.7070388250124252,0.04700914322165772,6.0,0.5666666666666667
7770,300494,0.7070183500124261,0.05299555469537154,6.0,0.5666666666666667
7771,300545,0.7069686250124282,0.12495154142379761,6.0,0.6
7772,300566,0.706948150012429,0.03659567324211821,6.0,0.6
7773,300589,0.70692572501243,0.05603422655258328,6.0,0.5666666666666667
7774,300612,0.706903300012431,0.050376190862152725,6.0,0.5666666666666667
7775,300635,0.7068808750124319,0.04546186706284061,6.0,0.5333333333333333
7776,300733,0.706785325012436,0.16810666499077342,6.0,0.5666666666666667
7777,300804,0.7067161000124389,0.11650314333382994,6.0,0.5666666666666667
7778,300825,0.7066956250124398,0.03270588658051565,6.0,0.5
7779,300878,0.706643950012442,0.10036186361685395,6.0,0.5333333333333333
7780,300901,0.7066215250124429,0.04001800314290449,6.0,0.5333333333333333
7781,300924,0.7065991000124439,0.030476172047201544,6.0,0.5333333333333333
7782,300947,0.7065766750124448,0.040146388637367636,6.0,0.5333333333333333
7783,301027,0.7064986750124481,0.12603025615680963,6.0,0.5333333333333333
7784,301050,0.7064762500124491,0.02999257418559864,6.0,0.4666666666666667
7785,301073,0.70645382501245,0.030333848611917347,6.0,0.43333333333333335
7786,301124,0.7064041000124521,0.07419240102171898,6.0,0.4666666666666667
7787,301176,0.7063534000124543,0.07028651842847466,6.0,0.4666666666666667
7788,301199,0.7063309750124552,0.045986837591044605,6.0,0.4666666666666667
7789,301282,0.7062500500124587,0.1149711946491152,6.0,0.5333333333333333
7790,301353,0.7061808250124616,0.09504975265008397,6.0,0.5666666666666667
7791,301376,0.7061584000124626,0.02678567447583191,6.0,0.5666666666666667
7792,301397,0.7061379250124634,0.026897419040324166,6.0,0.5333333333333333
7793,301465,0.7060716250124662,0.08989815259701572,6.0,0.5666666666666667
7794,301565,0.7059741250124704,0.12020819864119403,6.0,0.5666666666666667
7795,301634,0.7059068500124732,0.09930950228590518,6.0,0.6
7796,301657,0.7058844250124742,0.03346522164065391,6.0,0.5666666666666667
7797,301755,0.7057888750124782,0.10699791909428313,6.0,0.6333333333333333
7798,301776,0.7057684000124791,0.027833244763314724,6.0,0.6
7799,301829,0.7057167250124813,0.06349550632876344,6.0,0.6333333333333333
7800,301852,0.7056943000124822,0.021781381830805913,6.0,0.6333333333333333
7801,301875,0.7056718750124832,0.03559493334614672,6.0,0.6
7802,301898,0.7056494500124841,0.027294009923934937,6.0,0.6
7803,301921,0.7056270250124851,0.024772907607257366,6.0,0.6
7804,301942,0.705606550012486,0.021124881110154092,6.0,0.6
7805,301965,0.7055841250124869,0.025723855389514938,6.0,0.6
7806,302034,0.7055168500124898,0.07597700756741688,6.0,0.5666666666666667
7807,302057,0.7054944250124907,0.023869155120337382,6.0,0.5333333333333333
7808,302126,0.7054271500124936,0.07266225808416493,6.0,0.5666666666666667
7809,302197,0.7053579250124965,0.07911656668875366,6.0,0.5666666666666667
7810,302269,0.7052877250124995,0.08065352588891983,6.0,0.6
7811,302320,0.7052380000125016,0.05138154981250409,6.0,0.6333333333333333
7812,302343,0.7052155750125025,0.025902526220306754,6.0,0.6333333333333333
7813,302366,0.7051931500125035,0.02403686154866591,6.0,0.5666666666666667
7814,302389,0.7051707250125044,0.02176196305663325,6.0,0.5666666666666667
7815,302412,0.7051483000125054,0.028366935322992504,6.0,0.5666666666666667
7816,302483,0.7050790750125083,0.06658573626191355,6.0,0.5666666666666667
7817,302556,0.7050079000125113,0.07657480897614732,6.0,0.5666666666666667
7818,302579,0.7049854750125123,0.020716933475341648,6.0,0.5666666666666667
7819,302600,0.7049650000125132,0.01774491521064192,6.0,0.5
7820,302623,0.7049425750125141,0.018742386921076104,6.0,0.4666666666666667
7821,302674,0.7048928500125162,0.056754310557153076,6.0,0.5
7822,302697,0.7048704250125172,0.017635109688853845,6.0,0.5
7823,302718,0.704849950012518,0.01767123708850704,6.0,0.4666666666666667
7824,302741,0.704827525012519,0.019043919717660174,6.0,0.4
7825,302915,0.7046578750125262,0.17620064949733205,6.0,0.5
7826,302938,0.7046354500125271,0.03246894761105068,6.0,0.5
7827,303034,0.7045418500125311,0.09210207068827003,6.0,0.5
7828,303057,0.7045194250125321,0.018490102112991735,6.0,0.5
7829,303080,0.704497000012533,0.020515882992185652,6.0,0.4666666666666667
7830,303103,0.704474575012534,0.021485780540388077,6.0,0.4666666666666667
7831,303126,0.7044521500125349,0.030956833361415192,6.0,0.4666666666666667
7832,303149,0.7044297250125359,0.022173684235895053,6.0,0.4666666666666667
7833,303220,0.7043605000125388,0.07483598898397759,6.0,0.5
7834,303241,0.7043400250125397,0.020270463603083044,6.0,0.5
7835,303315,0.7042678750125427,0.06739821162773296,6.0,0.5333333333333333
7836,303338,0.7042454500125437,0.020688769756816328,6.0,0.5
7837,303361,0.7042230250125446,0.01855686932685785,6.0,0.5
7838,303384,0.7042006000125456,0.01826112694106996,6.0,0.4666666666666667
7839,303435,0.7041508750125477,0.045098412578227,6.0,0.4666666666666667
7840,303458,0.7041284500125486,0.0273553014267236,6.0,0.43333333333333335
7841,303481,0.7041060250125496,0.023978596174856648,6.0,0.4
7842,303504,0.7040836000125505,0.021725855098338798,6.0,0.4
7843,303525,0.7040631250125514,0.018630901642609388,6.0,0.4
7844,303625,0.7039656250125556,0.07792289411008824,6.0,0.4666666666666667
7845,303648,0.7039432000125565,0.01941598451230675,6.0,0.4666666666666667
7846,303671,0.7039207750125575,0.03045279238722287,6.0,0.43333333333333335
7847,303694,0.7038983500125584,0.03371565413544886,6.0,0.4
7848,303717,0.7038759250125594,0.02758950027055107,6.0,0.4
7849,303740,0.7038535000125603,0.021803974319482222,6.0,0.4
7850,303836,0.7037599000125643,0.10048143367748708,6.0,0.4666666666666667
7851,303859,0.7037374750125652,0.02862410241505131,6.0,0.43333333333333335
7852,303959,0.7036399750125694,0.11100058825104497,6.0,0.5
7853,304012,0.7035883000125716,0.05435680225491524,6.0,0.5333333333333333
7854,304035,0.7035658750125725,0.031602393195498735,6.0,0.5333333333333333
7855,304058,0.7035434500125735,0.026959048147546127,6.0,0.4
7856,304109,0.7034937250125756,0.06341667132801376,6.0,0.43333333333333335
7857,304132,0.7034713000125765,0.026421103480970487,6.0,0.36666666666666664
7858,304183,0.7034215750125786,0.047630040906369686,6.0,0.4
7859,304206,0.7033991500125796,0.02416862957761623,6.0,0.4
7860,304229,0.7033767250125805,0.02914532442810014,6.0,0.4
7861,304252,0.7033543000125815,0.02372256579110399,6.0,0.4
7862,304275,0.7033318750125824,0.020105024334043264,6.0,0.4
7863,304296,0.7033114000125833,0.020530714478809386,6.0,0.36666666666666664
7864,304347,0.7032616750125854,0.0506378703576047,6.0,0.4
7865,304430,0.7031807500125888,0.07919908995972946,6.0,0.43333333333333335
7866,304481,0.703131025012591,0.058317563045420684,6.0,0.4666666666666667
7867,304502,0.7031105500125918,0.0257008470071014,6.0,0.4666666666666667
7868,304618,0.7029974500125966,0.14326911311945878,6.0,0.5666666666666667
7869,304687,0.7029301750125995,0.08693428142578341,6.0,0.5666666666666667
7870,304808,0.7028122000126045,0.13068402619683184,6.0,0.6333333333333333
7871,304878,0.7027439500126074,0.07674954988760874,6.0,0.6666666666666666
7872,304979,0.7026454750126115,0.1068145468016155,6.0,0.7333333333333333
7873,305002,0.7026230500126125,0.03755462702247314,6.0,0.7333333333333333
7874,305025,0.7026006250126134,0.10101840004790574,6.0,0.6666666666666666
7875,305046,0.7025801500126143,0.08220244711264968,6.0,0.6666666666666666
7876,305284,0.7023481000126242,0.7392143256729469,6.0,0.8666666666666667
7877,305334,0.7022993500126262,0.1412498718709685,6.0,0.9
7878,305450,0.702186250012631,0.3161836153594777,6.0,0.9666666666666667
7879,305554,0.7020848500126353,0.22272322798380628,6.0,1.0333333333333334
7880,305607,0.7020331750126375,0.09303086204454303,6.0,1.0
7881,305630,0.7020107500126385,0.047033518785610795,6.0,1.0
7882,305653,0.7019883250126394,0.05181511153932661,6.0,0.9333333333333333
7883,305676,0.7019659000126404,0.04114620800828561,6.0,0.9
7884,305699,0.7019434750126413,0.03987743705511093,6.0,0.9
7885,305722,0.7019210500126423,0.04715695057529956,6.0,0.9
7886,305745,0.7018986250126432,0.03208178374916315,6.0,0.8666666666666667
7887,305768,0.7018762000126442,0.035743780550546944,6.0,0.8666666666666667
7888,305791,0.7018537750126451,0.03468836809042841,6.0,0.8333333333333334
7889,305812,0.701833300012646,0.033176673168782145,6.0,0.8333333333333334
7890,305835,0.7018108750126469,0.03613826911896467,6.0,0.8333333333333334
7891,305858,0.7017884500126479,0.03822575055528432,6.0,0.8333333333333334
7892,305990,0.7016597500126533,0.20695511318626814,6.0,0.9333333333333333
7893,306011,0.7016392750126542,0.026776378334034234,6.0,0.9333333333333333
7894,306034,0.7016168500126552,0.0367844186257571,6.0,0.9
7895,306055,0.701596375012656,0.04666199069470167,6.0,0.8333333333333334
7896,306078,0.701573950012657,0.03524351608939469,6.0,0.8
7897,306101,0.7015515250126579,0.03996291337534785,6.0,0.8
7898,306170,0.7014842500126608,0.11698067170800641,6.0,0.7333333333333333
7899,306193,0.7014618250126617,0.038030959316529334,6.0,0.7
7900,306313,0.7013448250126667,0.18100014625815675,6.0,0.7
7901,306336,0.7013224000126677,0.032292963296640664,6.0,0.6666666666666666
7902,306407,0.7012531750126706,0.09442556009162217,6.0,0.6333333333333333
7903,306479,0.7011829750126736,0.1041887515457347,6.0,0.6666666666666666
7904,306502,0.7011605500126745,0.027870063961017877,6.0,0.6666666666666666
7905,306525,0.7011381250126755,0.02966160312644206,6.0,0.6666666666666666
7906,306548,0.7011157000126764,0.036787473334698007,6.0,0.4666666666666667
7907,306617,0.7010484250126793,0.11270187958143651,6.0,0.4666666666666667
7908,306690,0.7009772500126823,0.10044356441358104,6.0,0.43333333333333335
7909,306711,0.7009567750126832,0.027655174490064383,6.0,0.36666666666666664
7910,306762,0.7009070500126853,0.055912188574438915,6.0,0.36666666666666664
7911,306785,0.7008846250126862,0.023872541467426345,6.0,0.36666666666666664
7912,306808,0.7008622000126872,0.027838384819915518,6.0,0.36666666666666664
7913,306859,0.7008124750126893,0.05419315161998384,6.0,0.4
7914,306880,0.7007920000126902,0.021314756479114294,6.0,0.4
7915,306903,0.7007695750126911,0.02534154523164034,6.0,0.4
7916,306926,0.700747150012692,0.02467479501501657,6.0,0.4
7917,306998,0.700676950012695,0.08706345982500352,6.0,0.43333333333333335
7918,307066,0.7006106500126978,0.09799834864679724,6.0,0.4666666666666667
7919,307139,0.7005394750127009,0.0729704130499158,6.0,0.5
7920,307162,0.7005170500127018,0.02127012930577621,6.0,0.5
7921,307185,0.7004946250127028,0.026877541560679674,6.0,0.5
7922,307238,0.700442950012705,0.05587225308408961,6.0,0.43333333333333335
7923,307261,0.7004205250127059,0.04670213162899017,6.0,0.43333333333333335
7924,307330,0.7003532500127088,0.07682516082422808,6.0,0.4666666666666667
7925,307398,0.7002869500127116,0.07176838937448338,6.0,0.5
7926,307421,0.7002645250127125,0.03351931701763533,6.0,0.5
7927,307444,0.7002421000127135,0.02481182082556188,6.0,0.5
7928,307465,0.7002216250127143,0.022194205230334774,6.0,0.4666666666666667
7929,307488,0.7001992000127153,0.021486584359081462,6.0,0.4666666666666667
7930,307511,0.7001767750127162,0.02428061590762809,6.0,0.4
7931,307611,0.7000792750127204,0.10717599032795988,6.0,0.4666666666666667
7932,307727,0.6999661750127252,0.12637907720636576,6.0,0.5
7933,307858,0.6998384500127306,0.15309089847141877,6.0,0.5666666666666667
7934,307909,0.6997887250127327,0.05021321016829461,6.0,0.6
7935,307932,0.6997663000127337,0.030986061989096925,6.0,0.6
7936,307955,0.6997438750127346,0.0238263487117365,6.0,0.6
7937,307978,0.6997214500127356,0.02397659746930003,6.0,0.5666666666666667
7938,308001,0.6996990250127365,0.020997818268369883,6.0,0.5333333333333333
7939,308097,0.6996054250127405,0.10032868353300728,6.0,0.6
7940,308120,0.6995830000127414,0.021325517795048654,6.0,0.5666666666666667
7941,308143,0.6995605750127424,0.024026848492212594,6.0,0.5666666666666667
7942,308166,0.6995381500127433,0.027054365986259654,6.0,0.5666666666666667
7943,308285,0.6994221250127483,0.12097732294932939,6.0,0.6
7944,308357,0.6993519250127512,0.08416873376700096,6.0,0.6333333333333333
7945,308378,0.6993314500127521,0.02015640595345758,6.0,0.6333333333333333
7946,308447,0.699264175012755,0.07665650750277564,6.0,0.6666666666666666
7947,308519,0.6991939750127579,0.07337294725584798,6.0,0.6666666666666666
7948,308540,0.6991735000127588,0.017883044754853472,6.0,0.6333333333333333
7949,308563,0.6991510750127597,0.026050982589367777,6.0,0.6
7950,308639,0.6990769750127629,0.07934999075951055,6.0,0.6333333333333333
7951,308662,0.6990545500127638,0.026660420204279944,6.0,0.6333333333333333
7952,308764,0.6989551000127681,0.11879444916849025,6.0,0.6666666666666666
7953,308787,0.698932675012769,0.023845752817578614,6.0,0.6666666666666666
7954,308810,0.69891025001277,0.020470904390094802,6.0,0.6333333333333333
7955,308833,0.6988878250127709,0.02477895414631348,6.0,0.6
7956,308856,0.6988654000127719,0.019959579018177465,6.0,0.6
7957,308907,0.698815675012774,0.052510452340357006,6.0,0.6333333333333333
7958,308928,0.6987952000127748,0.01921821347787045,6.0,0.6333333333333333
7959,308951,0.6987727750127758,0.019199258094886318,6.0,0.6333333333333333
7960,308974,0.6987503500127767,0.025563973526004702,6.0,0.6333333333333333
7961,309043,0.6986830750127796,0.06707310923957266,6.0,0.6
7962,309066,0.6986606500127805,0.01953783954377286,6.0,0.5333333333333333
7963,309089,0.6986382250127815,0.025872417143546045,6.0,0.43333333333333335
7964,309140,0.6985885000127836,0.055831384350312874,6.0,0.43333333333333335
7965,309192,0.6985378000127858,0.05573194792668801,6.0,0.4666666666666667
7966,309215,0.6985153750127867,0.019181186653440818,6.0,0.4666666666666667
7967,309238,0.6984929500127877,0.028428021003492177,6.0,0.4666666666666667
7968,309261,0.6984705250127886,0.02042997514945455,6.0,0.4666666666666667
7969,309284,0.6984481000127896,0.019826318079140037,6.0,0.4
7970,309356,0.6983779000127925,0.0828235367371235,6.0,0.43333333333333335
7971,309379,0.6983554750127935,0.023315231286687776,6.0,0.43333333333333335
7972,309400,0.6983350000127944,0.019435380643699318,6.0,0.43333333333333335
7973,309421,0.6983145250127952,0.018384294089628384,6.0,0.36666666666666664
7974,309444,0.6982921000127962,0.02093204075936228,6.0,0.3333333333333333
7975,309613,0.6981273250128032,0.17812227609101683,6.0,0.4666666666666667
7976,309664,0.6980776000128053,0.06696422933600843,6.0,0.4666666666666667
7977,309735,0.6980083750128082,0.08077781109022908,6.0,0.4666666666666667
7978,309758,0.6979859500128092,0.02239244314841926,6.0,0.4666666666666667
7979,309929,0.6978192250128162,0.20324817241635174,6.0,0.6
7980,309952,0.6977968000128172,0.02727061533369124,6.0,0.5666666666666667
7981,309975,0.6977743750128181,0.03511853053350933,6.0,0.5666666666666667
7982,310026,0.6977246500128202,0.1443273462355137,6.0,0.5333333333333333
7983,310049,0.6977022250128212,0.08216854545753449,6.0,0.5333333333333333
7984,310070,0.6976817500128221,0.08852099906653166,6.0,0.5333333333333333
7985,310093,0.697659325012823,0.08267160470131785,6.0,0.5333333333333333
7986,310144,0.6976096000128251,0.16175659338478,6.0,0.5666666666666667
7987,310167,0.6975871750128261,0.07999002479482442,6.0,0.5333333333333333
7988,310190,0.697564750012827,0.07011952355969697,6.0,0.5333333333333333
7989,310211,0.6975442750128279,0.07604056026320904,6.0,0.5333333333333333
7990,310234,0.6975218500128288,0.07346474635414779,6.0,0.5333333333333333
7991,310305,0.6974526250128318,0.25893699703738093,6.0,0.5333333333333333
7992,310328,0.6974302000128327,0.05900769692379981,6.0,0.5333333333333333
7993,310351,0.6974077750128337,0.0758409162517637,6.0,0.5333333333333333
7994,310372,0.6973873000128346,0.052379912056494504,6.0,0.5
7995,310395,0.6973648750128355,0.04558239609468728,6.0,0.4666666666666667
7996,310497,0.6972654250128397,0.2442228498402983,6.0,0.5333333333333333
7997,310579,0.6971854750128431,0.17885994870448485,6.0,0.6
7998,310602,0.6971630500128441,0.054177121084649116,6.0,0.6
7999,310625,0.697140625012845,0.046115961216855794,6.0,0.6
8000,310677,0.6970899250128472,0.11639209813438356,6.0,0.6
8001,310700,0.6970675000128481,0.04346671624807641,6.0,0.6
8002,310817,0.696953425012853,0.24242987239267677,6.0,0.6666666666666666
8003,310840,0.6969310000128539,0.04554681497393176,6.0,0.6666666666666666
8004,310907,0.6968656750128567,0.1340931182494387,6.0,0.7
8005,310930,0.6968432500128576,0.0601815601112321,6.0,0.5666666666666667
8006,310953,0.6968208250128586,0.046452163776848465,6.0,0.5333333333333333
8007,310976,0.6967984000128595,0.07188947102986276,6.0,0.5
8008,310999,0.6967759750128605,0.03968499548500404,6.0,0.5
8009,311120,0.6966580000128655,0.19088551896857098,6.0,0.43333333333333335
8010,311143,0.6966355750128664,0.043190350639633834,6.0,0.43333333333333335
8011,311215,0.6965653750128694,0.11742539401166141,6.0,0.4666666666666667
8012,311356,0.6964279000128752,0.24724247740232386,6.0,0.5666666666666667
8013,311377,0.6964074250128761,0.034552259487099946,6.0,0.5666666666666667
8014,311400,0.6963850000128771,0.040973442199174315,6.0,0.5666666666666667
8015,311423,0.696362575012878,0.030290586000774056,6.0,0.5666666666666667
8016,311637,0.6961539250128869,0.3126312337408308,6.0,0.7
8017,311660,0.6961315000128878,0.04140306205954403,6.0,0.7
8018,311744,0.6960496000128913,0.13179724349174649,6.0,0.7666666666666667
8019,311866,0.6959306500128963,0.19669899076689035,6.0,0.8333333333333334
8020,311887,0.6959101750128972,0.04235165237332694,6.0,0.8333333333333334
8021,312072,0.6957298000129049,0.3301240681030322,6.0,0.9333333333333333
8022,312156,0.6956479000129083,0.1500735513109248,6.0,1.0
8023,312179,0.6956254750129093,0.03253949264762923,6.0,1.0
8024,312200,0.6956050000129101,0.03180591546697542,6.0,1.0
8025,312221,0.695584525012911,0.03256993545801379,6.0,1.0
8026,312293,0.695514325012914,0.11507699472713284,6.0,0.9666666666666667
8027,312316,0.6954919000129149,0.028772951976861805,6.0,0.9
8028,312468,0.6953437000129212,0.2227470837533474,6.0,1.0333333333333334
8029,312491,0.6953212750129222,0.03460936690680683,6.0,1.0333333333333334
8030,312514,0.6952988500129231,0.02721692729392089,6.0,1.0
8031,312537,0.6952764250129241,0.025004862487548962,6.0,1.0
8032,312607,0.695208175012927,0.09526329310028814,6.0,0.9666666666666667
8033,312680,0.69513700001293,0.1053478270478081,6.0,1.0
8034,312701,0.6951165250129309,0.027112266106996685,6.0,0.9666666666666667
8035,312724,0.6950941000129318,0.030261122446972877,6.0,0.9666666666666667
8036,312747,0.6950716750129328,0.027676104800775647,6.0,0.9666666666666667
8037,312770,0.6950492500129337,0.029878562898375094,6.0,0.9666666666666667
8038,312870,0.6949517500129379,0.13645262573845685,6.0,1.0333333333333334
8039,312952,0.6948718000129412,0.10610858027939685,6.0,1.0333333333333334
8040,312975,0.6948493750129422,0.033376656036125496,6.0,1.0333333333333334
8041,313045,0.6947811250129451,0.09799575235228986,6.0,1.0333333333333334
8042,313096,0.6947314000129472,0.05509549684938975,6.0,0.9333333333333333
8043,313199,0.6946309750129515,0.17188462175545283,6.0,1.0
8044,313222,0.6946085500129524,0.047171192592941225,6.0,1.0
8045,313276,0.6945559000129546,0.07156803723773919,6.0,1.0333333333333334
8046,313299,0.6945334750129556,0.024073168373433873,6.0,0.8666666666666667
8047,313322,0.6945110500129565,0.04084263648837805,6.0,0.8666666666666667
8048,313373,0.6944613250129587,0.06880529562477022,6.0,0.8333333333333334
8049,313396,0.6944389000129596,0.03828802291536704,6.0,0.7666666666666667
8050,313419,0.6944164750129606,0.023739018943160772,6.0,0.7666666666666667
8051,313442,0.6943940500129615,0.03783497423864901,6.0,0.6333333333333333
8052,313540,0.6942985000129656,0.1108518248947803,6.0,0.6333333333333333
8053,313563,0.6942760750129665,0.024572923430241644,6.0,0.6333333333333333
8054,313647,0.69419417501297,0.09614591166609898,6.0,0.7
8055,313670,0.6941717500129709,0.04777478892356157,6.0,0.7
8056,313721,0.694122025012973,0.06767335211043246,6.0,0.7
8057,313744,0.694099600012974,0.03132444777293131,6.0,0.7
8058,313767,0.694077175012975,0.02770102769136429,6.0,0.5666666666666667
8059,313790,0.6940547500129759,0.02838164463173598,6.0,0.5666666666666667
8060,313859,0.6939874750129787,0.10957688488997519,6.0,0.6
8061,313882,0.6939650500129797,0.029855170287191868,6.0,0.6
8062,313980,0.6938695000129838,0.11330824843025766,6.0,0.6333333333333333
8063,314031,0.6938197750129859,0.06731815740931779,6.0,0.6333333333333333
8064,314054,0.6937973500129868,0.02723368938313797,6.0,0.6333333333333333
8065,314075,0.6937768750129877,0.019594221317674965,6.0,0.6333333333333333
8066,314098,0.6937544500129886,0.026368065795395523,6.0,0.6333333333333333
8067,314121,0.6937320250129896,0.040387376327998936,6.0,0.6333333333333333
8068,314144,0.6937096000129905,0.04918292857473716,6.0,0.5666666666666667
8069,314165,0.6936891250129914,0.03676175879081711,6.0,0.5
8070,314216,0.6936394000129935,0.061903136083856225,6.0,0.5333333333333333
8071,314239,0.6936169750129945,0.025785828242078424,6.0,0.5
8072,314260,0.6935965000129953,0.02652232116088271,6.0,0.4666666666666667
8073,314283,0.6935740750129963,0.019329236762132496,6.0,0.4
8074,314304,0.6935536000129972,0.021218555863015354,6.0,0.4
8075,314327,0.6935311750129981,0.02140185804455541,6.0,0.36666666666666664
8076,314350,0.693508750012999,0.025504658464342356,6.0,0.36666666666666664
8077,314401,0.6934590250130012,0.05731624408508651,6.0,0.4
8078,314424,0.6934366000130021,0.0257533076510299,6.0,0.36666666666666664
8079,314447,0.6934141750130031,0.02716564293950796,6.0,0.36666666666666664
8080,314577,0.6932874250130084,0.15433072435553186,6.0,0.4666666666666667
8081,314600,0.6932650000130094,0.04120817017974332,6.0,0.4666666666666667
8082,314719,0.6931489750130143,0.13964573299745098,6.0,0.4666666666666667
8083,314794,0.6930758500130174,0.08455823507392779,6.0,0.5
8084,314923,0.6929500750130227,0.1651431868376676,6.0,0.5333333333333333
8085,314946,0.6929276500130237,0.019806941389106214,6.0,0.5333333333333333
8086,314969,0.6929052250130247,0.021365337568568066,6.0,0.5
8087,315018,0.6928574500130267,0.13979424495482817,6.0,0.5333333333333333
8088,315183,0.6926965750130335,0.7263191308593377,6.0,0.6333333333333333
8089,315204,0.6926761000130344,0.07160937308799475,6.0,0.6333333333333333
8090,315278,0.6926039500130374,0.23980138055048883,6.0,0.6333333333333333
8091,315301,0.6925815250130384,0.07025917677674443,6.0,0.6333333333333333
8092,315324,0.6925591000130393,0.0696796711999923,6.0,0.5666666666666667
8093,315347,0.6925366750130403,0.07793922506971285,6.0,0.5333333333333333
8094,315419,0.6924664750130433,0.170204259629827,6.0,0.5666666666666667
8095,315440,0.6924460000130441,0.05757675296626985,6.0,0.5666666666666667
8096,315463,0.6924235750130451,0.05357182276202366,6.0,0.5666666666666667
8097,315484,0.692403100013046,0.06309221487026662,6.0,0.5666666666666667
8098,315507,0.6923806750130469,0.04948641441296786,6.0,0.5666666666666667
8099,315575,0.6923143750130497,0.1899032590445131,6.0,0.6
8100,315678,0.692213950013054,0.2727342029684223,6.0,0.6333333333333333
8101,315762,0.6921320500130574,0.21378580608870834,6.0,0.7
8102,315783,0.6921115750130583,0.04292680788785219,6.0,0.7
8103,315835,0.6920608750130605,0.132655558118131,6.0,0.7333333333333333
8104,315937,0.6919614250130647,0.21050028433091938,6.0,0.8
8105,316041,0.691860025013069,0.25022202951367944,6.0,0.8666666666666667
8106,316113,0.691789825013072,0.15901073580607772,6.0,0.9
8107,316134,0.6917693500130728,0.046946968184784055,6.0,0.8666666666666667
8108,316155,0.6917488750130737,0.03908188606146723,6.0,0.8666666666666667
8109,316178,0.6917264500130746,0.04367230233037844,6.0,0.8666666666666667
8110,316201,0.6917040250130756,0.03847348695853725,6.0,0.7666666666666667
8111,316224,0.6916816000130765,0.05521321215201169,6.0,0.7666666666666667
8112,316247,0.6916591750130775,0.045042457641102374,6.0,0.7
8113,316298,0.6916094500130796,0.0827240057697054,6.0,0.7
8114,316321,0.6915870250130806,0.044496194226667285,6.0,0.6
8115,316372,0.6915373000130827,0.10016208898741752,6.0,0.6333333333333333
8116,316395,0.6915148750130836,0.03872900770511478,6.0,0.6333333333333333
8117,316522,0.6913910500130889,0.1940261261188425,6.0,0.7
8118,316594,0.6913208500130918,0.14229769044322893,6.0,0.6333333333333333
8119,316617,0.6912984250130928,0.054298759321682155,6.0,0.6333333333333333
8120,316768,0.691151200013099,0.27767589630093426,6.0,0.7
8121,316791,0.6911287750131,0.041363470430951566,6.0,0.7
8122,316963,0.6909610750131071,0.28989834734238684,6.0,0.8
8123,316986,0.6909386500131081,0.03576668008463457,6.0,0.8
8124,317009,0.690916225013109,0.032382868928834796,6.0,0.7666666666666667
8125,317134,0.6907943500131142,0.17692512876237743,6.0,0.8333333333333334
8126,317203,0.690727075013117,0.11630314565263689,6.0,0.8666666666666667
8127,317275,0.69065687501312,0.12564054541871883,6.0,0.9
8128,317348,0.690585700013123,0.10966688545886427,6.0,0.9333333333333333
8129,317399,0.6905359750131251,0.07800834177760407,6.0,0.9333333333333333
8130,317523,0.6904150750131303,0.1816708189144265,6.0,0.9333333333333333
8131,317546,0.6903926500131312,0.02972480110474862,6.0,0.8666666666666667
8132,317569,0.6903702250131322,0.02894802065566182,6.0,0.8666666666666667
8133,317620,0.6903205000131343,0.0806322731077671,6.0,0.8666666666666667
8134,317718,0.6902249500131383,0.14719287419575267,6.0,0.8666666666666667
8135,317741,0.6902025250131393,0.03222566703334451,6.0,0.8
8136,317811,0.6901342750131422,0.10160988316056319,6.0,0.8
8137,317834,0.6901118500131431,0.02322600653860718,6.0,0.8
8138,318003,0.6899470750131501,0.21501015627291054,6.0,0.9
8139,318024,0.689926600013151,0.02528029214590788,6.0,0.9
8140,318181,0.6897735250131575,0.2120744485000614,6.0,1.0333333333333334
8141,318204,0.6897511000131584,0.023786862613633275,6.0,1.0333333333333334
8142,318227,0.6897286750131594,0.022038967086700723,6.0,1.0333333333333334
8143,318250,0.6897062500131603,0.02582987811183557,6.0,1.0
8144,318273,0.6896838250131613,0.027885945833986625,6.0,1.0
8145,318296,0.6896614000131622,0.03435913211433217,6.0,0.9666666666666667
8146,318319,0.6896389750131632,0.025022256799275056,6.0,0.9666666666666667
8147,318417,0.6895434250131672,0.10254277198691852,6.0,0.9333333333333333
8148,318491,0.6894712750131703,0.07532605371670797,6.0,0.9333333333333333
8149,318639,0.6893269750131764,0.1962150461913552,6.0,1.0333333333333334
8150,318744,0.6892246000131808,0.13522064848802984,6.0,1.0
8151,318767,0.6892021750131817,0.04020749917253852,6.0,1.0
8152,318788,0.6891817000131826,0.025503540673526004,6.0,0.9
8153,318906,0.6890666500131875,0.15021068349597044,6.0,0.9666666666666667
8154,318929,0.6890442250131884,0.024906459060730413,6.0,0.9666666666666667
8155,318980,0.6889945000131905,0.06926026617293246,6.0,0.9333333333333333
8156,319003,0.6889720750131915,0.027594554849201813,6.0,0.9
8157,319052,0.6889243000131935,0.0537784134503454,6.0,0.9
8158,319075,0.6889018750131944,0.027511890715686604,6.0,0.8666666666666667
8159,319126,0.6888521500131966,0.07089580636238679,6.0,0.8666666666666667
8160,319208,0.6887722000131999,0.09436097796424292,6.0,0.8666666666666667
8161,319231,0.6887497750132009,0.03844497655518353,6.0,0.8666666666666667
8162,319302,0.6886805500132038,0.07214863173430786,6.0,0.9
8163,319403,0.688582075013208,0.12059865533956327,6.0,0.9333333333333333
8164,319524,0.688464100013213,0.17827680916525424,6.0,0.9333333333333333
8165,319547,0.688441675013214,0.023246071970788762,6.0,0.9333333333333333
8166,319598,0.6883919500132161,0.06447120700613596,6.0,0.9333333333333333
8167,319621,0.688369525013217,0.023289602366276085,6.0,0.9333333333333333
8168,319644,0.688347100013218,0.02067601672024466,6.0,0.8333333333333334
8169,319665,0.6883266250132188,0.022965434356592596,6.0,0.8333333333333334
8170,319686,0.6883061500132197,0.022476984129752964,6.0,0.7
8171,319756,0.6882379000132226,0.08338515873765573,6.0,0.7333333333333333
8172,319779,0.6882154750132236,0.0342494448996149,6.0,0.7333333333333333
8173,319880,0.6881170000132277,0.11665333196287975,6.0,0.8
8174,319903,0.6880945750132287,0.02528609527507797,6.0,0.8
8175,320005,0.6879951250132329,0.1361892591812648,6.0,0.8666666666666667
8176,320056,0.687945400013235,0.2732043629512191,6.0,0.9
8177,320079,0.687922975013236,0.12911005970090628,6.0,0.8333333333333334
8178,320102,0.6879005500132369,0.10455978522077203,6.0,0.8
8179,320125,0.6878781250132379,0.08932022145017982,6.0,0.7
8180,320195,0.6878098750132408,0.2928180629387498,6.0,0.6666666666666666
8181,320218,0.6877874500132417,0.07898322201799601,6.0,0.6666666666666666
8182,320241,0.6877650250132427,0.06259697128552943,6.0,0.6666666666666666
8183,320262,0.6877445500132435,0.08223933482076973,6.0,0.6
8184,320285,0.6877221250132445,0.06000675680115819,6.0,0.6
8185,320308,0.6876997000132454,0.06901451188605279,6.0,0.5666666666666667
8186,320331,0.6876772750132464,0.07374474441166967,6.0,0.5666666666666667
8187,320382,0.6876275500132485,0.14809784840326756,6.0,0.5666666666666667
8188,320450,0.6875612500132513,0.18058178067440167,6.0,0.6
8189,320554,0.6874598500132556,0.2526716368156485,6.0,0.6333333333333333
8190,320609,0.6874062250132579,0.12028878292767331,6.0,0.6
8191,320632,0.6873838000132588,0.05563829990569502,6.0,0.6
8192,320653,0.6873633250132597,0.08674971072468907,6.0,0.5666666666666667
8193,320676,0.6873409000132606,0.0563443384016864,6.0,0.5
8194,320772,0.6872473000132646,0.2120410346542485,6.0,0.5
8195,320823,0.6871975750132667,0.11064823938068002,6.0,0.5333333333333333
8196,320892,0.6871303000132696,0.14199445937993005,6.0,0.5333333333333333
8197,320915,0.6871078750132705,0.040806398494169116,6.0,0.5333333333333333
8198,320938,0.6870854500132715,0.050650281365960836,6.0,0.5333333333333333
8199,321061,0.6869655250132766,0.230498441378586,6.0,0.6
8200,321138,0.6868904500132798,0.16718000685796142,6.0,0.6333333333333333
8201,321161,0.6868680250132807,0.05489926092559472,6.0,0.6
8202,321309,0.6867237250132868,0.3312671242165379,6.0,0.7
8203,321332,0.6867013000132878,0.04354834882542491,6.0,0.6333333333333333
8204,321384,0.6866506000132899,0.07984200335340574,6.0,0.6666666666666666
8205,321405,0.6866301250132908,0.05099089699797332,6.0,0.6
8206,321428,0.6866077000132917,0.0396542755770497,6.0,0.5666666666666667
8207,321527,0.6865111750132958,0.19302535679889843,6.0,0.6333333333333333
8208,321550,0.6864887500132968,0.03543817502213642,6.0,0.6333333333333333
8209,321668,0.6863737000133017,0.19628294167341664,6.0,0.7
8210,321740,0.6863035000133046,0.19281612086342648,6.0,0.7
8211,321763,0.6862810750133056,0.043548634042963386,6.0,0.7
8212,321814,0.6862313500133077,0.08948214194970205,6.0,0.7333333333333333
8213,321883,0.6861640750133106,0.1403043864411302,6.0,0.7666666666666667
8214,322001,0.6860490250133154,0.16226535747409798,6.0,0.8333333333333334
8215,322022,0.6860285500133163,0.054280417039990425,6.0,0.8333333333333334
8216,322045,0.6860061250133173,0.03633987583452836,6.0,0.8333333333333334
8217,322066,0.6859856500133181,0.039992519945371896,6.0,0.8
8218,322087,0.685965175013319,0.047280124155804515,6.0,0.7666666666666667
8219,322110,0.68594275001332,0.03065636847168207,6.0,0.7
8220,322133,0.6859203250133209,0.03349264687858522,6.0,0.6666666666666666
8221,322156,0.6858979000133218,0.041420522378757596,6.0,0.6666666666666666
8222,322179,0.6858754750133228,0.03185021685203537,6.0,0.6666666666666666
8223,322202,0.6858530500133238,0.03640537365572527,6.0,0.6666666666666666
8224,322225,0.6858306250133247,0.024416875559836626,6.0,0.6
8225,322355,0.6857038750133301,0.16121306002605706,6.0,0.6666666666666666
8226,322378,0.685681450013331,0.03275592255522497,6.0,0.6333333333333333
8227,322401,0.685659025013332,0.039171165466541424,6.0,0.6333333333333333
8228,322499,0.685563475013336,0.14009145059389994,6.0,0.7
8229,322570,0.685494250013339,0.07323031639680266,6.0,0.6666666666666666
8230,322593,0.6854718250133399,0.0360539456596598,6.0,0.6333333333333333
8231,322616,0.6854494000133409,0.03453572894795798,6.0,0.6333333333333333
8232,322639,0.6854269750133418,0.028245060617337003,6.0,0.5333333333333333
8233,322662,0.6854045500133428,0.033086654904764146,6.0,0.5333333333333333
8234,322782,0.6852875500133477,0.14257555853691883,6.0,0.5666666666666667
8235,322853,0.6852183250133507,0.07825230128946714,6.0,0.6
8236,322876,0.6851959000133516,0.028156831685919315,6.0,0.6
8237,322899,0.6851734750133526,0.029062558664008975,6.0,0.5333333333333333
8238,322952,0.6851218000133548,0.07261652068700641,6.0,0.5666666666666667
8239,322973,0.6851013250133556,0.024033717229031026,6.0,0.5
8240,323147,0.6849316750133628,0.19554953958140686,6.0,0.6
8241,323266,0.6848156500133677,0.1419782594020944,6.0,0.6666666666666666
8242,323289,0.6847932250133687,0.03027981167542748,6.0,0.6333333333333333
8243,323340,0.6847435000133708,0.06863225551205687,6.0,0.6333333333333333
8244,323363,0.6847210750133718,0.03406614827690646,6.0,0.5666666666666667
8245,323386,0.6846986500133727,0.02920016780262813,6.0,0.5666666666666667
8246,323409,0.6846762250133737,0.024556170217692852,6.0,0.5666666666666667
8247,323460,0.6846265000133758,0.0524739867541939,6.0,0.6
8248,323481,0.6846060250133766,0.02712586330017075,6.0,0.6
8249,323504,0.6845836000133776,0.023755483067361638,6.0,0.6
8250,323527,0.6845611750133785,0.025435119401663542,6.0,0.6
8251,323550,0.6845387500133795,0.021410744899185374,6.0,0.6
8252,323571,0.6845182750133804,0.042245450895279646,6.0,0.6
8253,323594,0.6844958500133813,0.034921547572594136,6.0,0.6
8254,323615,0.6844753750133822,0.03917669039219618,6.0,0.6
8255,323638,0.6844529500133831,0.024028864165302366,6.0,0.5
8256,323661,0.6844305250133841,0.02333499159431085,6.0,0.5
8257,323682,0.684410050013385,0.026210950047243387,6.0,0.5
8258,323750,0.6843437500133878,0.08017976596602239,6.0,0.4666666666666667
8259,323773,0.6843213250133887,0.027612205361947417,6.0,0.43333333333333335
8260,323873,0.6842238250133929,0.12492249603383243,6.0,0.5
8261,323896,0.6842014000133938,0.028159228735603392,6.0,0.5
8262,324011,0.6840892750133986,0.16458883191808127,6.0,0.5666666666666667
8263,324062,0.6840395500134007,0.06340588856255636,6.0,0.6
8264,324085,0.6840171250134016,0.02433029908570461,6.0,0.5333333333333333
8265,324207,0.6838981750134067,0.16414596841786988,6.0,0.5666666666666667
8266,324230,0.6838757500134076,0.03675930621102452,6.0,0.5666666666666667
8267,324279,0.6838279750134096,0.05297407673788257,6.0,0.6
8268,324351,0.6837577750134126,0.11306592266191728,6.0,0.6
8269,324402,0.6837080500134147,0.09379592546611093,6.0,0.6333333333333333
8270,324425,0.6836856250134157,0.025181887205690145,6.0,0.5
8271,324509,0.6836037250134192,0.1342299933603499,6.0,0.5
8272,324532,0.6835813000134201,0.029962206492200494,6.0,0.5
8273,324601,0.683514025013423,0.09222191773005761,6.0,0.5
8274,324669,0.6834477250134258,0.0699526145181153,6.0,0.5333333333333333
8275,324741,0.6833775250134287,0.1118454608367756,6.0,0.5666666666666667
8276,324825,0.6832956250134322,0.1227417549234815,6.0,0.6333333333333333
8277,324945,0.6831786250134372,0.1568680068012327,6.0,0.6666666666666666
8278,325157,0.682971925013446,0.7964228650380392,6.0,0.8333333333333334
8279,325180,0.6829495000134469,0.09268449200317264,6.0,0.8333333333333334
8280,325203,0.6829270750134478,0.09983209520578384,6.0,0.8333333333333334
8281,325226,0.6829046500134488,0.09634861373342574,6.0,0.8333333333333334
8282,325249,0.6828822250134498,0.09695856075268239,6.0,0.8333333333333334
8283,325318,0.6828149500134526,0.25052535766735673,6.0,0.8666666666666667
8284,325341,0.6827925250134536,0.07293804601067677,6.0,0.8666666666666667
8285,325364,0.6827701000134545,0.05880453891586512,6.0,0.8666666666666667
8286,325387,0.6827476750134555,0.07792918931227177,6.0,0.8666666666666667
8287,325410,0.6827252500134564,0.07674037932883948,6.0,0.8666666666666667
8288,325433,0.6827028250134574,0.08177407190669328,6.0,0.8333333333333334
8289,325456,0.6826804000134583,0.06804756313795224,6.0,0.8333333333333334
8290,325479,0.6826579750134593,0.05539868801133707,6.0,0.7666666666666667
8291,325502,0.6826355500134602,0.060459872882347554,6.0,0.7666666666666667
8292,325523,0.6826150750134611,0.07593368203379214,6.0,0.7
8293,325544,0.682594600013462,0.05145685328170657,6.0,0.6666666666666666
8294,325567,0.6825721750134629,0.054793334333226085,6.0,0.6666666666666666
8295,325590,0.6825497500134639,0.08331413142150268,6.0,0.6
8296,325613,0.6825273250134648,0.05315349093871191,6.0,0.6
8297,325636,0.6825049000134658,0.053466597688384354,6.0,0.5666666666666667
8298,325659,0.6824824750134667,0.048986565321683884,6.0,0.5333333333333333
8299,325728,0.6824152000134696,0.20297956763533875,6.0,0.5333333333333333
8300,325751,0.6823927750134705,0.04513267189031467,6.0,0.5333333333333333
8301,325774,0.6823703500134715,0.04462513234466314,6.0,0.4666666666666667
8302,325795,0.6823498750134723,0.06210096675204113,6.0,0.4666666666666667
8303,325816,0.6823294000134732,0.041625053010648116,6.0,0.43333333333333335
8304,325837,0.6823089250134741,0.08177107851952314,6.0,0.4
8305,325860,0.682286500013475,0.05854061362333596,6.0,0.36666666666666664
8306,325883,0.682264075013476,0.05844887351850048,6.0,0.3
8307,325906,0.6822416500134769,0.04515546734910458,6.0,0.23333333333333334
8308,325957,0.682191925013479,0.09376321971649304,6.0,0.1
8309,326010,0.6821402500134812,0.1090939806890674,6.0,0.13333333333333333
8310,326033,0.6821178250134822,0.0694123724824749,6.0,0.13333333333333333
8311,326056,0.6820954000134831,0.0479909309069626,6.0,0.13333333333333333
8312,326079,0.6820729750134841,0.038933114672545344,6.0,0.13333333333333333
8313,326102,0.682050550013485,0.03622083825757727,6.0,0.1
8314,326125,0.682028125013486,0.03499952360289171,6.0,0.1
8315,326146,0.6820076500134868,0.06002357421675697,6.0,0.1
8316,326169,0.6819852250134878,0.03664206195389852,6.0,0.1
8317,326220,0.6819355000134899,0.08779317900189199,6.0,0.13333333333333333
8318,326289,0.6818682250134928,0.1134150315192528,6.0,0.16666666666666666
8319,326406,0.6817541500134976,0.19572811212856323,6.0,0.23333333333333334
8320,326459,0.6817024750134998,0.07405338366515934,6.0,0.26666666666666666
8321,326482,0.6816800500135007,0.0449961997801438,6.0,0.26666666666666666
8322,326505,0.6816576250135017,0.036691502697067335,6.0,0.26666666666666666
8323,326576,0.6815884000135046,0.11001185301574878,6.0,0.3
8324,326627,0.6815386750135067,0.07251844703569077,6.0,0.3333333333333333
8325,326732,0.6814363000135111,0.177402205998078,6.0,0.4
8326,326830,0.6813407500135151,0.1324796289554797,6.0,0.4666666666666667
8327,326930,0.6812432500135193,0.16301630751695484,6.0,0.5333333333333333
8328,326951,0.6812227750135201,0.02794616564642638,6.0,0.5333333333333333
8329,326974,0.6812003500135211,0.03221521055093035,6.0,0.5
8330,326997,0.681177925013522,0.028849512280430645,6.0,0.5
8331,327020,0.681155500013523,0.03080899704946205,6.0,0.5
8332,327043,0.6811330750135239,0.02994199190288782,6.0,0.5
8333,327066,0.6811106500135249,0.03769595408812165,6.0,0.5
8334,327119,0.6810589750135271,0.0623988620354794,6.0,0.5333333333333333
8335,327223,0.6809575750135314,0.1272533757146448,6.0,0.6
8336,327307,0.6808756750135349,0.1291657290130388,6.0,0.6666666666666666
8337,327330,0.6808532500135358,0.03962188394507393,6.0,0.6666666666666666
8338,327353,0.6808308250135368,0.03871665452606976,6.0,0.6333333333333333
8339,327376,0.6808084000135377,0.031294913846068084,6.0,0.6
8340,327397,0.6807879250135386,0.030631716072093695,6.0,0.6
8341,327469,0.6807177250135416,0.09460114853573032,6.0,0.6333333333333333
8342,327492,0.6806953000135425,0.0272836260846816,6.0,0.6333333333333333
8343,327515,0.6806728750135435,0.0559473384055309,6.0,0.6333333333333333
8344,327538,0.6806504500135444,0.033935789251700044,6.0,0.6333333333333333
8345,327561,0.6806280250135454,0.0368232034961693,6.0,0.6333333333333333
8346,327630,0.6805607500135482,0.08561390222166665,6.0,0.6666666666666666
8347,327653,0.6805383250135492,0.02451331925112754,6.0,0.6333333333333333
8348,327676,0.6805159000135501,0.025896039383951575,6.0,0.6
8349,327725,0.6804681250135521,0.08568500343244523,6.0,0.5666666666666667
8350,327799,0.6803959750135552,0.10737234819680452,6.0,0.5666666666666667
8351,327822,0.6803735500135561,0.03036531142424792,6.0,0.5666666666666667
8352,327845,0.6803511250135571,0.03382744934060611,6.0,0.5666666666666667
8353,327916,0.68028190001356,0.09750032695592381,6.0,0.5666666666666667
8354,327939,0.680259475013561,0.030760665249545127,6.0,0.5333333333333333
8355,328055,0.6801463750135658,0.1411847256240435,6.0,0.5333333333333333
8356,328126,0.6800771500135687,0.08413776123779826,6.0,0.5
8357,328147,0.6800566750135696,0.02690905862255022,6.0,0.43333333333333335
8358,328170,0.6800342500135705,0.029897132568294182,6.0,0.43333333333333335
8359,328193,0.6800118250135715,0.028452816826757044,6.0,0.43333333333333335
8360,328216,0.6799894000135724,0.03094551945105195,6.0,0.43333333333333335
8361,328267,0.6799396750135746,0.06749414728255942,6.0,0.4666666666666667
8362,328385,0.6798246250135794,0.1527292831451632,6.0,0.5333333333333333
8363,328481,0.6797310250135834,0.13307140819961205,6.0,0.6
8364,328504,0.6797086000135844,0.0328811468789354,6.0,0.5666666666666667
8365,328527,0.6796861750135853,0.029901945701567456,6.0,0.5
8366,328550,0.6796637500135863,0.026160533248912543,6.0,0.43333333333333335
8367,328573,0.6796413250135872,0.02457121532643214,6.0,0.43333333333333335
8368,328596,0.6796189000135882,0.03243538620881736,6.0,0.43333333333333335
8369,328694,0.6795233500135922,0.12044740613782778,6.0,0.5
8370,328717,0.6795009250135932,0.03448851194116287,6.0,0.5
8371,328740,0.6794785000135941,0.023532439721748233,6.0,0.4666666666666667
8372,328763,0.6794560750135951,0.03962338718702085,6.0,0.4666666666666667
8373,328786,0.679433650013596,0.02546788172912784,6.0,0.4666666666666667
8374,328809,0.679411225013597,0.02550459891790524,6.0,0.4666666666666667
8375,328858,0.679363450013599,0.059674067568266764,6.0,0.5
8376,328881,0.6793410250135999,0.034003491746261716,6.0,0.4666666666666667
8377,328904,0.6793186000136009,0.038037775782868266,6.0,0.4666666666666667
8378,328955,0.679268875013603,0.06383237580303103,6.0,0.5
8379,328978,0.679246450013604,0.02496865438297391,6.0,0.4666666666666667
8380,329001,0.6792240250136049,0.0256869308068417,6.0,0.43333333333333335
8381,329024,0.6792016000136059,0.025306634313892573,6.0,0.43333333333333335
8382,329047,0.6791791750136068,0.02786571954493411,6.0,0.43333333333333335
8383,329070,0.6791567500136078,0.022145204013213515,6.0,0.4
8384,329166,0.6790631500136117,0.10204014513874426,6.0,0.4666666666666667
8385,329189,0.6790407250136127,0.02729566636844538,6.0,0.4
8386,329240,0.6789910000136148,0.04996039962861687,6.0,0.4
8387,329340,0.6788935000136189,0.11730610561789945,6.0,0.4666666666666667
8388,329361,0.6788730250136198,0.032124840683536604,6.0,0.4666666666666667
8389,329430,0.6788057500136226,0.101698395825224,6.0,0.5
8390,329453,0.6787833250136236,0.029600852343719453,6.0,0.5
8391,329476,0.6787609000136245,0.02249841674347408,6.0,0.4666666666666667
8392,329499,0.6787384750136255,0.028199776977999136,6.0,0.4
8393,329520,0.6787180000136264,0.02095616582664661,6.0,0.3333333333333333
8394,329543,0.6786955750136273,0.025819149042945355,6.0,0.3333333333333333
8395,329566,0.6786731500136283,0.049159173329826444,6.0,0.3333333333333333
8396,329589,0.6786507250136292,0.03186060706502758,6.0,0.3333333333333333
8397,329661,0.6785805250136322,0.11891210940666497,6.0,0.36666666666666664
8398,329684,0.6785581000136331,0.024326969141839072,6.0,0.36666666666666664
8399,329785,0.6784596250136373,0.15008130768546835,6.0,0.36666666666666664
8400,329860,0.6783865000136404,0.09698467946145684,6.0,0.4
8401,329883,0.6783640750136414,0.032071386638563126,6.0,0.4
8402,329904,0.6783436000136422,0.02337125560734421,6.0,0.4
8403,329927,0.6783211750136432,0.028294887219090015,6.0,0.4
8404,329950,0.6782987500136441,0.02464832182158716,6.0,0.4
8405,330019,0.678231475013647,0.18702590951579623,6.0,0.4
8406,330042,0.678209050013648,0.13067488104570657,6.0,0.4
8407,330065,0.6781866250136489,0.0962558276951313,6.0,0.4
8408,330115,0.678137875013651,0.2763357135700062,6.0,0.4
8409,330166,0.6780881500136531,0.24030162009876221,6.0,0.43333333333333335
8410,330237,0.678018925013656,0.2422864376567304,6.0,0.4666666666666667
8411,330260,0.677996500013657,0.07165821554372087,6.0,0.4666666666666667
8412,330281,0.6779760250136578,0.061519859882537276,6.0,0.4666666666666667
8413,330304,0.6779536000136588,0.07207729492802173,6.0,0.4666666666666667
8414,330327,0.6779311750136597,0.0797225225251168,6.0,0.4
8415,330350,0.6779087500136607,0.057722250116057694,6.0,0.4
8416,330401,0.6778590250136628,0.16894907993264496,6.0,0.4
8417,330520,0.6777430000136677,0.3410989647381939,6.0,0.4
8418,330543,0.6777205750136687,0.0550923312548548,6.0,0.4
8419,330566,0.6776981500136696,0.06207873427774757,6.0,0.36666666666666664
8420,330589,0.6776757250136706,0.04426880337996408,6.0,0.36666666666666664
8421,330740,0.6775285000136768,0.3410675463383086,6.0,0.4666666666666667
8422,330761,0.6775080250136777,0.05219767463859171,6.0,0.4666666666666667
8423,330833,0.6774378250136807,0.13926244410686195,6.0,0.5
8424,330856,0.6774154000136816,0.04506286629475653,6.0,0.5
8425,330879,0.6773929750136826,0.049807349569164217,6.0,0.5
8426,330902,0.6773705500136835,0.043794514320325106,6.0,0.5
8427,330923,0.6773500750136844,0.06154539412818849,6.0,0.4666666666666667
8428,330991,0.6772837750136872,0.17082766897510737,6.0,0.5
8429,331110,0.6771677500136921,0.20611944590928033,6.0,0.5
8430,331131,0.677147275013693,0.037471489573363215,6.0,0.4666666666666667
8431,331154,0.6771248500136939,0.034227054682560265,6.0,0.4666666666666667
8432,331302,0.6769805500137,0.2542967308254447,6.0,0.5666666666666667
8433,331471,0.676815775013707,0.30894430505577475,6.0,0.6666666666666666
8434,331494,0.676793350013708,0.025977839541155845,6.0,0.6666666666666666
8435,331517,0.676770925013709,0.05886118212947622,6.0,0.6333333333333333
8436,331568,0.676721200013711,0.09063250676263124,6.0,0.6666666666666666
8437,331591,0.676698775013712,0.028988441452383995,6.0,0.6666666666666666
8438,331642,0.6766490500137141,0.08138691243948415,6.0,0.6666666666666666
8439,331665,0.6766266250137151,0.030594793788623065,6.0,0.6333333333333333
8440,331686,0.6766061500137159,0.028391623025527224,6.0,0.6
8441,331709,0.6765837250137169,0.057005045178812,6.0,0.6
8442,331732,0.6765613000137178,0.037521549384109676,6.0,0.6
8443,331871,0.6764257750137236,0.22147606394719332,6.0,0.7333333333333333
8444,331923,0.6763750750137257,0.07679198437836021,6.0,0.7666666666666667
8445,331946,0.6763526500137267,0.05742910772096366,6.0,0.7666666666666667
8446,331969,0.6763302250137276,0.04270984564209357,6.0,0.7333333333333333
8447,331992,0.6763078000137286,0.03007066244026646,6.0,0.6666666666666666
8448,332013,0.6762873250137295,0.031233347428496927,6.0,0.6666666666666666
8449,332036,0.6762649000137304,0.05076309328433126,6.0,0.6666666666666666
8450,332059,0.6762424750137314,0.04107364994706586,6.0,0.6666666666666666
8451,332110,0.6761927500137335,0.08026241196785122,6.0,0.6
8452,332133,0.6761703250137344,0.04717230919050053,6.0,0.6
8453,332202,0.6761030500137373,0.1094743448193185,6.0,0.6
8454,332317,0.675990925013742,0.16466572316130623,6.0,0.7
8455,332417,0.6758934250137462,0.1726614770886954,6.0,0.7666666666666667
8456,332488,0.6758242000137491,0.09600932348985225,6.0,0.8
8457,332558,0.675755950013752,0.08476896295906045,6.0,0.8333333333333334
8458,332581,0.675733525013753,0.03327722568064928,6.0,0.8
8459,332650,0.6756662500137558,0.09584613775950857,6.0,0.7666666666666667
8460,332671,0.6756457750137567,0.03640318353427574,6.0,0.7666666666666667
8461,332694,0.6756233500137576,0.04148881806759164,6.0,0.7666666666666667
8462,332790,0.6755297500137616,0.160006215039175,6.0,0.7333333333333333
8463,332811,0.6755092750137625,0.028216246340889484,6.0,0.6333333333333333
8464,332834,0.6754868500137634,0.024072519736364484,6.0,0.6333333333333333
8465,332857,0.6754644250137644,0.04768848785897717,6.0,0.6333333333333333
8466,332880,0.6754420000137653,0.02156754958559759,6.0,0.6
8467,332901,0.6754215250137662,0.03175557212671265,6.0,0.6
8468,333066,0.675260650013773,0.21964629969443195,6.0,0.6666666666666666
8469,333115,0.675212875013775,0.07536174030974507,6.0,0.7
8470,333286,0.6750461500137821,0.25884395188768394,6.0,0.8333333333333334
8471,333435,0.6749008750137883,0.29143903267686255,6.0,0.9333333333333333
8472,333458,0.6748784500137892,0.03885825170436874,6.0,0.9333333333333333
8473,333481,0.6748560250137902,0.029792105371598154,6.0,0.8
8474,333504,0.6748336000137911,0.048158975259866565,6.0,0.7666666666666667
8475,333527,0.6748111750137921,0.04400287347380072,6.0,0.7666666666666667
8476,333550,0.674788750013793,0.03746603065519594,6.0,0.7666666666666667
8477,333573,0.674766325013794,0.029734549345448613,6.0,0.7666666666666667
8478,333624,0.6747166000137961,0.08333511429373175,6.0,0.8
8479,333647,0.674694175013797,0.07358503871364519,6.0,0.8
8480,333700,0.6746425000137992,0.08243331284029409,6.0,0.8333333333333334
8481,333723,0.6746200750138002,0.02499392378376797,6.0,0.8
8482,333746,0.6745976500138011,0.028555041702929884,6.0,0.8
8483,333816,0.674529400013804,0.09220872278092429,6.0,0.8
8484,333839,0.674506975013805,0.020500076847383752,6.0,0.7
8485,333939,0.6744094750138091,0.1361097913759295,6.0,0.7
8486,334010,0.674340250013812,0.10810766494250856,6.0,0.7
8487,334130,0.674223250013817,0.24187461100518703,6.0,0.7333333333333333
8488,334285,0.6740721250138234,0.2241827347315848,6.0,0.8333333333333334
8489,334336,0.6740224000138255,0.07263396904454567,6.0,0.8333333333333334
8490,334359,0.6739999750138265,0.031919748813379556,6.0,0.8333333333333334
8491,334443,0.6739180750138299,0.11567933391779661,6.0,0.9
8492,334512,0.6738508000138328,0.10571761298342608,6.0,0.8666666666666667
8493,334535,0.6738283750138337,0.04867968457983807,6.0,0.8666666666666667
8494,334558,0.6738059500138347,0.03161227304372005,6.0,0.8666666666666667
8495,334579,0.6737854750138356,0.027366408408852294,6.0,0.8666666666666667
8496,334602,0.6737630500138365,0.0318312383024022,6.0,0.8666666666666667
8497,334623,0.6737425750138374,0.037194318836554885,6.0,0.8666666666666667
8498,334674,0.6736928500138395,0.07392653604620136,6.0,0.8
8499,334697,0.6736704250138404,0.024883897218387574,6.0,0.7666666666666667
8500,334720,0.6736480000138414,0.040605136076919734,6.0,0.6333333333333333
8501,334802,0.6735680500138448,0.11109736739308573,6.0,0.6
8502,334934,0.6734393500138502,0.23183399069239385,6.0,0.7
8503,334957,0.6734169250138512,0.04163234418956563,6.0,0.7
8504,334980,0.6733945000138521,0.04567297419998795,6.0,0.7
8505,335003,0.6733720750138531,0.04801718212547712,6.0,0.7
8506,335072,0.673304800013856,0.3690495335031301,6.0,0.7333333333333333
8507,335095,0.6732823750138569,0.12183604994788766,6.0,0.7333333333333333
8508,335118,0.6732599500138579,0.10719380562659353,6.0,0.7
8509,335139,0.6732394750138587,0.09313860349357128,6.0,0.7
8510,335190,0.6731897500138608,0.2448225620901212,6.0,0.7
8511,335262,0.6731195500138638,0.2691805954091251,6.0,0.7333333333333333
8512,335285,0.6730971250138648,0.06523871945682913,6.0,0.7333333333333333
8513,335308,0.6730747000138657,0.06668945896672085,6.0,0.7
8514,335359,0.6730249750138678,0.16716723062563688,6.0,0.7333333333333333
8515,335382,0.6730025500138688,0.059311301447451115,6.0,0.6666666666666666
8516,335405,0.6729801250138697,0.06677201204001904,6.0,0.6333333333333333
8517,335475,0.6729118750138726,0.19696040375856683,6.0,0.6
8518,335496,0.6728914000138735,0.046528617735020816,6.0,0.5
8519,335519,0.6728689750138744,0.05447372159687802,6.0,0.4666666666666667
8520,335570,0.6728192500138765,0.14530406752601266,6.0,0.5
8521,335639,0.6727519750138794,0.17449491284787655,6.0,0.4666666666666667
8522,335690,0.6727022500138815,0.14924579195212573,6.0,0.4666666666666667
8523,335743,0.6726505750138837,0.12078789935912937,6.0,0.5
8524,335766,0.6726281500138847,0.050414338475093246,6.0,0.5
8525,335789,0.6726057250138856,0.04884275211952627,6.0,0.5
8526,335840,0.6725560000138877,0.11211789899971336,6.0,0.5333333333333333
8527,335863,0.6725335750138887,0.042267702345270663,6.0,0.5333333333333333
8528,335886,0.6725111500138896,0.03217345289885998,6.0,0.5
8529,335956,0.6724429000138925,0.12740852806018665,6.0,0.5333333333333333
8530,336008,0.6723922000138947,0.11446451622759923,6.0,0.5666666666666667
8531,336077,0.6723249250138975,0.12497637793421745,6.0,0.5333333333333333
8532,336151,0.6722527750139006,0.1431840064469725,6.0,0.4666666666666667
8533,336172,0.6722323000139014,0.03349698783131316,6.0,0.4666666666666667
8534,336223,0.6721825750139035,0.084996119257994,6.0,0.5
8535,336244,0.6721621000139044,0.03959835140267387,6.0,0.5
8536,336394,0.6720158500139106,0.2961847062106244,6.0,0.5666666666666667
8537,336445,0.6719661250139127,0.09504306828603148,6.0,0.6
8538,336466,0.6719456500139136,0.03372005798155442,6.0,0.6
8539,336489,0.6719232250139145,0.047677800292149186,6.0,0.6
8540,336541,0.6718725250139167,0.08659219916444272,6.0,0.6
8541,336660,0.6717565000139216,0.18603283850825392,6.0,0.6333333333333333
8542,336681,0.6717360250139225,0.02541526861023158,6.0,0.6333333333333333
8543,336858,0.6715634500139298,0.2728945472917985,6.0,0.8
8544,336881,0.6715410250139308,0.03604494727915153,6.0,0.7666666666666667
8545,336902,0.6715205500139316,0.039882469456642866,6.0,0.7666666666666667
8546,336925,0.6714981250139326,0.036643257131800056,6.0,0.7666666666666667
8547,336948,0.6714757000139335,0.032696833834052086,6.0,0.7333333333333333
8548,336971,0.6714532750139345,0.0379564676550217,6.0,0.7333333333333333
8549,337090,0.6713372500139394,0.1888918183685746,6.0,0.8
8550,337113,0.6713148250139404,0.04619266284862533,6.0,0.7666666666666667
8551,337164,0.6712651000139425,0.07347762220888399,6.0,0.7666666666666667
8552,337214,0.6712163500139445,0.07564054481917992,6.0,0.7666666666666667
8553,337237,0.6711939250139455,0.04071180894970894,6.0,0.7333333333333333
8554,337258,0.6711734500139463,0.03447527310345322,6.0,0.7333333333333333
8555,337358,0.6710759500139505,0.1730003299890086,6.0,0.8
8556,337381,0.6710535250139514,0.027322970243403688,6.0,0.7666666666666667
8557,337450,0.6709862500139543,0.11905746185220778,6.0,0.8
8558,337473,0.6709638250139552,0.038706298568286,6.0,0.8
8559,337494,0.6709433500139561,0.019985706836450845,6.0,0.7666666666666667
8560,337515,0.670922875013957,0.029488769738236442,6.0,0.7333333333333333
8561,337538,0.6709004500139579,0.034921371610835195,6.0,0.7
8562,337656,0.6707854000139628,0.18127769109560177,6.0,0.7333333333333333
8563,337679,0.6707629750139638,0.04300209795474075,6.0,0.7333333333333333
8564,337700,0.6707425000139646,0.04685548841371201,6.0,0.7
8565,337721,0.6707220250139655,0.02599168082815595,6.0,0.7
8566,337744,0.6706996000139664,0.02653186712996103,6.0,0.6
8567,337767,0.6706771750139674,0.02976497111376375,6.0,0.5666666666666667
8568,337790,0.6706547500139683,0.046963012719061226,6.0,0.5666666666666667
8569,337888,0.6705592000139724,0.14445368209271692,6.0,0.6333333333333333
8570,337911,0.6705367750139734,0.028975753375561908,6.0,0.6
8571,337962,0.6704870500139755,0.0802952473750338,6.0,0.5666666666666667
8572,337983,0.6704665750139763,0.02849245711695403,6.0,0.5666666666666667
8573,338006,0.6704441500139773,0.032612113311188295,6.0,0.4
8574,338029,0.6704217250139782,0.053229542274493724,6.0,0.4
8575,338080,0.6703720000139803,0.06673791067441925,6.0,0.43333333333333335
8576,338150,0.6703037500139832,0.09657097252784297,6.0,0.4666666666666667
8577,338269,0.6701877250139882,0.16204567984095775,6.0,0.5333333333333333
8578,338320,0.6701380000139903,0.06091951348935254,6.0,0.5666666666666667
8579,338343,0.6701155750139912,0.0366958761587739,6.0,0.5
8580,338414,0.6700463500139942,0.12871442514006048,6.0,0.5333333333333333
8581,338437,0.6700239250139951,0.03342416961095296,6.0,0.5
8582,338460,0.670001500013996,0.03850645088823512,6.0,0.4666666666666667
8583,338483,0.669979075013997,0.031017055123811588,6.0,0.4666666666666667
8584,338565,0.6698991250140004,0.1271109256776981,6.0,0.5333333333333333
8585,338588,0.6698767000140013,0.02851069497410208,6.0,0.4666666666666667
8586,338611,0.6698542750140023,0.03444872036925517,6.0,0.4666666666666667
8587,338634,0.6698318500140032,0.03707939121522941,6.0,0.43333333333333335
8588,338701,0.669766525014006,0.08337928290711716,6.0,0.4666666666666667
8589,338724,0.669744100014007,0.03650500427465886,6.0,0.4666666666666667
8590,338747,0.6697216750140079,0.04403634346090257,6.0,0.4666666666666667
8591,338770,0.6696992500140089,0.031057295942446217,6.0,0.4666666666666667
8592,338793,0.6696768250140098,0.02766003954457119,6.0,0.4
8593,338816,0.6696544000140108,0.033137279737275094,6.0,0.4
8594,338839,0.6696319750140117,0.02600433796760626,6.0,0.4
8595,338908,0.6695647000140146,0.09801522229099646,6.0,0.43333333333333335
8596,338931,0.6695422750140155,0.038115969276987016,6.0,0.43333333333333335
8597,338954,0.6695198500140165,0.024974347179522738,6.0,0.43333333333333335
8598,338977,0.6694974250140174,0.03321144910296425,6.0,0.43333333333333335
8599,339000,0.6694750000140184,0.03187089430866763,6.0,0.36666666666666664
8600,339144,0.6693346000140243,0.2072510916623287,6.0,0.4666666666666667
8601,339167,0.6693121750140253,0.033854939334560186,6.0,0.43333333333333335
8602,339190,0.6692897500140262,0.027743179525714368,6.0,0.43333333333333335
8603,339213,0.6692673250140272,0.029447368520777673,6.0,0.43333333333333335
8604,339234,0.6692468500140281,0.02522429308737628,6.0,0.43333333333333335
8605,339257,0.669224425014029,0.028080208983737975,6.0,0.4
8606,339280,0.66920200001403,0.02951300356653519,6.0,0.36666666666666664
8607,339303,0.6691795750140309,0.03293671243591234,6.0,0.3
8608,339326,0.6691571500140319,0.019804180366918445,6.0,0.26666666666666666
8609,339349,0.6691347250140328,0.025311049190349877,6.0,0.26666666666666666
8610,339370,0.6691142500140337,0.02621990261832252,6.0,0.23333333333333334
8611,339393,0.6690918250140346,0.024453923280816525,6.0,0.23333333333333334
8612,339414,0.6690713500140355,0.034839981875848025,6.0,0.23333333333333334
8613,339437,0.6690489250140365,0.02755386964417994,6.0,0.23333333333333334
8614,339460,0.6690265000140374,0.028984440374188125,6.0,0.16666666666666666
8615,339579,0.6689104750140423,0.1453553589526564,6.0,0.23333333333333334
8616,339630,0.6688607500140444,0.053271304845111445,6.0,0.26666666666666666
8617,339682,0.6688100500140466,0.05671640334185213,6.0,0.3
8618,339705,0.6687876250140475,0.028418981906725094,6.0,0.26666666666666666
8619,339728,0.6687652000140485,0.021625755907734856,6.0,0.26666666666666666
8620,339751,0.6687427750140494,0.022892886423505843,6.0,0.26666666666666666
8621,339802,0.6686930500140515,0.06156631524208933,6.0,0.3
8622,339900,0.6685975000140556,0.10950202177627943,6.0,0.36666666666666664
8623,339954,0.6685448500140578,0.06132815621094778,6.0,0.4
8624,339977,0.6685224250140588,0.026215463236439973,6.0,0.4
8625,340000,0.6685000000140597,0.02621440525399521,6.0,0.36666666666666664
8626,340023,0.6684775750140607,0.10662694554775953,6.0,0.36666666666666664
8627,340123,0.6683800750140648,0.47269717237213627,6.0,0.43333333333333335
8628,340144,0.6683596000140657,0.08883748832158744,6.0,0.43333333333333335
8629,340218,0.6682874500140688,0.3311007024021819,6.0,0.4666666666666667
8630,340241,0.6682650250140697,0.08801076328381896,6.0,0.36666666666666664
8631,340264,0.6682426000140707,0.08784713875502348,6.0,0.36666666666666664
8632,340287,0.6682201750140716,0.09848168434109539,6.0,0.36666666666666664
8633,340385,0.6681246250140757,0.36232961155474186,6.0,0.43333333333333335
8634,340406,0.6681041500140765,0.05116626597009599,6.0,0.43333333333333335
8635,340527,0.6679861750140815,0.326337517995853,6.0,0.5
8636,340550,0.6679637500140825,0.06350441527320072,6.0,0.5
8637,340573,0.6679413250140834,0.05344911589054391,6.0,0.5
8638,340596,0.6679189000140844,0.04863650433253497,6.0,0.5
8639,340715,0.6678028750140893,0.2856459227623418,6.0,0.5666666666666667
8640,340738,0.6677804500140903,0.0382461846456863,6.0,0.5666666666666667
8641,340761,0.6677580250140912,0.03909256274346262,6.0,0.5666666666666667
8642,340784,0.6677356000140922,0.048483447753824294,6.0,0.5666666666666667
8643,340956,0.6675679000140993,0.38375284540234134,6.0,0.6666666666666666
8644,341109,0.6674187250141056,0.3297393990214914,6.0,0.7666666666666667
8645,341132,0.6673963000141065,0.04308599774958566,6.0,0.7
8646,341155,0.6673738750141075,0.038668968714773655,6.0,0.6666666666666666
8647,341226,0.6673046500141104,0.1396464331774041,6.0,0.6666666666666666
8648,341300,0.6672325000141135,0.12479567725677043,6.0,0.7
8649,341323,0.6672100750141144,0.0391882011317648,6.0,0.7
8650,341374,0.6671603500141166,0.06325829843990505,6.0,0.7333333333333333
8651,341397,0.6671379250141175,0.04395418911008164,6.0,0.7
8652,341464,0.6670726000141203,0.10466481576440856,6.0,0.6666666666666666
8653,341601,0.6669390250141259,0.24580736152711324,6.0,0.7333333333333333
8654,341774,0.6667703500141331,0.31406435306416824,6.0,0.8666666666666667
8655,341847,0.6666991750141361,0.12254947863402776,6.0,0.9
8656,341870,0.6666767500141371,0.03363986319163814,6.0,0.9
8657,341893,0.666654325014138,0.027722143480787054,6.0,0.8333333333333334
8658,341916,0.666631900014139,0.033495048293843865,6.0,0.8333333333333334
8659,341939,0.6666094750141399,0.027380660932976753,6.0,0.8
8660,341962,0.6665870500141409,0.030137096880935133,6.0,0.8
8661,341985,0.6665646250141418,0.03687514606281184,6.0,0.8
8662,342008,0.6665422000141428,0.038305698486510664,6.0,0.8
8663,342125,0.6664281250141476,0.14960564440116286,6.0,0.8
8664,342148,0.6664057000141486,0.021792141837067902,6.0,0.8
8665,342296,0.6662614000141547,0.24654790421482176,6.0,0.8333333333333334
8666,342394,0.6661658500141587,0.14892633180716075,6.0,0.9
8667,342415,0.6661453750141596,0.03858356305863708,6.0,0.9
8668,342519,0.6660439750141639,0.14385016789310612,6.0,0.9666666666666667
8669,342540,0.6660235000141648,0.045103257842129096,6.0,0.9
8670,342621,0.6659445250141681,0.10258517353213392,6.0,0.9666666666666667
8671,342644,0.6659221000141691,0.027973749878583476,6.0,0.9666666666666667
8672,342742,0.6658265500141731,0.16716651717433706,6.0,1.0333333333333334
8673,342826,0.6657446500141766,0.09805364502244629,6.0,1.0
8674,342906,0.6656666500141799,0.08716965396888554,6.0,0.9666666666666667
8675,342978,0.6655964500141829,0.10766071401303634,6.0,1.0
8676,343001,0.6655740250141838,0.036265125789213926,6.0,1.0
8677,343052,0.6655243000141859,0.05106563361187,6.0,1.0
8678,343199,0.665380975014192,0.1721031639026478,6.0,1.0666666666666667
8679,343270,0.665311750014195,0.10700187890324742,6.0,1.1
8680,343293,0.6652893250141959,0.030175877560395747,6.0,1.0666666666666667
8681,343316,0.6652669000141969,0.043649251718306914,6.0,1.0666666666666667
8682,343339,0.6652444750141978,0.03051163608324714,6.0,1.0333333333333334
8683,343390,0.6651947500141999,0.05540872330311686,6.0,0.9666666666666667
8684,343459,0.6651274750142028,0.07140840264037251,6.0,0.8666666666666667
8685,343482,0.6651050500142037,0.023717822099570185,6.0,0.8333333333333334
8686,343505,0.6650826250142047,0.020133174548391253,6.0,0.8333333333333334
8687,343528,0.6650602000142056,0.02874793717637658,6.0,0.8333333333333334
8688,343551,0.6650377750142066,0.024959041154943407,6.0,0.8333333333333334
8689,343620,0.6649705000142094,0.06767458043759689,6.0,0.8666666666666667
8690,343691,0.6649012750142124,0.06577740670763887,6.0,0.9
8691,343714,0.6648788500142133,0.02080548566300422,6.0,0.9
8692,343765,0.6648291250142154,0.044479716365458444,6.0,0.9333333333333333
8693,343786,0.6648086500142163,0.027195420232601464,6.0,0.8666666666666667
8694,343809,0.6647862250142172,0.031494806928094476,6.0,0.8666666666666667
8695,343832,0.6647638000142182,0.03314912199857645,6.0,0.7666666666666667
8696,343855,0.6647413750142191,0.04776455392129719,6.0,0.7
8697,343878,0.6647189500142201,0.019768076133914292,6.0,0.7
8698,343927,0.6646711750142221,0.04919352155411616,6.0,0.6666666666666666
8699,344011,0.6645892750142256,0.08437392962514423,6.0,0.7333333333333333
8700,344034,0.6645668500142266,0.04973169561708346,6.0,0.6666666666666666
8701,344057,0.6645444250142275,0.020598804025212303,6.0,0.6666666666666666
8702,344128,0.6644752000142304,0.09755568360560574,6.0,0.6333333333333333
8703,344209,0.6643962250142338,0.116548861755291,6.0,0.6333333333333333
8704,344346,0.6642626500142395,0.21312015721923672,6.0,0.6666666666666666
8705,344369,0.6642402250142404,0.02596835815347731,6.0,0.6333333333333333
8706,344455,0.664156375014244,0.10975711650098674,6.0,0.7
8707,344476,0.6641359000142448,0.02284766230150126,6.0,0.6666666666666666
8708,344499,0.6641134750142458,0.02436823450261727,6.0,0.5666666666666667
8709,344522,0.6640910500142467,0.020445900125196204,6.0,0.5333333333333333
8710,344545,0.6640686250142477,0.028039860218996182,6.0,0.5333333333333333
8711,344568,0.6640462000142486,0.027174719114555046,6.0,0.5333333333333333
8712,344638,0.6639779500142515,0.0899231975490693,6.0,0.5666666666666667
8713,344687,0.6639301750142536,0.08394755888730288,6.0,0.5666666666666667
8714,344757,0.6638619250142564,0.146861607208848,6.0,0.5666666666666667
8715,344780,0.6638395000142574,0.046239163901191205,6.0,0.5666666666666667
8716,344803,0.6638170750142584,0.0525027634575963,6.0,0.5666666666666667
8717,344826,0.6637946500142593,0.04920920007862151,6.0,0.5666666666666667
8718,344849,0.6637722250142603,0.03821321143186651,6.0,0.5666666666666667
8719,344920,0.6637030000142632,0.13257207893184386,6.0,0.5666666666666667
8720,345002,0.6636230500142666,0.11858450551517308,6.0,0.6
8721,345172,0.6634573000142736,0.9548651261720806,6.0,0.7333333333333333
8722,345195,0.6634348750142746,0.0942126780282706,6.0,0.7
8723,345216,0.6634144000142754,0.07625188527163118,6.0,0.7
8724,345239,0.6633919750142764,0.09159729827661067,6.0,0.7
8725,345260,0.6633715000142772,0.08642324584070593,6.0,0.7
8726,345311,0.6633217750142794,0.19103881099727005,6.0,0.7333333333333333
8727,345332,0.6633013000142802,0.06631343171466142,6.0,0.7333333333333333
8728,345355,0.6632788750142812,0.09338032023515552,6.0,0.7
8729,345378,0.6632564500142821,0.07889725768473,6.0,0.6333333333333333
8730,345401,0.6632340250142831,0.06280000554397702,6.0,0.6333333333333333
8731,345504,0.6631336000142873,0.25863048643805087,6.0,0.7
8732,345527,0.6631111750142883,0.075479865539819,6.0,0.6666666666666666
8733,345548,0.6630907000142892,0.06479833531193435,6.0,0.6
8734,345571,0.6630682750142901,0.059353129065129906,6.0,0.5
8735,345594,0.6630458500142911,0.06600768252974376,6.0,0.5
8736,345617,0.663023425014292,0.05248350673355162,6.0,0.43333333333333335
8737,345666,0.662975650014294,0.11820507503580302,6.0,0.4666666666666667
8738,345689,0.662953225014295,0.047065150807611644,6.0,0.4666666666666667
8739,345739,0.6629044750142971,0.15588149568066,6.0,0.5
8740,345762,0.662882050014298,0.04199005477130413,6.0,0.5
8741,345862,0.6627845500143021,0.25101653835736215,6.0,0.5666666666666667
8742,345885,0.6627621250143031,0.04824568540789187,6.0,0.5333333333333333
8743,345969,0.6626802250143066,0.20177225692896172,6.0,0.5666666666666667
8744,345992,0.6626578000143075,0.04088460048660636,6.0,0.5333333333333333
8745,346015,0.6626353750143085,0.06156687322072685,6.0,0.5333333333333333
8746,346038,0.6626129500143094,0.04456774366553873,6.0,0.5333333333333333
8747,346205,0.6624501250143163,0.3099205113830976,6.0,0.6333333333333333
8748,346226,0.6624296500143172,0.037497318524401635,6.0,0.6333333333333333
8749,346249,0.6624072250143181,0.050769461784511805,6.0,0.6
8750,346272,0.6623848000143191,0.06434359855484217,6.0,0.5333333333333333
8751,346323,0.6623350750143212,0.07816022605402395,6.0,0.43333333333333335
8752,346376,0.6622834000143234,0.09984927554614842,6.0,0.4666666666666667
8753,346447,0.6622141750143263,0.12039837372140028,6.0,0.5
8754,346498,0.6621644500143284,0.1059596047271043,6.0,0.5333333333333333
8755,346605,0.6620601250143329,0.15851652438868769,6.0,0.6
8756,346628,0.6620377000143338,0.03782674914691597,6.0,0.5666666666666667
8757,346679,0.6619879750143359,0.08645048533799127,6.0,0.6
8758,346781,0.6618885250143401,0.14444725806242786,6.0,0.6666666666666666
8759,346832,0.6618388000143423,0.08334535517496988,6.0,0.7
8760,346853,0.6618183250143431,0.03826515970285982,6.0,0.7
8761,346876,0.6617959000143441,0.04099144152132794,6.0,0.6333333333333333
8762,346927,0.6617461750143462,0.080659361963626,6.0,0.6666666666666666
8763,346998,0.6616769500143491,0.12108840915607288,6.0,0.7
8764,347021,0.6616545250143501,0.03722702054074034,6.0,0.7
8765,347044,0.661632100014351,0.050079544889740646,6.0,0.7
8766,347067,0.661609675014352,0.03602185199270025,6.0,0.7
8767,347090,0.6615872500143529,0.03450662887189537,6.0,0.6666666666666666
8768,347113,0.6615648250143539,0.03745525097474456,6.0,0.6666666666666666
8769,347136,0.6615424000143548,0.03353709354996681,6.0,0.6333333333333333
8770,347159,0.6615199750143558,0.034377773583400995,6.0,0.6333333333333333
8771,347182,0.6614975500143567,0.030357243143953383,6.0,0.5666666666666667
8772,347205,0.6614751250143577,0.044341510598314926,6.0,0.5666666666666667
8773,347256,0.6614254000143598,0.06567943294066936,6.0,0.5333333333333333
8774,347326,0.6613571500143627,0.08419261305243708,6.0,0.5666666666666667
8775,347349,0.6613347250143636,0.03041609888896346,6.0,0.5666666666666667
8776,347431,0.661254775014367,0.14131332031683996,6.0,0.6333333333333333
8777,347454,0.661232350014368,0.03853312035789713,6.0,0.5333333333333333
8778,347536,0.6611524000143714,0.11034863840905018,6.0,0.6
8779,347559,0.6611299750143723,0.02923223070683889,6.0,0.6
8780,347679,0.6610129750143773,0.15526224608765915,6.0,0.6666666666666666
8781,347702,0.6609905500143782,0.02976202283753082,6.0,0.6333333333333333
8782,347723,0.6609700750143791,0.03277823614189401,6.0,0.6
8783,347746,0.66094765001438,0.030532611039234325,6.0,0.5666666666666667
8784,347769,0.660925225014381,0.027902595815248787,6.0,0.5333333333333333
8785,347790,0.6609047500143819,0.028021754580549896,6.0,0.4666666666666667
8786,347813,0.6608823250143828,0.04181490669725463,6.0,0.4666666666666667
8787,347834,0.6608618500143837,0.030703023599926382,6.0,0.43333333333333335
8788,347857,0.6608394250143846,0.028493075049482286,6.0,0.36666666666666664
8789,347880,0.6608170000143856,0.03893849905580282,6.0,0.3333333333333333
8790,347903,0.6607945750143865,0.03386471982230432,6.0,0.3333333333333333
8791,347926,0.6607721500143875,0.027764669648604468,6.0,0.3333333333333333
8792,347949,0.6607497250143884,0.030557515914551914,6.0,0.3
8793,347972,0.6607273000143894,0.032921952253673226,6.0,0.26666666666666666
8794,347995,0.6607048750143903,0.022715914994478226,6.0,0.26666666666666666
8795,348018,0.6606824500143913,0.034457136411219835,6.0,0.26666666666666666
8796,348041,0.6606600250143922,0.031158381229033694,6.0,0.26666666666666666
8797,348064,0.6606376000143932,0.03362799348542467,6.0,0.26666666666666666
8798,348087,0.6606151750143942,0.03295270859962329,6.0,0.26666666666666666
8799,348183,0.6605215750143981,0.14975625759689137,6.0,0.3333333333333333
8800,348353,0.6603558250144052,0.2250703546742443,6.0,0.43333333333333335
8801,348404,0.6603061000144073,0.0725561394210672,6.0,0.4666666666666667
8802,348425,0.6602856250144081,0.03490510192932561,6.0,0.4666666666666667
8803,348556,0.6601579000144135,0.19433477212442085,6.0,0.5333333333333333
8804,348579,0.6601354750144145,0.03495478385593742,6.0,0.5
8805,348648,0.6600682000144174,0.10385917566600256,6.0,0.5333333333333333
8806,348671,0.6600457750144183,0.03718116442905739,6.0,0.4666666666666667
8807,348694,0.6600233500144193,0.029916282452177256,6.0,0.4666666666666667
8808,348717,0.6600009250144202,0.04474384052446112,6.0,0.4
8809,348740,0.6599785000144212,0.03166785335633904,6.0,0.4
8810,348763,0.6599560750144221,0.0349575353320688,6.0,0.3333333333333333
8811,348786,0.6599336500144231,0.032720947870984674,6.0,0.3333333333333333
8812,348809,0.659911225014424,0.029674593883100897,6.0,0.3333333333333333
8813,348832,0.659888800014425,0.023646130808629096,6.0,0.3333333333333333
8814,348855,0.6598663750144259,0.035155891469912603,6.0,0.3333333333333333
8815,348878,0.6598439500144269,0.03111591105698608,6.0,0.3333333333333333
8816,348950,0.6597737500144298,0.111132809513947,6.0,0.36666666666666664
8817,348971,0.6597532750144307,0.026352858840255067,6.0,0.36666666666666664
8818,348994,0.6597308500144317,0.0397082208073698,6.0,0.36666666666666664
8819,349069,0.6596577250144348,0.10400583337468561,6.0,0.4
8820,349092,0.6596353000144357,0.03104508508113213,6.0,0.4
8821,349115,0.6596128750144367,0.02681124850641936,6.0,0.4
8822,349138,0.6595904500144376,0.031606387899955735,6.0,0.4
8823,349159,0.6595699750144385,0.022249824833124876,6.0,0.4
8824,349330,0.6594032500144456,0.22349747078260407,6.0,0.5
8825,349381,0.6593535250144477,0.06059671059483662,6.0,0.5333333333333333
8826,349500,0.6592375000144526,0.1325658690475393,6.0,0.6
8827,349574,0.6591653500144556,0.07802007219288498,6.0,0.6333333333333333
8828,349597,0.6591429250144566,0.05825140041997656,6.0,0.6333333333333333
8829,349620,0.6591205000144575,0.05005792307201773,6.0,0.5666666666666667
8830,349643,0.6590980750144585,0.02691821288317442,6.0,0.4666666666666667
8831,349666,0.6590756500144594,0.034222131536807865,6.0,0.43333333333333335
8832,349687,0.6590551750144603,0.03291128951241262,6.0,0.43333333333333335
8833,349708,0.6590347000144612,0.03132750454824418,6.0,0.3333333333333333
8834,349729,0.659014225014462,0.025541371142026037,6.0,0.3333333333333333
8835,349752,0.658991800014463,0.027278604364255443,6.0,0.3
8836,349838,0.6589079500144666,0.1663706686522346,6.0,0.36666666666666664
8837,349939,0.6588094750144707,0.1375408471940318,6.0,0.43333333333333335
8838,349962,0.6587870500144717,0.0291397794499062,6.0,0.43333333333333335
8839,350016,0.6587344000144739,0.2411293830955401,6.0,0.4666666666666667
8840,350039,0.6587119750144749,0.1317736515775323,6.0,0.4666666666666667
8841,350062,0.6586895500144758,0.11503464099951088,6.0,0.4666666666666667
8842,350085,0.6586671250144768,0.10605698893778026,6.0,0.4666666666666667
8843,350108,0.6586447000144777,0.11683029925916344,6.0,0.4666666666666667
8844,350131,0.6586222750144787,0.102809650124982,6.0,0.4666666666666667
8845,350154,0.6585998500144796,0.0760816017864272,6.0,0.4666666666666667
8846,350177,0.6585774250144806,0.10556164151057601,6.0,0.43333333333333335
8847,350200,0.6585550000144815,0.07565772125963122,6.0,0.43333333333333335
8848,350223,0.6585325750144825,0.07831783255096525,6.0,0.43333333333333335
8849,350305,0.6584526250144859,0.2969726277515292,6.0,0.4666666666666667
8850,350424,0.6583366000144908,0.4316334582399577,6.0,0.5333333333333333
8851,350447,0.6583141750144917,0.07161736011039466,6.0,0.5333333333333333
8852,350470,0.6582917500144927,0.08897749963216484,6.0,0.5333333333333333
8853,350493,0.6582693250144936,0.07917133218143135,6.0,0.5333333333333333
8854,350542,0.6582215500144957,0.1587675343034789,6.0,0.4666666666666667
8855,350565,0.6581991250144966,0.07023676537210122,6.0,0.43333333333333335
8856,350588,0.6581767000144976,0.07303119136486202,6.0,0.36666666666666664
8857,350611,0.6581542750144985,0.05996998050250113,6.0,0.3333333333333333
8858,350634,0.6581318500144995,0.05946628109086305,6.0,0.3333333333333333
8859,350703,0.6580645750145023,0.1884719023364596,6.0,0.36666666666666664
8860,350726,0.6580421500145033,0.072036491939798,6.0,0.36666666666666664
8861,350826,0.6579446500145074,0.25343181379139423,6.0,0.43333333333333335
8862,350849,0.6579222250145084,0.048318465531338006,6.0,0.43333333333333335
8863,350898,0.6578744500145104,0.11409911810187623,6.0,0.4666666666666667
8864,351056,0.6577204000145169,0.39420836622593924,6.0,0.6
8865,351079,0.6576979750145179,0.048509720829315484,6.0,0.6
8866,351148,0.6576307000145207,0.16692388145020232,6.0,0.5666666666666667
8867,351321,0.6574620250145279,0.3676834499638062,6.0,0.6
8868,351372,0.65741230001453,0.14518876961665228,6.0,0.6333333333333333
8869,351492,0.657295300014535,0.2402851739898324,6.0,0.6666666666666666
8870,351515,0.6572728750145359,0.04854783904738724,6.0,0.6666666666666666
8871,351587,0.6572026750145389,0.13118527655024081,6.0,0.7
8872,351608,0.6571822000145398,0.033912322542164475,6.0,0.7
8873,351631,0.6571597750145407,0.049142956850118935,6.0,0.7
8874,351654,0.6571373500145417,0.04111628624377772,6.0,0.7
8875,351728,0.6570652000145447,0.12185091810533777,6.0,0.7333333333333333
8876,351799,0.6569959750145477,0.13082965058856644,6.0,0.7666666666666667
8877,351822,0.6569735500145486,0.036798590212129056,6.0,0.7666666666666667
8878,351894,0.6569033500145516,0.11131478199968114,6.0,0.8
8879,351915,0.6568828750145524,0.03461431781761348,6.0,0.7333333333333333
8880,351938,0.6568604500145534,0.05243247316684574,6.0,0.6666666666666666
8881,351990,0.6568097500145555,0.1020983035559766,6.0,0.7
8882,352088,0.6567142000145596,0.17312871661852114,6.0,0.7666666666666667
8883,352109,0.6566937250145605,0.05464599467813969,6.0,0.7666666666666667
8884,352132,0.6566713000145614,0.05352920055156574,6.0,0.7333333333333333
8885,352155,0.6566488750145624,0.033015531254932284,6.0,0.7333333333333333
8886,352178,0.6566264500145633,0.03825533430790529,6.0,0.7333333333333333
8887,352201,0.6566040250145643,0.03295656689442694,6.0,0.7333333333333333
8888,352224,0.6565816000145652,0.039991929137613624,6.0,0.7333333333333333
8889,352322,0.6564860500145693,0.147924629971385,6.0,0.7666666666666667
8890,352345,0.6564636250145702,0.03634418285218999,6.0,0.7666666666666667
8891,352368,0.6564412000145712,0.04862365502049215,6.0,0.7
8892,352448,0.6563632000145745,0.14390498492866755,6.0,0.7666666666666667
8893,352471,0.6563407750145754,0.048468475113622844,6.0,0.7333333333333333
8894,352641,0.6561750250145825,0.2835187713790219,6.0,0.7
8895,352664,0.6561526000145834,0.02890220284461975,6.0,0.7
8896,352687,0.6561301750145844,0.04341743403347209,6.0,0.6666666666666666
8897,352738,0.6560804500145865,0.08490715955849737,6.0,0.6
8898,352791,0.6560287750145887,0.1017721556709148,6.0,0.6
8899,352841,0.6559800250145907,0.09550062922062352,6.0,0.5666666666666667
8900,352862,0.6559595500145916,0.02978346135932952,6.0,0.5666666666666667
8901,352934,0.6558893500145946,0.10004474106244743,6.0,0.5666666666666667
8902,352957,0.6558669250145955,0.027564246556721628,6.0,0.5666666666666667
8903,352980,0.6558445000145965,0.03406190994428471,6.0,0.5666666666666667
8904,353080,0.6557470000146006,0.17682754812994972,6.0,0.6333333333333333
8905,353103,0.6557245750146016,0.039270741399377584,6.0,0.6
8906,353201,0.6556290250146056,0.19123679448966868,6.0,0.6333333333333333
8907,353224,0.6556066000146066,0.045356182381510735,6.0,0.6333333333333333
8908,353414,0.6554213500146144,0.28086088356212713,6.0,0.7333333333333333
8909,353486,0.6553511500146174,0.11643135771737434,6.0,0.7666666666666667
8910,353509,0.6553287250146184,0.03493266209261492,6.0,0.7666666666666667
8911,353532,0.6553063000146193,0.07767672525369562,6.0,0.7333333333333333
8912,353553,0.6552858250146202,0.04997587617253885,6.0,0.6666666666666666
8913,353622,0.655218550014623,0.11339801124995574,6.0,0.7
8914,353645,0.655196125014624,0.03702790616080165,6.0,0.7
8915,353796,0.6550489000146302,0.2139452175470069,6.0,0.8333333333333334
8916,353819,0.6550264750146312,0.04048380919266492,6.0,0.8333333333333334
8917,353842,0.6550040500146321,0.04345995883340947,6.0,0.8333333333333334
8918,353891,0.6549562750146342,0.08249283317127265,6.0,0.8666666666666667
8919,353942,0.6549065500146363,0.07346136085106991,6.0,0.8333333333333334
8920,353995,0.6548548750146385,0.06630694685736671,6.0,0.8666666666666667
8921,354018,0.6548324500146394,0.023473774344893172,6.0,0.8666666666666667
8922,354118,0.6547349500146435,0.12792004676884972,6.0,0.8666666666666667
8923,354170,0.6546842500146457,0.08483680596691556,6.0,0.9
8924,354193,0.6546618250146466,0.03176106346654706,6.0,0.8
8925,354246,0.6546101500146488,0.09548842781805433,6.0,0.8333333333333334
8926,354416,0.6544444000146559,0.3045057120616548,6.0,0.9666666666666667
8927,354439,0.6544219750146568,0.054994201520457864,6.0,0.9333333333333333
8928,354543,0.6543205750146611,0.1578785145538859,6.0,0.9666666666666667
8929,354615,0.6542503750146641,0.10473571496549994,6.0,0.9666666666666667
8930,354638,0.654227950014665,0.04501384648028761,6.0,0.9666666666666667
8931,354661,0.654205525014666,0.03890442065312527,6.0,0.9333333333333333
8932,354682,0.6541850500146669,0.03196626505814493,6.0,0.9333333333333333
8933,354705,0.6541626250146678,0.034182521456386894,6.0,0.9333333333333333
8934,354726,0.6541421500146687,0.029015585081651807,6.0,0.8666666666666667
8935,354749,0.6541197250146696,0.034918187418952584,6.0,0.8666666666666667
8936,354772,0.6540973000146706,0.036303929693531245,6.0,0.8
8937,354793,0.6540768250146715,0.026741298293927684,6.0,0.8
8938,354910,0.6539627500146763,0.15621370609733276,6.0,0.7333333333333333
8939,354933,0.6539403250146772,0.024183050787542015,6.0,0.7
8940,354956,0.6539179000146782,0.035889206745196134,6.0,0.7
8941,354979,0.6538954750146792,0.024221704807132483,6.0,0.7
8942,355002,0.6538730500146801,0.04660524532664567,6.0,0.7
8943,355025,0.653850625014681,0.17037319228984416,6.0,0.6666666666666666
8944,355048,0.653828200014682,0.1441808429080993,6.0,0.6666666666666666
8945,355069,0.6538077250146829,0.11627630773000419,6.0,0.5333333333333333
8946,355140,0.6537385000146858,0.3475488490657881,6.0,0.5666666666666667
8947,355163,0.6537160750146868,0.11815277626737952,6.0,0.5666666666666667
8948,355312,0.6535708000146929,0.5893819745397195,6.0,0.6333333333333333
8949,355335,0.6535483750146939,0.08632413006853312,6.0,0.6
8950,355358,0.6535259500146948,0.07295186095871031,6.0,0.5666666666666667
8951,355381,0.6535035250146958,0.07565761241130531,6.0,0.5666666666666667
8952,355481,0.6534060250146999,0.36376157955965027,6.0,0.5666666666666667
8953,355504,0.6533836000147009,0.06393742572981864,6.0,0.5333333333333333
8954,355557,0.653331925014703,0.13890906871529296,6.0,0.5666666666666667
8955,355580,0.653309500014704,0.05352800840046257,6.0,0.5333333333333333
8956,355603,0.653287075014705,0.053189097554422915,6.0,0.4
8957,355626,0.6532646500147059,0.06568147003417835,6.0,0.4
8958,355649,0.6532422250147069,0.060746493632905185,6.0,0.3333333333333333
8959,355670,0.6532217500147077,0.04815772268921137,6.0,0.3
8960,355691,0.6532012750147086,0.05243931105360389,6.0,0.3
8961,355714,0.6531788500147095,0.04001486802008003,6.0,0.3
8962,355781,0.6531135250147123,0.15420792886288837,6.0,0.3333333333333333
8963,355832,0.6530638000147144,0.1154769336571917,6.0,0.36666666666666664
8964,355913,0.6529848250147178,0.15432916715508327,6.0,0.43333333333333335
8965,355936,0.6529624000147187,0.0434048610040918,6.0,0.43333333333333335
8966,356055,0.6528463750147236,0.2375059291953221,6.0,0.5
8967,356076,0.6528259000147245,0.048407235415652394,6.0,0.5
8968,356127,0.6527761750147266,0.09517452702857554,6.0,0.4666666666666667
8969,356150,0.6527537500147276,0.05223048530751839,6.0,0.4666666666666667
8970,356225,0.6526806250147307,0.1495418429840356,6.0,0.5
8971,356340,0.6525685000147354,0.21842802566243336,6.0,0.6
8972,356393,0.6525168250147376,0.09054443484637886,6.0,0.6333333333333333
8973,356493,0.6524193250147418,0.17409634971409105,6.0,0.7
8974,356564,0.6523501000147447,0.12138131243409589,6.0,0.7333333333333333
8975,356614,0.6523013500147468,0.07555297249928117,6.0,0.7666666666666667
8976,356637,0.6522789250147477,0.03410530154360458,6.0,0.7333333333333333
8977,356688,0.6522292000147498,0.08347608050098643,6.0,0.7666666666666667
8978,356808,0.6521122000147548,0.18355154170421883,6.0,0.7333333333333333
8979,356831,0.6520897750147557,0.042760869197081774,6.0,0.7333333333333333
8980,356951,0.6519727750147607,0.1822985220933333,6.0,0.8
8981,357104,0.651823600014767,0.2682727608771529,6.0,0.9333333333333333
8982,357127,0.651801175014768,0.033872578118462116,6.0,0.8666666666666667
8983,357180,0.6517495000147702,0.12625992743414827,6.0,0.9
8984,357250,0.6516812500147731,0.10176766483346,6.0,0.9
8985,357371,0.6515632750147781,0.18597787866019644,6.0,0.9666666666666667
8986,357394,0.651540850014779,0.03560247615678236,6.0,0.9666666666666667
8987,357464,0.6514726000147819,0.11082150874426588,6.0,1.0
8988,357515,0.651422875014784,0.06677142999251373,6.0,1.0333333333333334
8989,357536,0.6514024000147849,0.030545068409992382,6.0,1.0333333333333334
8990,357559,0.6513799750147858,0.07065167534165084,6.0,1.0333333333333334
8991,357711,0.6512317750147921,0.23742517875507474,6.0,1.1333333333333333
8992,357734,0.6512093500147931,0.029955216974485666,6.0,1.1
8993,357757,0.651186925014794,0.03628920065239072,6.0,1.0666666666666667
8994,357780,0.651164500014795,0.04431558056967333,6.0,1.0
8995,357803,0.6511420750147959,0.03894915242563002,6.0,1.0
8996,357826,0.6511196500147969,0.04872003447962925,6.0,0.9333333333333333
8997,357849,0.6510972250147978,0.042605865746736526,6.0,0.9333333333333333
8998,357920,0.6510280000148008,0.1137268171296455,6.0,0.9333333333333333
8999,357971,0.6509782750148029,0.10154183307895437,6.0,0.9666666666666667
9000,357994,0.6509558500148038,0.03237428463762626,6.0,0.9333333333333333
9001,358017,0.6509334250148048,0.032282379223033786,6.0,0.8333333333333334
9002,358113,0.6508398250148087,0.14126018417300656,6.0,0.8666666666666667
9003,358134,0.6508193500148096,0.024366036581341177,6.0,0.8
9004,358157,0.6507969250148106,0.032122089876793325,6.0,0.7666666666666667
9005,358180,0.6507745000148115,0.029748350789304823,6.0,0.7333333333333333
9006,358203,0.6507520750148125,0.04368404200067744,6.0,0.7333333333333333
9007,358226,0.6507296500148134,0.029496825591195375,6.0,0.7
9008,358249,0.6507072250148144,0.027954242890700698,6.0,0.6333333333333333
9009,358272,0.6506848000148153,0.035482354898704216,6.0,0.6333333333333333
9010,358295,0.6506623750148163,0.03277198373689316,6.0,0.5666666666666667
9011,358365,0.6505941250148192,0.12255932396510616,6.0,0.4666666666666667
9012,358451,0.6505102750148227,0.10299617989221588,6.0,0.5333333333333333
9013,358503,0.6504595750148249,0.07823640081915073,6.0,0.5333333333333333
9014,358526,0.6504371500148258,0.02883249073056504,6.0,0.5
9015,358598,0.6503669500148288,0.12228409096132964,6.0,0.4666666666666667
9016,358716,0.6502519000148337,0.1654482748999726,6.0,0.5666666666666667
9017,358737,0.6502314250148346,0.021916704485192895,6.0,0.5333333333333333
9018,358760,0.6502090000148355,0.03156573817250319,6.0,0.5
9019,358781,0.6501885250148364,0.02996342710684985,6.0,0.5
9020,358877,0.6500949250148403,0.11700253913295455,6.0,0.5666666666666667
9021,358900,0.6500725000148413,0.02758658124366775,6.0,0.4666666666666667
9022,358921,0.6500520250148422,0.019906574772903696,6.0,0.4666666666666667
9023,358992,0.6499828000148451,0.09696651331614703,6.0,0.5
9024,359064,0.6499126000148481,0.10287962076836266,6.0,0.5333333333333333
9025,359087,0.649890175014849,0.02941715164342895,6.0,0.5333333333333333
9026,359110,0.64986775001485,0.033276872272836044,6.0,0.5333333333333333
9027,359133,0.6498453250148509,0.027211414591874927,6.0,0.5333333333333333
9028,359219,0.6497614750148545,0.14164724267902784,6.0,0.5666666666666667
9029,359317,0.6496659250148585,0.13387627189513296,6.0,0.6
9030,359338,0.6496454500148594,0.04624028754187748,6.0,0.6
9031,359407,0.6495781750148623,0.09347388878813945,6.0,0.6333333333333333
9032,359430,0.6495557500148632,0.035187734581995755,6.0,0.5666666666666667
9033,359512,0.6494758000148666,0.11823836012626998,6.0,0.6333333333333333
9034,359535,0.6494533750148676,0.038521697046235204,6.0,0.6333333333333333
9035,359558,0.6494309500148685,0.03966687590582296,6.0,0.6333333333333333
9036,359609,0.6493812250148706,0.06724657426821068,6.0,0.6666666666666666
9037,359659,0.6493324750148727,0.05872890938189812,6.0,0.7
9038,359759,0.6492349750148768,0.10804119714885019,6.0,0.7666666666666667
9039,359780,0.6492145000148777,0.02913626717054285,6.0,0.7666666666666667
9040,359803,0.6491920750148786,0.031221403856761754,6.0,0.7666666666666667
9041,359826,0.6491696500148796,0.02542849414749071,6.0,0.7333333333333333
9042,359849,0.6491472250148805,0.03423498026677407,6.0,0.6666666666666666
9043,359872,0.6491248000148815,0.026727251562988386,6.0,0.6333333333333333
9044,359940,0.6490585000148843,0.11746464384486899,6.0,0.6666666666666666
9045,359963,0.6490360750148852,0.022479043254861608,6.0,0.6333333333333333
9046,359986,0.6490136500148862,0.0310076015884988,6.0,0.5333333333333333
9047,360007,0.6489931750148871,0.05209840164752677,6.0,0.5333333333333333
9048,360030,0.648970750014888,0.13067753333598375,6.0,0.5333333333333333
9049,360051,0.6489502750148889,0.10900448821485043,6.0,0.5333333333333333
9050,360072,0.6489298000148898,0.09496797318570316,6.0,0.4666666666666667
9051,360141,0.6488625250148926,0.28548011265229434,6.0,0.5
9052,360164,0.6488401000148936,0.10006207239348441,6.0,0.5
9053,360236,0.6487699000148965,0.25258843787014484,6.0,0.5
9054,360259,0.6487474750148975,0.08183552004629746,6.0,0.4666666666666667
9055,360282,0.6487250500148984,0.06808452086988837,6.0,0.4666666666666667
9056,360351,0.6486577750149013,0.209278617228847,6.0,0.5
9057,360423,0.6485875750149043,0.1954724793904461,6.0,0.5333333333333333
9058,360496,0.6485164000149073,0.20158481638645753,6.0,0.5
9059,360547,0.6484666750149094,0.12172323034610599,6.0,0.4666666666666667
9060,360570,0.6484442500149104,0.04979455238208175,6.0,0.4666666666666667
9061,360593,0.6484218250149113,0.044091313087847084,6.0,0.43333333333333335
9062,360616,0.6483994000149123,0.05922115361317992,6.0,0.43333333333333335
9063,360639,0.6483769750149132,0.04436264233663678,6.0,0.36666666666666664
9064,360660,0.6483565000149141,0.04487292468547821,6.0,0.36666666666666664
9065,360711,0.6483067750149162,0.10406993830110878,6.0,0.4
9066,360734,0.6482843500149171,0.049337300297338516,6.0,0.36666666666666664
9067,360900,0.648122500014924,0.31174475187435746,6.0,0.43333333333333335
9068,360951,0.6480727750149261,0.08355372957885265,6.0,0.4
9069,360972,0.648052300014927,0.03933853283524513,6.0,0.4
9070,360995,0.6480298750149279,0.0410431056516245,6.0,0.4
9071,361018,0.6480074500149289,0.03730343404458836,6.0,0.4
9072,361039,0.6479869750149297,0.03794841916533187,6.0,0.4
9073,361062,0.6479645500149307,0.030625432962551713,6.0,0.4
9074,361083,0.6479440750149316,0.03012831835076213,6.0,0.36666666666666664
9075,361106,0.6479216500149325,0.046215946378652006,6.0,0.36666666666666664
9076,361129,0.6478992250149335,0.03548311913618818,6.0,0.36666666666666664
9077,361152,0.6478768000149344,0.034799170680344105,6.0,0.36666666666666664
9078,361173,0.6478563250149353,0.03394821094116196,6.0,0.36666666666666664
9079,361194,0.6478358500149362,0.028618904354516417,6.0,0.36666666666666664
9080,361217,0.6478134250149371,0.03705992549657822,6.0,0.36666666666666664
9081,361299,0.6477334750149405,0.10910648290882818,6.0,0.4
9082,361322,0.6477110500149414,0.02943871612660587,6.0,0.4
9083,361371,0.6476632750149435,0.07585264887893572,6.0,0.4
9084,361394,0.6476408500149444,0.031802992918528616,6.0,0.4
9085,361494,0.6475433500149486,0.17710496607469395,6.0,0.4666666666666667
9086,361517,0.6475209250149495,0.029668129631318152,6.0,0.43333333333333335
9087,361540,0.6474985000149505,0.035879212722647935,6.0,0.4
9088,361561,0.6474780250149513,0.021656573691871017,6.0,0.36666666666666664
9089,361582,0.6474575500149522,0.0710581531166099,6.0,0.3333333333333333
9090,361633,0.6474078250149543,0.06831299621262588,6.0,0.36666666666666664
9091,361656,0.6473854000149553,0.025040477281436324,6.0,0.36666666666666664
9092,361772,0.6472723000149601,0.17005695309489965,6.0,0.43333333333333335
9093,361795,0.647249875014961,0.02849941377644427,6.0,0.43333333333333335
9094,361816,0.6472294000149619,0.028392506384989247,6.0,0.43333333333333335
9095,361839,0.6472069750149628,0.0315868875477463,6.0,0.4
9096,361890,0.6471572500149649,0.07533942113514058,6.0,0.43333333333333335
9097,361913,0.6471348250149659,0.027481699886266142,6.0,0.3333333333333333
9098,361936,0.6471124000149668,0.02857425023103133,6.0,0.3
9099,361959,0.6470899750149678,0.02497760794358328,6.0,0.3
9100,362061,0.646990525014972,0.18411218517576344,6.0,0.36666666666666664
9101,362114,0.6469388500149742,0.060182972927577794,6.0,0.4
9102,362216,0.6468394000149784,0.12839643325423822,6.0,0.4666666666666667
9103,362285,0.6467721250149813,0.11016060897964053,6.0,0.5
9104,362357,0.6467019250149842,0.08675260894233361,6.0,0.5333333333333333
9105,362430,0.6466307500149873,0.10053953868919052,6.0,0.5666666666666667
9106,362453,0.6466083250149882,0.0278391731553711,6.0,0.5666666666666667
9107,362474,0.6465878500149891,0.030964947072789073,6.0,0.5666666666666667
9108,362495,0.64656737501499,0.02695200830930844,6.0,0.5666666666666667
9109,362546,0.6465176500149921,0.06497976661194116,6.0,0.6
9110,362569,0.646495225014993,0.031357421714346856,6.0,0.6
9111,362592,0.646472800014994,0.033246306935325265,6.0,0.5333333333333333
9112,362615,0.6464503750149949,0.036192741477862,6.0,0.5333333333333333
9113,362638,0.6464279500149959,0.028556963079608977,6.0,0.5
9114,362661,0.6464055250149968,0.023638932820176706,6.0,0.5
9115,362732,0.6463363000149998,0.08644150383770466,6.0,0.4666666666666667
9116,362755,0.6463138750150007,0.025626584596466273,6.0,0.4666666666666667
9117,362837,0.6462339250150041,0.12056944170035422,6.0,0.5333333333333333
9118,362860,0.646211500015005,0.03761946962913498,6.0,0.5333333333333333
9119,362883,0.646189075015006,0.029928682604804635,6.0,0.5333333333333333
9120,362906,0.646166650015007,0.032503604306839406,6.0,0.5
9121,362929,0.6461442250150079,0.028030146058881655,6.0,0.5
9122,362952,0.6461218000150089,0.02761934819864109,6.0,0.43333333333333335
9123,362973,0.6461013250150097,0.03436383622465655,6.0,0.43333333333333335
9124,363045,0.6460311250150127,0.10170065696001984,6.0,0.4666666666666667
9125,363068,0.6460087000150136,0.04131068324204534,6.0,0.4666666666666667
9126,363120,0.6459580000150158,0.06613481952808797,6.0,0.4666666666666667
9127,363173,0.645906325015018,0.06870621969574131,6.0,0.5
9128,363196,0.6458839000150189,0.03359988343436271,6.0,0.5
9129,363219,0.6458614750150199,0.031059046799782664,6.0,0.5
9130,363242,0.6458390500150208,0.025425403146073222,6.0,0.43333333333333335
9131,363265,0.6458166250150218,0.02535278833238408,6.0,0.4
9132,363316,0.6457669000150239,0.07410145804169588,6.0,0.36666666666666664
9133,363339,0.6457444750150249,0.0329597802774515,6.0,0.3333333333333333
9134,363409,0.6456762250150277,0.09777539290371351,6.0,0.3333333333333333
9135,363432,0.6456538000150287,0.05223600100725889,6.0,0.3
9136,363455,0.6456313750150297,0.0332827560196165,6.0,0.3
9137,363478,0.6456089500150306,0.025663643784355372,6.0,0.3
9138,363529,0.6455592250150327,0.05599020409863442,6.0,0.3333333333333333
9139,363552,0.6455368000150337,0.024650732579175383,6.0,0.3
9140,363604,0.6454861000150358,0.06880612997338176,6.0,0.3333333333333333
9141,363655,0.6454363750150379,0.05252745561301708,6.0,0.36666666666666664
9142,363678,0.6454139500150389,0.03123226299067028,6.0,0.36666666666666664
9143,363701,0.6453915250150398,0.027636183687718585,6.0,0.36666666666666664
9144,363754,0.645339850015042,0.06454446230782196,6.0,0.4
9145,363777,0.645317425015043,0.03307615843368694,6.0,0.36666666666666664
9146,363800,0.6452950000150439,0.024012696521822363,6.0,0.36666666666666664
9147,363869,0.6452277250150468,0.08332645709742792,6.0,0.3333333333333333
9148,363892,0.6452053000150477,0.029494279471691698,6.0,0.3333333333333333
9149,363943,0.6451555750150498,0.06848912601708435,6.0,0.36666666666666664
9150,363966,0.6451331500150508,0.02799618706922047,6.0,0.36666666666666664
9151,364066,0.6450356500150549,0.11495913550606929,6.0,0.43333333333333335
9152,364089,0.6450132250150559,0.028805702226236463,6.0,0.43333333333333335
9153,364205,0.6449001250150607,0.11012664917507209,6.0,0.5
9154,364228,0.6448777000150616,0.020063288931851275,6.0,0.4666666666666667
9155,364251,0.6448552750150626,0.02760985298664309,6.0,0.4666666666666667
9156,364274,0.6448328500150635,0.020387541211675853,6.0,0.43333333333333335
9157,364297,0.6448104250150645,0.029004619311308488,6.0,0.4
9158,364348,0.6447607000150666,0.05622906461940147,6.0,0.43333333333333335
9159,364371,0.6447382750150675,0.026176601881161332,6.0,0.43333333333333335
9160,364394,0.6447158500150685,0.034815318329492584,6.0,0.43333333333333335
9161,364417,0.6446934250150694,0.026255888515152037,6.0,0.43333333333333335
9162,364440,0.6446710000150704,0.026094596774782985,6.0,0.4
9163,364541,0.6445725250150746,0.11518443434033543,6.0,0.4666666666666667
9164,364564,0.6445501000150755,0.03369558768463321,6.0,0.43333333333333335
9165,364587,0.6445276750150765,0.02688378922175616,6.0,0.43333333333333335
9166,364638,0.6444779500150786,0.05837945401435718,6.0,0.4666666666666667
9167,364661,0.6444555250150795,0.021434118854813278,6.0,0.4666666666666667
9168,364813,0.6443073250150858,0.23295863802195527,6.0,0.5333333333333333
9169,364930,0.6441932500150906,0.166795044002356,6.0,0.6
9170,364983,0.6441415750150928,0.06476978515274823,6.0,0.6
9171,365101,0.6440265250150977,0.5754729218315333,6.0,0.6333333333333333
9172,365122,0.6440060500150986,0.1248800503090024,6.0,0.6333333333333333
9173,365143,0.6439855750150995,0.08071527350693941,6.0,0.6333333333333333
9174,365164,0.6439651000151003,0.08775644202250987,6.0,0.6
9175,365187,0.6439426750151013,0.07795432221610099,6.0,0.6
9176,365238,0.6438929500151034,0.18318901665043086,6.0,0.6333333333333333
9177,365308,0.6438247000151063,0.22685478744097054,6.0,0.6333333333333333
9178,365331,0.6438022750151072,0.06872161035425961,6.0,0.6333333333333333
9179,365403,0.6437320750151102,0.24922309187240899,6.0,0.6333333333333333
9180,365426,0.6437096500151112,0.06748442212119699,6.0,0.6333333333333333
9181,365449,0.6436872250151121,0.08535213256254792,6.0,0.5666666666666667
9182,365584,0.6435556000151177,0.33974801638396457,6.0,0.6666666666666666
9183,365714,0.6434288500151231,0.33682880393462256,6.0,0.7
9184,365817,0.6433284250151273,0.2586247867438942,6.0,0.7666666666666667
9185,365840,0.6433060000151283,0.04349640430882573,6.0,0.7666666666666667
9186,365863,0.6432835750151292,0.03437630255939439,6.0,0.7666666666666667
9187,365886,0.6432611500151302,0.042410740978084505,6.0,0.7666666666666667
9188,365909,0.6432387250151311,0.06747589446604252,6.0,0.7333333333333333
9189,365991,0.6431587750151345,0.1551755988621153,6.0,0.8
9190,366041,0.6431100250151366,0.10069443797692657,6.0,0.8333333333333334
9191,366064,0.6430876000151375,0.04378606908721849,6.0,0.8333333333333334
9192,366115,0.6430378750151396,0.11352899292251095,6.0,0.8666666666666667
9193,366215,0.6429403750151438,0.19182560860645026,6.0,0.8666666666666667
9194,366236,0.6429199000151447,0.04666989529505372,6.0,0.8666666666666667
9195,366310,0.6428477500151477,0.11538872279925272,6.0,0.9
9196,366361,0.6427980250151498,0.07644983049249277,6.0,0.9
9197,366462,0.642699550015154,0.15605669340584427,6.0,0.9666666666666667
9198,366534,0.642629350015157,0.1300355157291051,6.0,0.9
9199,366557,0.6426069250151579,0.03644457628251985,6.0,0.8333333333333334
9200,366578,0.6425864500151588,0.030662779114209116,6.0,0.8
9201,366601,0.6425640250151597,0.031158337311353534,6.0,0.7333333333333333
9202,366652,0.6425143000151619,0.06607500225072727,6.0,0.7666666666666667
9203,366675,0.6424918750151628,0.03269054793054238,6.0,0.7666666666666667
9204,366698,0.6424694500151638,0.03727027302375063,6.0,0.7666666666666667
9205,366721,0.6424470250151647,0.031159369129454717,6.0,0.7666666666666667
9206,366744,0.6424246000151657,0.03229869744973257,6.0,0.7333333333333333
9207,366767,0.6424021750151666,0.03341936704237014,6.0,0.7
9208,366865,0.6423066250151707,0.13664434774545953,6.0,0.7666666666666667
9209,366888,0.6422842000151716,0.03391918068518862,6.0,0.7333333333333333
9210,366911,0.6422617750151726,0.02965685457456857,6.0,0.7333333333333333
9211,366934,0.6422393500151735,0.027056926279328763,6.0,0.7333333333333333
9212,366955,0.6422188750151744,0.023856519372202456,6.0,0.6333333333333333
9213,367128,0.6420502000151815,0.20082336410996504,6.0,0.6666666666666666
9214,367231,0.6419497750151858,0.1311342935950961,6.0,0.6666666666666666
9215,367254,0.6419273500151867,0.027491635002661496,6.0,0.6666666666666666
9216,367277,0.6419049250151877,0.02485859050648287,6.0,0.6666666666666666
9217,367375,0.6418093750151918,0.11731599958147854,6.0,0.7333333333333333
9218,367448,0.6417382000151948,0.08916938668699004,6.0,0.7666666666666667
9219,367522,0.6416660500151978,0.09293462577625178,6.0,0.7333333333333333
9220,367545,0.6416436250151988,0.028862953942734748,6.0,0.7
9221,367568,0.6416212000151997,0.02208402907126583,6.0,0.7
9222,367591,0.6415987750152007,0.02298257889924571,6.0,0.6666666666666666
9223,367614,0.6415763500152016,0.032586316869128495,6.0,0.6
9224,367665,0.6415266250152037,0.056718317326158285,6.0,0.6333333333333333
9225,367818,0.6413774500152101,0.21823469194350764,6.0,0.7333333333333333
9226,367841,0.641355025015211,0.03433899287483655,6.0,0.7
9227,367864,0.641332600015212,0.044067491427995265,6.0,0.6333333333333333
9228,367887,0.6413101750152129,0.024807832291116938,6.0,0.6
9229,367910,0.6412877500152139,0.02539089065976441,6.0,0.6
9230,367933,0.6412653250152148,0.026519304257817566,6.0,0.6
9231,368086,0.6411161500152212,0.19364685655455105,6.0,0.7333333333333333
9232,368109,0.6410937250152221,0.0213536168448627,6.0,0.7
9233,368181,0.6410235250152251,0.07093380589503795,6.0,0.7333333333333333
9234,368234,0.6409718500152273,0.07243919203756377,6.0,0.7666666666666667
9235,368316,0.6408919000152307,0.12426766540738754,6.0,0.8333333333333334
9236,368367,0.6408421750152328,0.05390789613011293,6.0,0.8666666666666667
9237,368388,0.6408217000152336,0.031781372614204884,6.0,0.8666666666666667
9238,368457,0.6407544250152365,0.09286571032134816,6.0,0.8333333333333334
9239,368480,0.6407320000152374,0.03262993530370295,6.0,0.8333333333333334
9240,368503,0.6407095750152384,0.021603729808703065,6.0,0.8333333333333334
9241,368526,0.6406871500152393,0.021145391248865053,6.0,0.8333333333333334
9242,368577,0.6406374250152415,0.04647846342413686,6.0,0.8666666666666667
9243,368600,0.6406150000152424,0.02319111517863348,6.0,0.7333333333333333
9244,368651,0.6405652750152445,0.06396485524601303,6.0,0.7
9245,368674,0.6405428500152455,0.03543122936389409,6.0,0.7
9246,368797,0.6404229250152506,0.13243300262547564,6.0,0.7666666666666667
9247,368818,0.6404024500152514,0.03026382374810055,6.0,0.7
9248,368841,0.6403800250152524,0.0279697006335482,6.0,0.6666666666666666
9249,368952,0.640271800015257,0.1533454438613262,6.0,0.7333333333333333
9250,369003,0.6402220750152591,0.06402958807302639,6.0,0.7666666666666667
9251,369103,0.6401245750152632,0.13187947095138952,6.0,0.8333333333333334
9252,369126,0.6401021500152642,0.03929862519726157,6.0,0.8333333333333334
9253,369294,0.6399383500152711,0.26538361731218174,6.0,0.9333333333333333
9254,369317,0.6399159250152721,0.02561389878974296,6.0,0.9
9255,369340,0.639893500015273,0.021788793412270024,6.0,0.7666666666666667
9256,369393,0.6398418250152752,0.057228583202231675,6.0,0.8
9257,369416,0.6398194000152762,0.021420388482511044,6.0,0.8
9258,369437,0.639798925015277,0.04064418072812259,6.0,0.8
9259,369488,0.6397492000152791,0.07893294320092537,6.0,0.8333333333333334
9260,369589,0.6396507250152833,0.16434963879873976,6.0,0.9
9261,369640,0.6396010000152854,0.07714025973109528,6.0,0.8
9262,369760,0.6394840000152904,0.16755940823350102,6.0,0.8666666666666667
9263,369783,0.6394615750152913,0.03560268643195741,6.0,0.8333333333333334
9264,369837,0.6394089250152936,0.057900687475921586,6.0,0.8333333333333334
9265,370057,0.6391944250153027,0.5548975022684317,6.0,0.9333333333333333
9266,370108,0.6391447000153048,0.2896572444587946,6.0,0.9333333333333333
9267,370177,0.6390774250153076,0.3482801230857149,6.0,0.9666666666666667
9268,370346,0.6389126500153146,0.6520981578505598,6.0,1.0666666666666667
9269,370369,0.6388902250153156,0.08365395001601428,6.0,1.0666666666666667
9270,370488,0.6387742000153205,0.41339266957947984,6.0,1.1333333333333333
9271,370511,0.6387517750153214,0.05878568580374122,6.0,1.1333333333333333
9272,370534,0.6387293500153224,0.06684853043407202,6.0,1.1
9273,370557,0.6387069250153233,0.06299269432201982,6.0,1.1
9274,370580,0.6386845000153243,0.07750979077536613,6.0,1.0666666666666667
9275,370603,0.6386620750153252,0.0644685477600433,6.0,1.0666666666666667
9276,370687,0.6385801750153287,0.18951301439665258,6.0,1.0666666666666667
9277,370775,0.6384943750153323,0.16742870112648234,6.0,1.1333333333333333
9278,370798,0.6384719500153333,0.03778914228314534,6.0,1.1333333333333333
9279,370821,0.6384495250153343,0.05030512675875798,6.0,1.0333333333333334
9280,371015,0.6382603750153423,0.39551602833671495,6.0,1.1666666666666667
9281,371066,0.6382106500153444,0.10277208097977564,6.0,1.1333333333333333
9282,371089,0.6381882250153453,0.04822526534553617,6.0,1.1333333333333333
9283,371112,0.6381658000153463,0.07427638571243733,6.0,1.0333333333333334
9284,371135,0.6381433750153472,0.056989794597029686,6.0,1.0333333333333334
9285,371186,0.6380936500153493,0.12010893662227318,6.0,1.0666666666666667
9286,371209,0.6380712250153503,0.03587537771090865,6.0,1.0333333333333334
9287,371230,0.6380507500153512,0.04735391039866954,6.0,1.0333333333333334
9288,371253,0.6380283250153521,0.04312743339687586,6.0,1.0333333333333334
9289,371276,0.6380059000153531,0.04039133165497333,6.0,1.0
9290,371297,0.6379854250153539,0.039196124067530036,6.0,0.9333333333333333
9291,371320,0.6379630000153549,0.04942816047696397,6.0,0.9
9292,371371,0.637913275015357,0.09863750683143735,6.0,0.8666666666666667
9293,371522,0.6377660500153632,0.30161728319944814,6.0,0.9666666666666667
9294,371574,0.6377153500153654,0.08473528118338436,6.0,0.9666666666666667
9295,371597,0.6376929250153663,0.03415210318053141,6.0,0.8
9296,371620,0.6376705000153673,0.042309675249271095,6.0,0.7666666666666667
9297,371643,0.6376480750153682,0.036180452385451645,6.0,0.7333333333333333
9298,371666,0.6376256500153692,0.039620847266633064,6.0,0.6
9299,371689,0.6376032250153701,0.040436305629555136,6.0,0.6
9300,371712,0.6375808000153711,0.03367161989444867,6.0,0.5333333333333333
9301,371763,0.6375310750153732,0.07906286604702473,6.0,0.5666666666666667
9302,371786,0.6375086500153742,0.04688327049370855,6.0,0.5666666666666667
9303,371809,0.6374862250153751,0.034974893962498754,6.0,0.5666666666666667
9304,371879,0.637417975015378,0.09878426833893172,6.0,0.6
9305,371980,0.6373195000153822,0.17253178506507538,6.0,0.6666666666666666
9306,372031,0.6372697750153843,0.08041859301738441,6.0,0.6333333333333333
9307,372052,0.6372493000153852,0.030930652632378042,6.0,0.5666666666666667
9308,372075,0.6372268750153861,0.038347803347278386,6.0,0.5666666666666667
9309,372126,0.6371771500153882,0.0634778258681763,6.0,0.6
9310,372149,0.6371547250153892,0.026486638642381877,6.0,0.43333333333333335
9311,372200,0.6371050000153913,0.0832803480734583,6.0,0.43333333333333335
9312,372223,0.6370825750153922,0.027732899703551084,6.0,0.43333333333333335
9313,372246,0.6370601500153932,0.02981788499164395,6.0,0.43333333333333335
9314,372269,0.6370377250153941,0.02512268302962184,6.0,0.43333333333333335
9315,372368,0.6369412000153982,0.14782656732131727,6.0,0.4666666666666667
9316,372468,0.6368437000154024,0.1760209541535005,6.0,0.5333333333333333
9317,372601,0.6367140250154079,0.19020578131312504,6.0,0.6333333333333333
9318,372622,0.6366935500154087,0.03932759980671108,6.0,0.6333333333333333
9319,372725,0.636593125015413,0.13967716845218092,6.0,0.7
9320,372776,0.6365434000154151,0.0545601645426359,6.0,0.7333333333333333
9321,372799,0.636520975015416,0.029824605386238545,6.0,0.7333333333333333
9322,372820,0.6365005000154169,0.036361771111842245,6.0,0.7
9323,372871,0.636450775015419,0.07555536850122735,6.0,0.6333333333333333
9324,372894,0.63642835001542,0.029962233296828344,6.0,0.6
9325,373044,0.6362821000154262,0.2277069376432337,6.0,0.7
9326,373067,0.6362596750154271,0.026861934165935963,6.0,0.7
9327,373163,0.6361660750154311,0.1594425461080391,6.0,0.7666666666666667
9328,373186,0.636143650015432,0.03601587761659175,6.0,0.7666666666666667
9329,373209,0.636121225015433,0.03119676688220352,6.0,0.7666666666666667
9330,373232,0.636098800015434,0.04294166978797875,6.0,0.7666666666666667
9331,373354,0.635979850015439,0.15106865420239046,6.0,0.8
9332,373375,0.6359593750154399,0.023465541831683367,6.0,0.8
9333,373475,0.635861875015444,0.14087819660198875,6.0,0.8666666666666667
9334,373547,0.635791675015447,0.08647746866336092,6.0,0.8666666666666667
9335,373651,0.6356902750154513,0.13894324822467752,6.0,0.8666666666666667
9336,373723,0.6356200750154543,0.09892571231466718,6.0,0.8666666666666667
9337,373744,0.6355996000154551,0.022127502772491425,6.0,0.8666666666666667
9338,373767,0.6355771750154561,0.022136771760415286,6.0,0.8666666666666667
9339,373790,0.635554750015457,0.02817898988723755,6.0,0.8333333333333334
9340,373813,0.635532325015458,0.026791409793077037,6.0,0.8333333333333334
9341,373934,0.635414350015463,0.15328848629724234,6.0,0.8666666666666667
9342,373957,0.6353919250154639,0.03641420154599473,6.0,0.8666666666666667
9343,373978,0.6353714500154648,0.01980451276176609,6.0,0.8666666666666667
9344,374074,0.6352778500154688,0.10635774602997117,6.0,0.9333333333333333
9345,374095,0.6352573750154696,0.02568845934001729,6.0,0.8666666666666667
9346,374118,0.6352349500154706,0.02806467009941116,6.0,0.8
9347,374141,0.6352125250154715,0.023838944907765836,6.0,0.7
9348,374213,0.6351423250154745,0.08859603198652621,6.0,0.7333333333333333
9349,374234,0.6351218500154754,0.021836954896571115,6.0,0.6666666666666666
9350,374257,0.6350994250154763,0.028271596936974674,6.0,0.6333333333333333
9351,374280,0.6350770000154773,0.02617495006415993,6.0,0.6333333333333333
9352,374401,0.6349590250154823,0.19114265689859167,6.0,0.7
9353,374502,0.6348605500154865,0.1254490035935305,6.0,0.7333333333333333
9354,374525,0.6348381250154874,0.021204237011261284,6.0,0.7333333333333333
9355,374600,0.6347650000154905,0.07881571352481842,6.0,0.6666666666666666
9356,374623,0.6347425750154915,0.029564228549133986,6.0,0.6666666666666666
9357,374646,0.6347201500154924,0.02531113411532715,6.0,0.6
9358,374669,0.6346977250154934,0.03313077593338676,6.0,0.6
9359,374692,0.6346753000154943,0.03025823220377788,6.0,0.6
9360,374743,0.6346255750154964,0.09071239933837205,6.0,0.6333333333333333
9361,374814,0.6345563500154994,0.09989301828318276,6.0,0.6
9362,374863,0.6345085750155014,0.058757812483236194,6.0,0.6333333333333333
9363,374886,0.6344861500155023,0.040648396156029776,6.0,0.5666666666666667
9364,374909,0.6344637250155033,0.043509707174962386,6.0,0.5333333333333333
9365,374932,0.6344413000155043,0.04273161676246673,6.0,0.4666666666666667
9366,374955,0.6344188750155052,0.02604186930693686,6.0,0.43333333333333335
9367,375126,0.6342521500155123,0.8627048181369901,6.0,0.5333333333333333
9368,375277,0.6341049250155185,0.6078573893755674,6.0,0.6333333333333333
9369,375300,0.6340825000155195,0.0637800277909264,6.0,0.6333333333333333
9370,375323,0.6340600750155204,0.07607303647091612,6.0,0.6333333333333333
9371,375421,0.6339645250155245,0.40553433634340763,6.0,0.6333333333333333
9372,375444,0.6339421000155254,0.06486171449068934,6.0,0.6333333333333333
9373,375526,0.6338621500155288,0.24985284206923097,6.0,0.7
9374,375675,0.633716875015535,0.4196578011615202,6.0,0.7333333333333333
9375,375828,0.6335677000155413,0.38767927093431354,6.0,0.8333333333333334
9376,375851,0.6335452750155423,0.04406509833643213,6.0,0.8333333333333334
9377,375934,0.6334643500155457,0.17167035065358505,6.0,0.9
9378,375985,0.6334146250155478,0.1463737840531394,6.0,0.9
9379,376037,0.63336392501555,0.11496532964520156,6.0,0.9333333333333333
9380,376060,0.6333415000155509,0.036824323469772935,6.0,0.9333333333333333
9381,376083,0.6333190750155518,0.036300670879427344,6.0,0.9333333333333333
9382,376106,0.6332966500155528,0.04573649575468153,6.0,0.8666666666666667
9383,376224,0.6331816000155577,0.2531369819189422,6.0,0.8666666666666667
9384,376325,0.6330831250155619,0.1747864024946466,6.0,0.9333333333333333
9385,376346,0.6330626500155627,0.03768563875928521,6.0,0.9
9386,376369,0.6330402250155637,0.03519731160486117,6.0,0.9
9387,376485,0.6329271250155685,0.22306704754009843,6.0,1.0
9388,376553,0.6328608250155713,0.1396182012395002,6.0,1.0333333333333334
9389,376576,0.6328384000155722,0.042479991156142205,6.0,1.0333333333333334
9390,376599,0.6328159750155732,0.04789354917011224,6.0,1.0
9391,376716,0.632701900015578,0.18789731693686917,6.0,1.0666666666666667
9392,376739,0.632679475015579,0.03096557763637975,6.0,1.0333333333333334
9393,376760,0.6326590000155798,0.038536412990652025,6.0,1.0333333333333334
9394,376781,0.6326385250155807,0.03920446697156876,6.0,1.0333333333333334
9395,376804,0.6326161000155817,0.033833860768936574,6.0,1.0333333333333334
9396,376970,0.6324542500155885,0.23999539072974585,6.0,1.1333333333333333
9397,377021,0.6324045250155906,0.07845952161005698,6.0,1.0666666666666667
9398,377044,0.6323821000155916,0.04228645938565023,6.0,0.9666666666666667
9399,377067,0.6323596750155925,0.03623433131724596,6.0,0.9666666666666667
9400,377090,0.6323372500155935,0.03379086178028956,6.0,0.9666666666666667
9401,377113,0.6323148250155944,0.03287268028361723,6.0,0.9
9402,377243,0.6321880750155998,0.16659672916284762,6.0,1.0
9403,377343,0.632090575015604,0.11549843239481561,6.0,1.0
9404,377396,0.6320389000156061,0.07168846164131537,6.0,0.9333333333333333
9405,377451,0.6319852750156084,0.07662561588222161,6.0,0.8666666666666667
9406,377575,0.6318643750156135,0.2114075788995251,6.0,0.9333333333333333
9407,377693,0.6317493250156184,0.18369750285637565,6.0,0.9333333333333333
9408,377795,0.6316498750156226,0.1600341890589334,6.0,0.9666666666666667
9409,377977,0.6314724250156302,0.2924403884098865,6.0,1.1
9410,378029,0.6314217250156323,0.09287017624592409,6.0,1.1333333333333333
9411,378052,0.6313993000156333,0.03432880825130269,6.0,1.1333333333333333
9412,378075,0.6313768750156342,0.04082513233879581,6.0,1.1333333333333333
9413,378098,0.6313544500156352,0.034984515252290294,6.0,1.0666666666666667
9414,378121,0.6313320250156361,0.03650265641044825,6.0,1.0
9415,378144,0.6313096000156371,0.0284290739800781,6.0,1.0
9416,378216,0.63123940001564,0.08936513151274994,6.0,1.0333333333333334
9417,378290,0.6311672500156431,0.11518142523709685,6.0,0.9666666666666667
9418,378460,0.6310015000156501,0.27516532299341634,6.0,1.0333333333333334
9419,378483,0.6309790750156511,0.05469176732003689,6.0,1.0333333333333334
9420,378506,0.630956650015652,0.04002701921854168,6.0,1.0333333333333334
9421,378529,0.630934225015653,0.02856223681010306,6.0,0.9333333333333333
9422,378578,0.630886450015655,0.09129507196485065,6.0,0.9666666666666667
9423,378601,0.630864025015656,0.032307960849720985,6.0,0.9666666666666667
9424,378622,0.6308435500156568,0.028354161098832265,6.0,0.9666666666666667
9425,378643,0.6308230750156577,0.040740348282270133,6.0,0.9666666666666667
9426,378666,0.6308006500156587,0.041130793339107186,6.0,0.8666666666666667
9427,378746,0.630722650015662,0.12954972320585512,6.0,0.9
9428,378869,0.630602725015667,0.1784532974998001,6.0,0.9666666666666667
9429,378944,0.6305296000156702,0.11099315487081185,6.0,1.0
9430,378967,0.6305071750156711,0.030380385258467868,6.0,1.0
9431,379020,0.6304555000156733,0.06634341570315883,6.0,1.0333333333333334
9432,379043,0.6304330750156742,0.02783972240285948,6.0,0.9333333333333333
9433,379232,0.6302488000156821,0.26970224277465604,6.0,1.0
9434,379330,0.6301532500156861,0.18069522269070148,6.0,1.0333333333333334
9435,379401,0.630084025015689,0.09170977745088749,6.0,1.0333333333333334
9436,379424,0.63006160001569,0.03429663140559569,6.0,0.9666666666666667
9437,379474,0.6300128500156921,0.06384829469607212,6.0,0.9333333333333333
9438,379495,0.6299923750156929,0.028383227065205574,6.0,0.8666666666666667
9439,379646,0.6298451500156992,0.21045620110817254,6.0,0.8
9440,379746,0.6297476500157033,0.1275685717992019,6.0,0.8333333333333334
9441,379818,0.6296774500157063,0.09544167265994474,6.0,0.8666666666666667
9442,379885,0.6296121250157091,0.08367378750699572,6.0,0.9
9443,379936,0.6295624000157112,0.07261269498849288,6.0,0.9333333333333333
9444,379959,0.6295399750157121,0.02826760074822232,6.0,0.9333333333333333
9445,379982,0.6295175500157131,0.023153980466304347,6.0,0.9333333333333333
9446,380005,0.629495125015714,0.04868269577855244,6.0,0.9
9447,380152,0.6293518000157201,0.823921047267504,6.0,0.9666666666666667
9448,380323,0.6291850750157272,0.8237299092579633,6.0,1.0
9449,380444,0.6290671000157322,0.4136190945864655,6.0,1.0666666666666667
9450,380467,0.6290446750157331,0.06319879705552012,6.0,1.0666666666666667
9451,380490,0.6290222500157341,0.06753718270920217,6.0,1.0666666666666667
9452,380511,0.629001775015735,0.052022759220562875,6.0,1.0333333333333334
9453,380534,0.6289793500157359,0.05926141398958862,6.0,1.0333333333333334
9454,380557,0.6289569250157369,0.06715128844371065,6.0,1.0333333333333334
9455,380580,0.6289345000157378,0.06261813483433798,6.0,1.0333333333333334
9456,380664,0.6288526000157413,0.2913492408115417,6.0,1.1
9457,380734,0.6287843500157442,0.22245385061251,6.0,1.0666666666666667
9458,380757,0.6287619250157451,0.05259342206409201,6.0,1.0
9459,380829,0.6286917250157481,0.22026405052747577,6.0,1.0
9460,380928,0.6285952000157522,0.2528085056110285,6.0,1.0666666666666667
9461,380998,0.6285269500157551,0.1594230838236399,6.0,1.0666666666666667
9462,381019,0.628506475015756,0.049933778995182365,6.0,1.0666666666666667
9463,381042,0.6284840500157569,0.04757004359271377,6.0,0.9333333333333333
9464,381126,0.6284021500157604,0.1703216714086011,6.0,0.9333333333333333
9465,381198,0.6283319500157634,0.14638732973253354,6.0,0.9333333333333333
9466,381296,0.6282364000157674,0.2328912416123785,6.0,1.0
9467,381349,0.6281847250157696,0.09956184274051338,6.0,1.0
9468,381370,0.6281642500157705,0.0425470732152462,6.0,1.0
9469,381470,0.6280667500157746,0.18849718914134428,6.0,0.9666666666666667
9470,381554,0.6279848500157781,0.1385376374819316,6.0,0.9666666666666667
9471,381753,0.6277908250157863,0.3595172688656021,6.0,1.1333333333333333
9472,381822,0.6277235500157892,0.10332544246921316,6.0,1.1333333333333333
9473,381845,0.6277011250157901,0.04862380510894582,6.0,1.1
9474,381916,0.627631900015793,0.13085966842481866,6.0,1.1333333333333333
9475,381939,0.627609475015794,0.042014725622721016,6.0,1.1333333333333333
9476,382108,0.627444700015801,0.30804323917254806,6.0,1.2333333333333334
9477,382129,0.6274242250158019,0.04539131140336394,6.0,1.1333333333333333
9478,382181,0.627373525015804,0.07886824366869405,6.0,1.0333333333333334
9479,382204,0.627351100015805,0.028632803412619978,6.0,0.9666666666666667
9480,382227,0.6273286750158059,0.03755971364444122,6.0,0.9666666666666667
9481,382296,0.6272614000158088,0.10237501538358629,6.0,1.0
9482,382396,0.6271639000158129,0.12501480875653215,6.0,1.0666666666666667
9483,382515,0.6270478750158178,0.1535628086712677,6.0,1.1333333333333333
9484,382538,0.6270254500158188,0.03844475490041077,6.0,1.1333333333333333
9485,382589,0.6269757250158209,0.08922901240293868,6.0,1.1666666666666667
9486,382612,0.6269533000158218,0.03552698373096064,6.0,1.1
9487,382635,0.6269308750158228,0.030372594017535448,6.0,1.0666666666666667
9488,382733,0.6268353250158268,0.13549617788521573,6.0,1.1333333333333333
9489,382756,0.6268129000158278,0.04050464677857235,6.0,1.1
9490,382779,0.6267904750158287,0.046315663086716086,6.0,1.0333333333333334
9491,382898,0.6266744500158337,0.17086454457603395,6.0,1.0666666666666667
9492,382968,0.6266062000158366,0.09130862657912076,6.0,1.1
9493,383095,0.6264823750158418,0.1673411528172437,6.0,1.1666666666666667
9494,383217,0.6263634250158469,0.15511888643959537,6.0,1.1666666666666667
9495,383238,0.6263429500158477,0.02711268817074597,6.0,1.1333333333333333
9496,383289,0.6262932250158498,0.1526758453983348,6.0,1.1
9497,383312,0.6262708000158508,0.03602559329010546,6.0,1.0666666666666667
9498,383523,0.6260650750158595,0.33799320613616146,6.0,1.2333333333333334
9499,383544,0.6260446000158604,0.044532831059768796,6.0,1.1666666666666667
9500,383567,0.6260221750158613,0.04065070120850578,6.0,1.1
9501,383590,0.6259997500158623,0.028903562983032316,6.0,0.9
9502,383661,0.6259305250158652,0.1094633738975972,6.0,0.9
9503,383682,0.6259100500158661,0.03771258165943436,6.0,0.9
9504,383803,0.6257920750158711,0.15424798565800302,6.0,0.9333333333333333
9505,383925,0.6256731250158761,0.1653602654405404,6.0,1.0
9506,383948,0.6256507000158771,0.03403512731892988,6.0,0.9
9507,383969,0.625630225015878,0.028707564517389983,6.0,0.9
9508,383992,0.6256078000158789,0.037353007995989174,6.0,0.8666666666666667
9509,384015,0.6255853750158799,0.05019122833618894,6.0,0.8666666666666667
9510,384083,0.6255190750158827,0.10943611196125858,6.0,0.9
9511,384106,0.6254966500158836,0.041538885619957,6.0,0.8666666666666667
9512,384129,0.6254742250158846,0.03672601841390133,6.0,0.8
9513,384152,0.6254518000158855,0.039439492742531,6.0,0.7333333333333333
9514,384201,0.6254040250158875,0.11220790853258222,6.0,0.7666666666666667
9515,384224,0.6253816000158885,0.04757978703128174,6.0,0.7333333333333333
9516,384275,0.6253318750158906,0.0868421359336935,6.0,0.7666666666666667
9517,384296,0.6253114000158915,0.029941141547169536,6.0,0.7666666666666667
9518,384365,0.6252441250158943,0.11031641822773963,6.0,0.7333333333333333
9519,384386,0.6252236500158952,0.03112831321777776,6.0,0.7333333333333333
9520,384559,0.6250549750159023,0.3077470457646996,6.0,0.8333333333333334
9521,384736,0.6248824000159097,0.24964777621789835,6.0,0.9333333333333333
9522,384834,0.6247868500159137,0.16575035423738882,6.0,0.9666666666666667
9523,384906,0.6247166500159167,0.10308932646876201,6.0,0.9333333333333333
9524,384929,0.6246942250159176,0.03145397803746164,6.0,0.8666666666666667
9525,384952,0.6246718000159186,0.022475976322311908,6.0,0.8666666666666667
9526,385052,0.6245743000159227,0.4010619923938066,6.0,0.9
9527,385075,0.6245518750159237,0.13839784963056445,6.0,0.9
9528,385098,0.6245294500159246,0.1292919076513499,6.0,0.7333333333333333
9529,385149,0.6244797250159267,0.2224693224998191,6.0,0.7666666666666667
9530,385172,0.6244573000159277,0.11151859490200877,6.0,0.7666666666666667
9531,385223,0.6244075750159298,0.23621714860200882,6.0,0.8
9532,385325,0.624308125015934,0.4534664488164708,6.0,0.8333333333333334
9533,385444,0.6241921000159389,0.42290160013362765,6.0,0.9
9534,385565,0.624074125015944,0.4023018355946988,6.0,0.9
9535,385588,0.6240517000159449,0.08109791087917984,6.0,0.8333333333333334
9536,385691,0.6239512750159492,0.3209864089731127,6.0,0.9
9537,385885,0.6237621250159572,0.5021679975907318,6.0,1.0666666666666667
9538,385960,0.6236890000159603,0.17811822961084545,6.0,1.1
9539,386058,0.6235934500159643,0.23843747639330104,6.0,1.1666666666666667
9540,386081,0.6235710250159653,0.03970969340298325,6.0,1.1333333333333333
9541,386134,0.6235193500159675,0.13135228748433292,6.0,1.1666666666666667
9542,386232,0.6234238000159715,0.24712062446633354,6.0,1.2333333333333334
9543,386303,0.6233545750159745,0.1811915062717162,6.0,1.2666666666666666
9544,386326,0.6233321500159754,0.057354295742698014,6.0,1.2333333333333334
9545,386349,0.6233097250159764,0.044083363318350166,6.0,1.2333333333333334
9546,386372,0.6232873000159773,0.044911307049915195,6.0,1.2
9547,386423,0.6232375750159794,0.08885763349826448,6.0,1.2333333333333334
9548,386446,0.6232151500159804,0.03963686735369265,6.0,1.2
9549,386469,0.6231927250159813,0.046003338880836964,6.0,1.2
9550,386587,0.6230776750159862,0.20767721708398312,6.0,1.1666666666666667
9551,386658,0.6230084500159891,0.1303753717802465,6.0,1.0333333333333334
9552,386758,0.6229109500159933,0.20290403591934592,6.0,1.0333333333333334
9553,386781,0.6228885250159942,0.03876044973731041,6.0,1.0
9554,386832,0.6228388000159963,0.10715226287720725,6.0,1.0333333333333334
9555,386855,0.6228163750159973,0.040407350868918,6.0,1.0333333333333334
9556,386926,0.6227471500160002,0.11749761045211926,6.0,1.0
9557,386949,0.6227247250160012,0.03540190740022808,6.0,1.0
9558,386972,0.6227023000160021,0.042075821256730705,6.0,1.0
9559,387184,0.6224956000160109,0.40586073076701723,6.0,1.1333333333333333
9560,387207,0.6224731750160118,0.03903907199855894,6.0,1.1333333333333333
9561,387230,0.6224507500160128,0.03517020947765559,6.0,1.1
9562,387419,0.6222664750160206,0.33851777616655454,6.0,1.1666666666666667
9563,387569,0.6221202250160268,0.23260900244349614,6.0,1.2
9564,387590,0.6220997500160277,0.030429104168433696,6.0,1.1333333333333333
9565,387613,0.6220773250160286,0.03779987583402544,6.0,1.1333333333333333
9566,387665,0.6220266250160308,0.1028478019288741,6.0,1.1
9567,387688,0.6220042000160317,0.04176997969625518,6.0,0.9333333333333333
9568,387815,0.621880375016037,0.19534177958848886,6.0,1.0
9569,387838,0.6218579500160379,0.03919940095511265,6.0,0.9333333333333333
9570,387937,0.621761425016042,0.15690073295263574,6.0,1.0
9571,388035,0.6216658750160461,0.15007157035870478,6.0,1.0333333333333334
9572,388235,0.6214708750160544,0.3145797022152692,6.0,1.1333333333333333
9573,388356,0.6213529000160594,0.2416836968041025,6.0,1.1666666666666667
9574,388429,0.6212817250160624,0.12427747904439457,6.0,1.2
9575,388553,0.6211608250160675,0.20121292740805075,6.0,1.2666666666666666
9576,388576,0.6211384000160685,0.03912913898238912,6.0,1.2666666666666666
9577,388625,0.6210906250160705,0.08776630600914359,6.0,1.2666666666666666
9578,388723,0.6209950750160745,0.12219975210609846,6.0,1.3333333333333333
9579,388744,0.6209746000160754,0.02876196152647026,6.0,1.3333333333333333
9580,388815,0.6209053750160783,0.07683592563262209,6.0,1.3
9581,388838,0.6208829500160793,0.02333845425164327,6.0,1.2666666666666666
9582,388907,0.6208156750160821,0.09475387880229391,6.0,1.2333333333333334
9583,388928,0.620795200016083,0.035933683917392045,6.0,1.2333333333333334
9584,388951,0.620772775016084,0.033984502661041915,6.0,1.2
9585,388974,0.6207503500160849,0.02205955539830029,6.0,1.2
9586,388997,0.6207279250160859,0.04388790362281725,6.0,1.1666666666666667
9587,389171,0.6205582750160931,0.25561000301968306,6.0,1.3
9588,389222,0.6205085500160952,0.06431281502591446,6.0,1.3333333333333333
9589,389342,0.6203915500161001,0.15662646177224815,6.0,1.2333333333333334
9590,389365,0.6203691250161011,0.02687007316853851,6.0,1.2333333333333334
9591,389388,0.620346700016102,0.03126271234941669,6.0,1.2333333333333334
9592,389439,0.6202969750161041,0.0556140148837585,6.0,1.1333333333333333
9593,389462,0.6202745500161051,0.02838602993870154,6.0,1.0333333333333334
9594,389545,0.6201936250161085,0.14267822279362008,6.0,1.1
9595,389675,0.6200668750161139,0.1790676795062609,6.0,1.2
9596,389726,0.620017150016116,0.05946638551540673,6.0,1.2
9597,389749,0.619994725016117,0.025756356422789395,6.0,1.2
9598,389820,0.6199255000161199,0.0778373054927215,6.0,1.1333333333333333
9599,389871,0.619875775016122,0.07389395765494555,6.0,1.1666666666666667
9600,389892,0.6198553000161229,0.031334352563135326,6.0,1.1
9601,389943,0.619805575016125,0.060662189149297774,6.0,1.0666666666666667
9602,390029,0.6197217250161285,0.2546807987091597,6.0,0.9666666666666667
9603,390199,0.6195559750161356,0.8389208030421287,6.0,1.0
9604,390222,0.6195335500161365,0.08140632242430001,6.0,0.9666666666666667
9605,390245,0.6195111250161375,0.09157274826429784,6.0,0.9
9606,390316,0.6194419000161404,0.34054801950696856,6.0,0.9333333333333333
9607,390447,0.6193141750161458,0.46757306420477107,6.0,1.0
9608,390470,0.6192917500161468,0.06439944938756526,6.0,0.9333333333333333
9609,390493,0.6192693250161477,0.08351491182111204,6.0,0.9333333333333333
9610,390516,0.6192469000161487,0.057712112786248326,6.0,0.9
9611,390588,0.6191767000161517,0.23016027687117457,6.0,0.9333333333333333
9612,390611,0.6191542750161526,0.06765164050739259,6.0,0.9
9613,390680,0.6190870000161555,0.19268990791169927,6.0,0.9333333333333333
9614,390703,0.6190645750161564,0.08166979800444096,6.0,0.9333333333333333
9615,390822,0.6189485500161613,0.27985438524046913,6.0,1.0
9616,390845,0.6189261250161623,0.047681616561021656,6.0,1.0
9617,390868,0.6189037000161632,0.059714662726037204,6.0,0.8666666666666667
9618,390919,0.6188539750161653,0.1454068185412325,6.0,0.8666666666666667
9619,390942,0.6188315500161663,0.05356235330691561,6.0,0.8
9620,391107,0.6186706750161731,0.32693441258743405,6.0,0.9
9621,391158,0.6186209500161752,0.11458154983120039,6.0,0.9333333333333333
9622,391179,0.6186004750161761,0.049896687327418476,6.0,0.9
9623,391280,0.6185020000161803,0.19285518204560503,6.0,0.9666666666666667
9624,391303,0.6184795750161812,0.04051496635656804,6.0,0.9
9625,391326,0.6184571500161822,0.04102958954172209,6.0,0.8
9626,391349,0.6184347250161831,0.03460852219723165,6.0,0.7666666666666667
9627,391513,0.6182748250161899,0.2976010858255904,6.0,0.8666666666666667
9628,391536,0.6182524000161909,0.03445145156001672,6.0,0.8333333333333334
9629,391559,0.6182299750161918,0.03193290741182864,6.0,0.8
9630,391630,0.6181607500161947,0.12220388563582674,6.0,0.8333333333333334
9631,391797,0.6179979250162017,0.30901136400643736,6.0,0.9
9632,391820,0.6179755000162026,0.04184127040207386,6.0,0.8333333333333334
9633,391843,0.6179530750162036,0.03409310564165935,6.0,0.7333333333333333
9634,391866,0.6179306500162045,0.030736907734535635,6.0,0.7333333333333333
9635,391889,0.6179082250162055,0.04216052414267324,6.0,0.7333333333333333
9636,391975,0.617824375016209,0.1275484887883067,6.0,0.7666666666666667
9637,392044,0.6177571000162119,0.1004666585358791,6.0,0.7
9638,392094,0.6177083500162139,0.0816586430883035,6.0,0.7333333333333333
9639,392117,0.6176859250162149,0.039019114163238555,6.0,0.7333333333333333
9640,392140,0.6176635000162158,0.02873447141610086,6.0,0.7333333333333333
9641,392163,0.6176410750162168,0.029100853949785233,6.0,0.7
9642,392214,0.6175913500162189,0.06509510675095953,6.0,0.7333333333333333
9643,392283,0.6175240750162218,0.10634854843374342,6.0,0.7333333333333333
9644,392451,0.6173602750162287,0.21098892309237272,6.0,0.8333333333333334
9645,392474,0.6173378500162297,0.030802786233834922,6.0,0.7666666666666667
9646,392546,0.6172676500162326,0.11449450996587984,6.0,0.8
9647,392567,0.6172471750162335,0.028938505216501653,6.0,0.8
9648,392590,0.6172247500162344,0.04298350034514442,6.0,0.7666666666666667
9649,392613,0.6172023250162354,0.03809462589561008,6.0,0.7666666666666667
9650,392634,0.6171818500162363,0.05390209687175229,6.0,0.6666666666666666
9651,392716,0.6171019000162397,0.10548193476279266,6.0,0.7
9652,392737,0.6170814250162405,0.03340734977973625,6.0,0.7
9653,392760,0.6170590000162415,0.02950377721572295,6.0,0.6333333333333333
9654,392949,0.6168747250162493,0.29081618986674584,6.0,0.7666666666666667
9655,393018,0.6168074500162521,0.09539182239677757,6.0,0.8
9656,393069,0.6167577250162543,0.09285216662101448,6.0,0.8333333333333334
9657,393092,0.6167353000162552,0.027697670535417274,6.0,0.7333333333333333
9658,393115,0.6167128750162562,0.03212706127669662,6.0,0.7333333333333333
9659,393199,0.6166309750162596,0.11473794496851042,6.0,0.8
9660,393222,0.6166085500162606,0.025934315635822713,6.0,0.7666666666666667
9661,393245,0.6165861250162615,0.02725548722082749,6.0,0.6666666666666666
9662,393314,0.6165188500162644,0.07830485099111684,6.0,0.7
9663,393337,0.6164964250162653,0.02304960336186923,6.0,0.7
9664,393360,0.6164740000162663,0.024179349769838154,6.0,0.7
9665,393383,0.6164515750162672,0.023217661859234795,6.0,0.7
9666,393483,0.6163540750162714,0.1384777630737517,6.0,0.7
9667,393600,0.6162400000162762,0.1550522244651802,6.0,0.7333333333333333
9668,393623,0.6162175750162772,0.028043463767971843,6.0,0.7
9669,393694,0.6161483500162801,0.07939696256653406,6.0,0.7333333333333333
9670,393747,0.6160966750162823,0.06933937245048583,6.0,0.7666666666666667
9671,393913,0.6159348250162892,0.2127959709323477,6.0,0.9333333333333333
9672,394033,0.6158178250162941,0.16967609248240478,6.0,0.9666666666666667
9673,394134,0.6157193500162983,0.19151013233931735,6.0,1.0
9674,394255,0.6156013750163033,0.19943506814888678,6.0,0.9666666666666667
9675,394361,0.6154980250163077,0.15635345966438763,6.0,1.0333333333333334
9676,394443,0.6154180750163111,0.16947985050501302,6.0,1.0666666666666667
9677,394466,0.615395650016312,0.06630899396259338,6.0,1.0666666666666667
9678,394517,0.6153459250163141,0.07838316218112595,6.0,1.1
9679,394586,0.615278650016317,0.11518628758494742,6.0,1.1333333333333333
9680,394607,0.6152581750163179,0.05223096947884187,6.0,1.1333333333333333
9681,394630,0.6152357500163188,0.03969280465389602,6.0,1.0666666666666667
9682,394653,0.6152133250163198,0.04344082286115736,6.0,1.0666666666666667
9683,394676,0.6151909000163207,0.03538559871958569,6.0,1.0666666666666667
9684,394699,0.6151684750163217,0.03425043576862663,6.0,0.9333333333333333
9685,394722,0.6151460500163226,0.02550649084150791,6.0,0.9
9686,394793,0.6150768250163255,0.09765632718335837,6.0,0.9
9687,394860,0.6150115000163283,0.09019884641747922,6.0,0.9333333333333333
9688,394911,0.6149617750163304,0.08600732989725657,6.0,0.9666666666666667
9689,394932,0.6149413000163313,0.03143164172070101,6.0,0.9
9690,394955,0.6149188750163322,0.025963277439586818,6.0,0.9
9691,395075,0.6148018750163372,0.5247476297372486,6.0,0.9666666666666667
9692,395096,0.6147814000163381,0.11475304793566465,6.0,0.9333333333333333
9693,395246,0.6146351500163443,0.7315741745987907,6.0,1.0666666666666667
9694,395269,0.6146127250163452,0.0975649970350787,6.0,1.0666666666666667
9695,395320,0.6145630000163473,0.19680306140799075,6.0,1.1
9696,395496,0.6143914000163546,0.5454013261478394,6.0,1.2
9697,395519,0.6143689750163556,0.06376533210277557,6.0,1.1333333333333333
9698,395571,0.6143182750163577,0.13850974920205772,6.0,1.1666666666666667
9699,395594,0.6142958500163587,0.06807322311215103,6.0,1.1333333333333333
9700,395647,0.6142441750163609,0.13817039603600278,6.0,1.1333333333333333
9701,395698,0.614194450016363,0.13342169421957806,6.0,1.0
9702,395819,0.614076475016368,0.3058830173686147,6.0,1.0
9703,395894,0.6140033500163711,0.16822534514358267,6.0,0.9666666666666667
9704,395917,0.613980925016372,0.0434555746614933,6.0,0.9
9705,396067,0.6138346750163782,0.42044911516131833,6.0,0.9333333333333333
9706,396167,0.6137371750163824,0.24457884853472933,6.0,0.9333333333333333
9707,396323,0.6135850750163888,0.3348012209753506,6.0,1.0666666666666667
9708,396346,0.6135626500163898,0.03948888089507818,6.0,1.0333333333333334
9709,396369,0.6135402250163907,0.033270123589318246,6.0,1.0
9710,396521,0.613392025016397,0.2679964700364508,6.0,1.1333333333333333
9711,396642,0.613274050016402,0.2522177709033713,6.0,1.2
9712,396665,0.613251625016403,0.049782183312345296,6.0,1.2
9713,396716,0.6132019000164051,0.09230091638164595,6.0,1.2333333333333334
9714,396766,0.6131531500164071,0.10634112331899814,6.0,1.2666666666666666
9715,396789,0.6131307250164081,0.04630820412421599,6.0,1.2666666666666666
9716,396840,0.6130810000164102,0.0768630409729667,6.0,1.2666666666666666
9717,396890,0.6130322500164123,0.07768559304531664,6.0,1.2666666666666666
9718,396913,0.6130098250164132,0.03860788111342117,6.0,1.2333333333333334
9719,396936,0.6129874000164142,0.02553718280978501,6.0,1.2333333333333334
9720,397068,0.6128587000164196,0.1820883823093027,6.0,1.3333333333333333
9721,397187,0.6127426750164245,0.19165941193932667,6.0,1.3333333333333333
9722,397210,0.6127202500164255,0.028601882164366543,6.0,1.3333333333333333
9723,397403,0.6125320750164335,0.31263996713096276,6.0,1.3333333333333333
9724,397426,0.6125096500164344,0.043316028313711286,6.0,1.3333333333333333
9725,397449,0.6124872250164354,0.049371758999768645,6.0,1.3
9726,397472,0.6124648000164363,0.043354820809327066,6.0,1.1333333333333333
9727,397495,0.6124423750164373,0.03704401361756027,6.0,1.1333333333333333
9728,397518,0.6124199500164382,0.03915865742601454,6.0,1.1
9729,397705,0.612237625016446,0.3655105934012681,6.0,1.2333333333333334
9730,397728,0.6122152000164469,0.03029588732169941,6.0,1.2
9731,397751,0.6121927750164479,0.03730570385232568,6.0,1.1666666666666667
9732,397774,0.6121703500164488,0.030935479269828647,6.0,1.1
9733,397797,0.6121479250164498,0.04796584905125201,6.0,1.0666666666666667
9734,397962,0.6119870500164566,0.2735539188142866,6.0,1.2
9735,398062,0.6118895500164607,0.12803402068675496,6.0,1.1666666666666667
9736,398085,0.6118671250164617,0.04249779839301482,6.0,1.1
9737,398108,0.6118447000164626,0.02870741777587682,6.0,0.9666666666666667
9738,398224,0.6117316000164674,0.1601767961983569,6.0,1.0333333333333334
9739,398344,0.6116146000164724,0.15875761260394938,6.0,1.1
9740,398418,0.6115424500164754,0.13224953273311257,6.0,1.0
9741,398441,0.6115200250164764,0.0307099423953332,6.0,0.9333333333333333
9742,398462,0.6114995500164773,0.029923575813882053,6.0,0.9333333333333333
9743,398485,0.6114771250164782,0.0286470465362072,6.0,0.9
9744,398508,0.6114547000164792,0.03127295174635947,6.0,0.8666666666666667
9745,398578,0.6113864500164821,0.09356963614118285,6.0,0.9
9746,398647,0.6113191750164849,0.13245155598269776,6.0,0.9
9747,398670,0.6112967500164859,0.030577604367863387,6.0,0.8666666666666667
9748,398693,0.6112743250164868,0.027773632435128093,6.0,0.8666666666666667
9749,398777,0.6111924250164903,0.11421820847317576,6.0,0.9333333333333333
9750,398800,0.6111700000164912,0.034718140319455415,6.0,0.8333333333333334
9751,398870,0.6111017500164941,0.07928371522575617,6.0,0.8
9752,398942,0.6110315500164971,0.09131572776823305,6.0,0.8333333333333334
9753,399042,0.6109340500165013,0.1208066408871673,6.0,0.7666666666666667
9754,399065,0.6109116250165022,0.02511783957015723,6.0,0.7666666666666667
9755,399088,0.6108892000165032,0.03763580083614215,6.0,0.7666666666666667
9756,399159,0.6108199750165061,0.14417046238668263,6.0,0.8
9757,399233,0.6107478250165091,0.10234547371510416,6.0,0.8333333333333334
9758,399302,0.610680550016512,0.11544940574094653,6.0,0.8666666666666667
9759,399424,0.610561600016517,0.15132091753184795,6.0,0.8
9760,399447,0.610539175016518,0.021472465683473274,6.0,0.8
9761,399470,0.610516750016519,0.03206157297245227,6.0,0.8
9762,399542,0.6104465500165219,0.13094366411678493,6.0,0.8333333333333334
9763,399611,0.6103792750165248,0.09187052535708062,6.0,0.8666666666666667
9764,399662,0.6103295500165269,0.06520600384101272,6.0,0.7666666666666667
9765,399715,0.6102778750165291,0.06948322014068253,6.0,0.7333333333333333
9766,399738,0.61025545001653,0.030138934002025053,6.0,0.7333333333333333
9767,399761,0.610233025016531,0.03316334605915472,6.0,0.7333333333333333
9768,399784,0.6102106000165319,0.0355617543682456,6.0,0.6666666666666666
9769,399807,0.6101881750165329,0.023020771332085133,6.0,0.6
9770,399830,0.6101657500165338,0.034892299270723015,6.0,0.5666666666666667
9771,399853,0.6101433250165348,0.02350283248233609,6.0,0.5666666666666667
9772,399874,0.6101228500165357,0.02963379048742354,6.0,0.5666666666666667
9773,399895,0.6101023750165365,0.03036763088312,6.0,0.5666666666666667
9774,399918,0.6100799500165375,0.02722232445375994,6.0,0.5666666666666667
9775,400041,0.6099600250165426,0.2986258715391159,6.0,0.6
9776,400113,0.6098898250165455,0.4211957829538733,6.0,0.6
9777,400185,0.6098196250165485,0.3477029906352982,6.0,0.6333333333333333
9778,400236,0.6097699000165506,0.2190269228303805,6.0,0.6666666666666666
9779,400259,0.6097474750165516,0.07198913814499974,6.0,0.6
9780,400280,0.6097270000165524,0.07966914353892207,6.0,0.6
9781,400303,0.6097045750165534,0.10698357690125704,6.0,0.5666666666666667
9782,400372,0.6096373000165562,0.27136369911022484,6.0,0.5666666666666667
9783,400395,0.6096148750165572,0.06622501695528626,6.0,0.5
9784,400416,0.6095944000165581,0.07977158203721046,6.0,0.5
9785,400439,0.609571975016559,0.07915133505593985,6.0,0.5
9786,400508,0.6095047000165619,0.22320210572797805,6.0,0.5
9787,400657,0.609359425016568,0.4187776133767329,6.0,0.5666666666666667
9788,400680,0.609337000016569,0.051581239560619,6.0,0.5333333333333333
9789,400703,0.6093145750165699,0.06073702231515199,6.0,0.4666666666666667
9790,400755,0.6092638750165721,0.12678960850462317,6.0,0.5
9791,400839,0.6091819750165756,0.22197706595761701,6.0,0.5666666666666667
9792,400921,0.609102025016579,0.17641687986906618,6.0,0.6
9793,401092,0.608935300016586,0.3939468365861103,6.0,0.7
9794,401113,0.6089148250165869,0.047160164220258594,6.0,0.6666666666666666
9795,401264,0.6087676000165931,0.30311076098587364,6.0,0.7333333333333333
9796,401287,0.6087451750165941,0.04815707780653611,6.0,0.7333333333333333
9797,401310,0.608722750016595,0.04207319093984552,6.0,0.7333333333333333
9798,401333,0.608700325016596,0.045547643152531236,6.0,0.7333333333333333
9799,401451,0.6085852750166009,0.2692159613070544,6.0,0.8333333333333334
9800,401472,0.6085648000166017,0.05348133752704598,6.0,0.8333333333333334
9801,401605,0.6084351250166072,0.30943116155685857,6.0,0.9333333333333333
9802,401628,0.6084127000166082,0.041211960662622005,6.0,0.9333333333333333
9803,401726,0.6083171500166122,0.18530894961440936,6.0,1.0
9804,401775,0.6082693750166143,0.08687737252330408,6.0,1.0333333333333334
9805,401798,0.6082469500166152,0.05239348649047315,6.0,0.9666666666666667
9806,401849,0.6081972250166173,0.08487806975608692,6.0,0.9666666666666667
9807,401918,0.6081299500166202,0.10866681270999834,6.0,0.9666666666666667
9808,402018,0.6080324500166243,0.15844486618880183,6.0,1.0
9809,402090,0.6079622500166273,0.10570550232660025,6.0,1.0333333333333334
9810,402113,0.6079398250166282,0.02620065276278183,6.0,1.0333333333333334
9811,402136,0.6079174000166292,0.034295811550691724,6.0,1.0333333333333334
9812,402157,0.6078969250166301,0.03281198473996483,6.0,1.0
9813,402210,0.6078452500166323,0.0691420499351807,6.0,1.0333333333333334
9814,402265,0.6077916250166345,0.0716578476713039,6.0,1.0666666666666667
9815,402286,0.6077711500166354,0.03247085853945464,6.0,1.0666666666666667
9816,402436,0.6076249000166416,0.2547349813685287,6.0,1.1333333333333333
9817,402555,0.6075088750166465,0.18611419640365057,6.0,1.1
9818,402578,0.6074864500166475,0.03642151429085061,6.0,1.1
9819,402681,0.6073860250166517,0.209139360813424,6.0,1.1666666666666667
9820,402800,0.6072700000166567,0.22868836249108426,6.0,1.2
9821,402823,0.6072475750166576,0.05416149727534503,6.0,1.1333333333333333
9822,402846,0.6072251500166586,0.03356190421618521,6.0,1.0666666666666667
9823,402930,0.607143250016662,0.16262730583548546,6.0,1.0
9824,402953,0.607120825016663,0.028982432442717254,6.0,1.0
9825,402976,0.6070984000166639,0.04382717912085354,6.0,0.9
9826,403166,0.6069131500166718,0.26704406601493247,6.0,1.0333333333333334
9827,403217,0.6068634250166739,0.08812633465277031,6.0,1.0666666666666667
9828,403270,0.6068117500166761,0.08996725603356026,6.0,1.1
9829,403293,0.606789325016677,0.05224559403723106,6.0,1.0
9830,403316,0.606766900016678,0.030941103294026107,6.0,1.0
9831,403339,0.6067444750166789,0.023798838927177712,6.0,0.9
9832,403360,0.6067240000166798,0.03393154247896746,6.0,0.9
9833,403432,0.6066538000166828,0.09511214759550057,6.0,0.8666666666666667
9834,403455,0.6066313750166837,0.05035472905728966,6.0,0.8333333333333334
9835,403478,0.6066089500166847,0.022865369071951136,6.0,0.8333333333333334
9836,403501,0.6065865250166856,0.05676454823696986,6.0,0.8
9837,403524,0.6065641000166866,0.042094206146430224,6.0,0.7666666666666667
9838,403547,0.6065416750166875,0.041795382916461676,6.0,0.7
9839,403645,0.6064461250166916,0.14225223247194663,6.0,0.7333333333333333
9840,403666,0.6064256500166925,0.024105690157739446,6.0,0.7333333333333333
9841,403764,0.6063301000166965,0.13409517574473284,6.0,0.8
9842,403785,0.6063096250166974,0.033198884688317776,6.0,0.8
9843,403808,0.6062872000166983,0.028849527006968856,6.0,0.7666666666666667
9844,403831,0.6062647750166993,0.026440300862304866,6.0,0.7333333333333333
9845,403854,0.6062423500167002,0.0472387233749032,6.0,0.7333333333333333
9846,404020,0.6060805000167071,0.20067160337930545,6.0,0.7666666666666667
9847,404071,0.6060307750167092,0.08534521472756751,6.0,0.7333333333333333
9848,404122,0.6059810500167113,0.07080475965631194,6.0,0.7666666666666667
9849,404145,0.6059586250167123,0.03407148833503015,6.0,0.7
9850,404246,0.6058601500167164,0.155080076365266,6.0,0.7
9851,404315,0.6057928750167193,0.08963648753706366,6.0,0.7333333333333333
9852,404336,0.6057724000167202,0.03221051159198396,6.0,0.7333333333333333
9853,404387,0.6057226750167223,0.0708372398512438,6.0,0.7
9854,404459,0.6056524750167253,0.12131531781051308,6.0,0.7333333333333333
9855,404560,0.6055540000167294,0.17297670803964138,6.0,0.8
9856,404663,0.6054535750167337,0.14401471003657207,6.0,0.7333333333333333
9857,404686,0.6054311500167346,0.03559187782229856,6.0,0.7
9858,404709,0.6054087250167356,0.03353906417032704,6.0,0.6666666666666666
9859,404760,0.6053590000167377,0.06516381408437155,6.0,0.7
9860,404832,0.6052888000167407,0.09127098135650158,6.0,0.7333333333333333
9861,404855,0.6052663750167416,0.0266437879181467,6.0,0.7333333333333333
9862,404927,0.6051961750167446,0.0762091256910935,6.0,0.7666666666666667
9863,405001,0.6051240250167477,0.10414963378570974,6.0,0.7666666666666667
9864,405169,0.6049602250167546,0.9752064479980618,6.0,0.8666666666666667
9865,405294,0.6048383500167598,0.6728871200466529,6.0,0.9333333333333333
9866,405345,0.6047886250167619,0.21265786862932146,6.0,0.9666666666666667
9867,405368,0.6047662000167628,0.08931413234677166,6.0,0.9666666666666667
9868,405391,0.6047437750167638,0.08381572598591447,6.0,0.9666666666666667
9869,405442,0.6046940500167659,0.1951086358167231,6.0,0.9333333333333333
9870,405465,0.6046716250167669,0.07009617774747312,6.0,0.9333333333333333
9871,405488,0.6046492000167678,0.07886771787889302,6.0,0.8666666666666667
9872,405511,0.6046267750167688,0.06735344196204096,6.0,0.8666666666666667
9873,405534,0.6046043500167697,0.06597504869569093,6.0,0.8666666666666667
9874,405603,0.6045370750167726,0.2194581922958605,6.0,0.9
9875,405626,0.6045146500167735,0.07150959793943912,6.0,0.9
9876,405649,0.6044922250167745,0.0530523790512234,6.0,0.7666666666666667
9877,405672,0.6044698000167754,0.04706181003712118,6.0,0.7333333333333333
9878,405695,0.6044473750167764,0.08003042347263545,6.0,0.7
9879,405859,0.6042874750167831,0.46402414998738095,6.0,0.8
9880,405880,0.604267000016784,0.047140777576714754,6.0,0.7333333333333333
9881,405950,0.6041987500167869,0.24136259744409472,6.0,0.7333333333333333
9882,405973,0.6041763250167879,0.05559075716882944,6.0,0.7333333333333333
9883,405996,0.6041539000167888,0.06828379479702562,6.0,0.7
9884,406047,0.6041041750167909,0.11057064583292231,6.0,0.7
9885,406167,0.6039871750167959,0.25681802083272487,6.0,0.7
9886,406239,0.6039169750167989,0.15114687872119248,6.0,0.6666666666666666
9887,406260,0.6038965000167997,0.037256488867569715,6.0,0.6666666666666666
9888,406396,0.6037639000168054,0.282412652450148,6.0,0.7666666666666667
9889,406449,0.6037122250168075,0.1016433818731457,6.0,0.7666666666666667
9890,406517,0.6036459250168104,0.1374018860515207,6.0,0.7666666666666667
9891,406540,0.6036235000168113,0.038495736196637154,6.0,0.7666666666666667
9892,406622,0.6035435500168147,0.14625817851629108,6.0,0.8
9893,406645,0.6035211250168157,0.03112449630862102,6.0,0.7666666666666667
9894,406699,0.6034684750168179,0.08774602605262771,6.0,0.7
9895,406848,0.603323200016824,0.25857156069832854,6.0,0.7333333333333333
9896,406948,0.6032257000168282,0.18775354014360346,6.0,0.7666666666666667
9897,406971,0.6032032750168291,0.043550613278057426,6.0,0.7666666666666667
9898,406992,0.60318280001683,0.03526593156857416,6.0,0.7666666666666667
9899,407013,0.6031623250168309,0.04077302885707468,6.0,0.7333333333333333
9900,407034,0.6031418500168317,0.039516329241450876,6.0,0.7333333333333333
9901,407057,0.6031194250168327,0.04289756546495482,6.0,0.7333333333333333
9902,407080,0.6030970000168336,0.039070377591997385,6.0,0.7333333333333333
9903,407103,0.6030745750168346,0.03861839888850227,6.0,0.7333333333333333
9904,407126,0.6030521500168355,0.03561411000555381,6.0,0.7
9905,407279,0.6029029750168419,0.2637906211311929,6.0,0.8333333333333334
9906,407377,0.6028074250168459,0.16359648658544756,6.0,0.9
9907,407400,0.6027850000168469,0.03193240528344177,6.0,0.9
9908,407421,0.6027645250168477,0.023089768190402538,6.0,0.9
9909,407444,0.6027421000168487,0.04246585693908855,6.0,0.8
9910,407465,0.6027216250168496,0.03515401005279273,6.0,0.8
9911,407614,0.6025763500168557,0.22900941490661353,6.0,0.8666666666666667
9912,407637,0.6025539250168567,0.04844716674415395,6.0,0.8666666666666667
9913,407660,0.6025315000168576,0.028660834243055433,6.0,0.8666666666666667
9914,407683,0.6025090750168586,0.0382819659425877,6.0,0.8333333333333334
9915,407706,0.6024866500168595,0.06721875761286356,6.0,0.7666666666666667
9916,407729,0.6024642250168605,0.05079951952211559,6.0,0.7333333333333333
9917,407752,0.6024418000168614,0.03857786866137758,6.0,0.7333333333333333
9918,407775,0.6024193750168624,0.03958830964984372,6.0,0.6333333333333333
9919,407824,0.6023716000168644,0.08370466000633314,6.0,0.6333333333333333
9920,407906,0.6022916500168678,0.1492907631327398,6.0,0.6666666666666666
9921,407929,0.6022692250168687,0.05117618461372331,6.0,0.6666666666666666
9922,407952,0.6022468000168697,0.031847459729760885,6.0,0.6
9923,407975,0.6022243750168706,0.03814084531040862,6.0,0.6
9924,407996,0.6022039000168715,0.02943912788759917,6.0,0.5666666666666667
9925,408019,0.6021814750168725,0.03271342214429751,6.0,0.4666666666666667
9926,408119,0.6020839750168766,0.15383892925456166,6.0,0.4666666666666667
9927,408142,0.6020615500168776,0.03147230559261516,6.0,0.4666666666666667
9928,408191,0.6020137750168796,0.06253340584225953,6.0,0.5
9929,408214,0.6019913500168805,0.033604007912799716,6.0,0.5
9930,408337,0.6018714250168856,0.16964224688126706,6.0,0.5666666666666667
9931,408360,0.6018490000168866,0.029022299509961158,6.0,0.5666666666666667
9932,408411,0.6017992750168887,0.07151707465527579,6.0,0.6
9933,408434,0.6017768500168896,0.025074850767850876,6.0,0.6
9934,408587,0.601627675016896,0.27209793592919596,6.0,0.7
9935,408721,0.6014970250169015,0.25165567759540863,6.0,0.6666666666666666
9936,408744,0.6014746000169024,0.03104741353308782,6.0,0.6
9937,408767,0.6014521750169034,0.033036647975677624,6.0,0.6
9938,408867,0.6013546750169075,0.1492316891963128,6.0,0.6666666666666666
9939,408987,0.6012376750169125,0.17048326059011742,6.0,0.7333333333333333
9940,409010,0.6012152500169134,0.03621053247479722,6.0,0.7333333333333333
9941,409111,0.6011167750169176,0.15062646241858602,6.0,0.7
9942,409134,0.6010943500169186,0.031471789989154786,6.0,0.7
9943,409252,0.6009793000169235,0.19429443232365884,6.0,0.7666666666666667
9944,409275,0.6009568750169244,0.02645168174058199,6.0,0.7666666666666667
9945,409347,0.6008866750169274,0.1055931177106686,6.0,0.8
9946,409398,0.6008369500169295,0.0842088024073746,6.0,0.8333333333333334
9947,409499,0.6007384750169337,0.1570932893664576,6.0,0.9
9948,409522,0.6007160500169346,0.03434705326799303,6.0,0.9
9949,409545,0.6006936250169356,0.028037166455760598,6.0,0.8666666666666667
9950,409630,0.6006107500169391,0.13398016276187263,6.0,0.8666666666666667
9951,409699,0.6005434750169419,0.10117110595456325,6.0,0.9
9952,409849,0.6003972250169481,0.2136417067667935,6.0,1.0
9953,409870,0.600376750016949,0.04083142423769459,6.0,1.0
9954,409966,0.600283150016953,0.1577941268333234,6.0,1.0666666666666667
9955,410038,0.600212950016956,0.30404251569416374,6.0,1.1
9956,410061,0.6001905250169569,0.13906228845007718,6.0,1.0333333333333334
9957,410190,0.6000647500169622,0.6905071421060711,6.0,1.1333333333333333
9958,410325,0.5999331250169678,0.5610734865767881,6.0,1.2
9959,410348,0.5999107000169688,0.09851822815835476,6.0,1.2
9960,410371,0.5998882750169697,0.07589614856988192,6.0,1.1333333333333333
9961,410564,0.5997001000169777,0.6825181872700341,6.0,1.3
9962,410780,0.5994895000169866,0.6627514175488614,6.0,1.4333333333333333
9963,410857,0.5994144250169898,0.22284405410755426,6.0,1.4666666666666666
9964,410909,0.599363725016992,0.19397246470907703,6.0,1.4
9965,410930,0.5993432500169928,0.05844910931773484,6.0,1.3
9966,410953,0.5993208250169938,0.066347353043966,6.0,1.3
9967,410976,0.5992984000169947,0.06651927821803838,6.0,1.3
9968,411027,0.5992486750169969,0.1269965268438682,6.0,1.2666666666666666
9969,411146,0.5991326500170018,0.30018813448259607,6.0,1.2666666666666666
9970,411169,0.5991102250170027,0.06737200036877766,6.0,1.2666666666666666
9971,411192,0.5990878000170037,0.04552094993414357,6.0,1.2
9972,411215,0.5990653750170046,0.03884863428538665,6.0,1.2
9973,411315,0.5989678750170088,0.19841620733495802,6.0,1.2
9974,411365,0.5989191250170108,0.12033956276718527,6.0,1.2333333333333334
9975,411388,0.5988967000170118,0.051186704164138064,6.0,1.2
9976,411472,0.5988148000170153,0.19436577218584716,6.0,1.2333333333333334
9977,411666,0.5986256500170233,0.3755651667015627,6.0,1.3333333333333333
9978,411689,0.5986032250170242,0.04714672185946256,6.0,1.3333333333333333
9979,411789,0.5985057250170284,0.18846156034851447,6.0,1.4
9980,411812,0.5984833000170293,0.048035418294603005,6.0,1.3333333333333333
9981,411881,0.5984160250170322,0.1224327215750236,6.0,1.3333333333333333
9982,411904,0.5983936000170331,0.03986070113023743,6.0,1.2333333333333334
9983,411927,0.5983711750170341,0.03924212185665965,6.0,1.2333333333333334
9984,411948,0.5983507000170349,0.035244497878011316,6.0,1.1666666666666667
9985,411971,0.5983282750170359,0.06668322454788722,6.0,1.1333333333333333
9986,411994,0.5983058500170368,0.04264324967516586,6.0,1.1333333333333333
9987,412017,0.5982834250170378,0.034986065642442554,6.0,1.0333333333333334
9988,412084,0.5982181000170406,0.11349759035510942,6.0,0.9666666666666667
9989,412107,0.5981956750170415,0.048482917773071676,6.0,0.9666666666666667
9990,412128,0.5981752000170424,0.04746228049043566,6.0,0.9666666666666667
9991,412278,0.5980289500170486,0.32894461433170363,6.0,0.9
9992,412301,0.5980065250170495,0.05258467822568491,6.0,0.7333333333333333
9993,412352,0.5979568000170516,0.11162261530989781,6.0,0.7333333333333333
9994,412473,0.5978388250170567,0.22339318561716937,6.0,0.7666666666666667
9995,412494,0.5978183500170575,0.06805332802468911,6.0,0.7666666666666667
9996,412517,0.5977959250170585,0.04062975285341963,6.0,0.7666666666666667
9997,412540,0.5977735000170594,0.03562687925295904,6.0,0.7666666666666667
9998,412707,0.5976106750170663,0.2932174479938112,6.0,0.8666666666666667
9999,412778,0.5975414500170693,0.11278309673070908,6.0,0.8333333333333334
10000,412799,0.5975209750170701,0.030397716851439327,6.0,0.8333333333333334
10001,412822,0.5974985500170711,0.03100314037874341,6.0,0.8333333333333334
10002,412892,0.597430300017074,0.09882918145740405,6.0,0.8666666666666667
10003,412915,0.5974078750170749,0.03038178343558684,6.0,0.8
10004,412966,0.597358150017077,0.08782206839532591,6.0,0.8
10005,413099,0.5972284750170825,0.2269481356779579,6.0,0.9
10006,413170,0.5971592500170855,0.11127646820386872,6.0,0.8666666666666667
10007,413193,0.5971368250170864,0.0387908416450955,6.0,0.7
10008,413216,0.5971144000170874,0.03488182119326666,6.0,0.7
10009,413239,0.5970919750170883,0.0295412655104883,6.0,0.6333333333333333
10010,413262,0.5970695500170893,0.02715171451563947,6.0,0.6333333333333333
10011,413285,0.5970471250170902,0.03242344479076564,6.0,0.6
10012,413337,0.5969964250170924,0.09594428917625919,6.0,0.6333333333333333
10013,413360,0.5969740000170933,0.031897979439236224,6.0,0.6333333333333333
10014,413414,0.5969213500170956,0.0734271023538895,6.0,0.6666666666666666
10015,413437,0.5968989250170965,0.03875195368891582,6.0,0.6666666666666666
10016,413460,0.5968765000170975,0.05980727222049609,6.0,0.6666666666666666
10017,413483,0.5968540750170984,0.05469758057733998,6.0,0.6666666666666666
10018,413506,0.5968316500170994,0.025280340836616233,6.0,0.6333333333333333
10019,413529,0.5968092250171003,0.027044177695643157,6.0,0.6333333333333333
10020,413723,0.5966200750171083,0.3400777469796594,6.0,0.7666666666666667
10021,413792,0.5965528000171112,0.12227334346971475,6.0,0.7
10022,413813,0.5965323250171121,0.05204263870837167,6.0,0.7
10023,413885,0.596462125017115,0.15416331673623063,6.0,0.7
10024,413957,0.596391925017118,0.14577844855375588,6.0,0.6666666666666666
10025,413980,0.596369500017119,0.038836285180877894,6.0,0.6666666666666666
10026,414031,0.5963197750171211,0.07843547221273184,6.0,0.7
10027,414054,0.596297350017122,0.02775242892676033,6.0,0.7
10028,414075,0.5962768750171229,0.02434331929543987,6.0,0.5666666666666667
10029,414125,0.596228125017125,0.08029471768531948,6.0,0.5666666666666667
10030,414245,0.5961111250171299,0.20404162647901103,6.0,0.6333333333333333
10031,414268,0.5960887000171309,0.04790551989572123,6.0,0.6333333333333333
10032,414289,0.5960682250171317,0.02752925775712356,6.0,0.6
10033,414312,0.5960458000171327,0.029046765819657594,6.0,0.6
10034,414335,0.5960233750171336,0.05089080799371004,6.0,0.5666666666666667
10035,414358,0.5960009500171346,0.03920461313100532,6.0,0.4666666666666667
10036,414427,0.5959336750171375,0.08399501093663275,6.0,0.4666666666666667
10037,414450,0.5959112500171384,0.03234995310776867,6.0,0.4666666666666667
10038,414546,0.5958176500171424,0.12441849993774667,6.0,0.5333333333333333
10039,414597,0.5957679250171445,0.0877128925640136,6.0,0.5666666666666667
10040,414714,0.5956538500171493,0.18556855205679312,6.0,0.6333333333333333
10041,414737,0.5956314250171503,0.03289433047757484,6.0,0.6333333333333333
10042,414809,0.5955612250171533,0.09334609075449407,6.0,0.6333333333333333
10043,414832,0.5955388000171542,0.03482126706512645,6.0,0.6333333333333333
10044,414855,0.5955163750171552,0.03550591098610312,6.0,0.6
10045,414957,0.5954169250171594,0.18405221565626562,6.0,0.6666666666666666
10046,414980,0.5953945000171603,0.03735013795085251,6.0,0.6666666666666666
10047,415049,0.5953272250171632,0.4036332357500214,6.0,0.7
10048,415070,0.595306750017164,0.13498352328315377,6.0,0.7
10049,415240,0.5951410000171711,0.9127396417316049,6.0,0.8
10050,415263,0.595118575017172,0.10691003105603158,6.0,0.6666666666666666
10051,415347,0.5950366750171755,0.35304249299224466,6.0,0.7
10052,415370,0.5950142500171764,0.09759440098423511,6.0,0.7
10053,415520,0.5948680000171827,0.5145739411236718,6.0,0.7666666666666667
10054,415589,0.5948007250171855,0.22539903060533106,6.0,0.7666666666666667
10055,415709,0.5946837250171905,0.3217487632064149,6.0,0.8333333333333334
10056,415732,0.5946613000171914,0.10131861246190965,6.0,0.8
10057,415755,0.5946388750171924,0.05711918033193797,6.0,0.8
10058,415778,0.5946164500171933,0.06148502929136157,6.0,0.8
10059,415858,0.5945384500171966,0.22768886300036684,6.0,0.8333333333333334
10060,415929,0.5944692250171996,0.18016956123756245,6.0,0.8
10061,415952,0.5944468000172005,0.045685406133998185,6.0,0.8
10062,416051,0.5943502750172046,0.2295182158704847,6.0,0.8666666666666667
10063,416072,0.5943298000172055,0.05016064137453213,6.0,0.8666666666666667
10064,416154,0.5942498500172089,0.1705470813321881,6.0,0.9333333333333333
10065,416207,0.5941981750172111,0.1256461091688834,6.0,0.9666666666666667
10066,416326,0.594082150017216,0.2561321886605583,6.0,1.0
10067,416450,0.5939612500172211,0.26573993562487885,6.0,1.0666666666666667
10068,416501,0.5939115250172232,0.10655434930231422,6.0,1.0333333333333334
10069,416522,0.5938910500172241,0.03299136145506054,6.0,1.0
10070,416575,0.5938393750172263,0.10434411477763206,6.0,0.9666666666666667
10071,416691,0.5937262750172311,0.22458390897372738,6.0,1.0333333333333334
10072,416712,0.5937058000172319,0.03806681581772864,6.0,1.0
10073,416829,0.5935917250172368,0.2322207061224617,6.0,1.0666666666666667
10074,416997,0.5934279250172437,0.29434018293977715,6.0,1.1666666666666667
10075,417100,0.593327500017248,0.1909591566072777,6.0,1.1666666666666667
10076,417151,0.5932777750172501,0.10530427662888542,6.0,1.2
10077,417172,0.593257300017251,0.037543730111792684,6.0,1.1666666666666667
10078,417195,0.5932348750172519,0.032059354649391025,6.0,1.1666666666666667
10079,417326,0.5931071500172573,0.24137904893723316,6.0,1.1666666666666667
10080,417347,0.5930866750172582,0.04074856004444882,6.0,1.1666666666666667
10081,417460,0.5929765000172629,0.18224945550900884,6.0,1.2
10082,417483,0.5929540750172638,0.04241056588944048,6.0,1.2
10083,417601,0.5928390250172687,0.19652840177877806,6.0,1.1666666666666667
10084,417653,0.5927883250172709,0.07406632177298889,6.0,1.1666666666666667
10085,417676,0.5927659000172718,0.03135506802937016,6.0,1.1
10086,417727,0.5927161750172739,0.09156557035748847,6.0,1.1333333333333333
10087,417780,0.5926645000172761,0.09373271930962801,6.0,1.1666666666666667
10088,417803,0.5926420750172771,0.030396850313991308,6.0,1.1666666666666667
10089,417826,0.592619650017278,0.02795971097657457,6.0,1.1
10090,417849,0.592597225017279,0.03458928200416267,6.0,1.0666666666666667
10091,417872,0.5925748000172799,0.03495511272922158,6.0,1.0666666666666667
10092,417895,0.5925523750172809,0.036062742583453655,6.0,1.0
10093,417964,0.5924851000172837,0.09175005089491606,6.0,1.0333333333333334
10094,417987,0.5924626750172847,0.026675466040614992,6.0,0.9666666666666667
10095,418010,0.5924402500172856,0.024429475946817547,6.0,0.9333333333333333
10096,418033,0.5924178250172866,0.027561662602238357,6.0,0.8666666666666667
10097,418101,0.5923515250172894,0.09687046895851381,6.0,0.8333333333333334
10098,418124,0.5923291000172903,0.04798334528459236,6.0,0.8
10099,418147,0.5923066750172913,0.04742242721840739,6.0,0.8
10100,418170,0.5922842500172922,0.03445807832758874,6.0,0.7666666666666667
10101,418193,0.5922618250172932,0.03434987785294652,6.0,0.7
10102,418262,0.592194550017296,0.09656460376572795,6.0,0.7333333333333333
10103,418285,0.592172125017297,0.029034752631559968,6.0,0.6666666666666666
10104,418306,0.5921516500172979,0.043238722428213805,6.0,0.5666666666666667
10105,418329,0.5921292250172988,0.039051507017575204,6.0,0.5
10106,418400,0.5920600000173017,0.08937340695410967,6.0,0.5
10107,418469,0.5919927250173046,0.08461382423411123,6.0,0.5333333333333333
10108,418541,0.5919225250173076,0.08052899353788234,6.0,0.5666666666666667
10109,418640,0.5918260000173117,0.15031910486868583,6.0,0.5333333333333333
10110,418716,0.5917519000173148,0.10798404563684016,6.0,0.5666666666666667
10111,418739,0.5917294750173158,0.03375685546780005,6.0,0.4666666666666667
10112,418762,0.5917070500173167,0.026103894284460694,6.0,0.4666666666666667
10113,418914,0.591558850017323,0.19296985521214083,6.0,0.5
10114,418986,0.591488650017326,0.11579585634171963,6.0,0.5
10115,419038,0.5914379500173281,0.07370054817874916,6.0,0.5333333333333333
10116,419107,0.591370675017331,0.09931937471264973,6.0,0.5333333333333333
10117,419130,0.5913482500173319,0.029579582798760384,6.0,0.5
10118,419181,0.591298525017334,0.061563109687995166,6.0,0.5333333333333333
10119,419202,0.5912780500173349,0.03047976628295146,6.0,0.5333333333333333
10120,419225,0.5912556250173359,0.029644131776876748,6.0,0.5333333333333333
10121,419248,0.5912332000173368,0.02595871887751855,6.0,0.5333333333333333
10122,419269,0.5912127250173377,0.02994970220606774,6.0,0.5333333333333333
10123,419351,0.5911327750173411,0.10841340353363194,6.0,0.5666666666666667
10124,419374,0.591110350017342,0.027162188343936577,6.0,0.5666666666666667
10125,419425,0.5910606250173441,0.06532494761631824,6.0,0.6
10126,419448,0.5910382000173451,0.03886111214524135,6.0,0.6
10127,419471,0.591015775017346,0.02583706029690802,6.0,0.5666666666666667
10128,419604,0.5908861000173515,0.17161520925583318,6.0,0.6666666666666666
10129,419709,0.5907837250173559,0.141122914821608,6.0,0.7333333333333333
10130,419732,0.5907613000173568,0.03123609407339245,6.0,0.7333333333333333
10131,419801,0.5906940250173597,0.11186630470911041,6.0,0.7666666666666667
10132,419920,0.5905780000173646,0.19531025833566673,6.0,0.8
10133,419943,0.5905555750173656,0.031479027995374054,6.0,0.8
10134,419966,0.5905331500173665,0.02875634381780401,6.0,0.8
10135,420069,0.5904327250173708,0.49442262371303514,6.0,0.8666666666666667
10136,420092,0.5904103000173717,0.1305055235279724,6.0,0.8333333333333334
10137,420113,0.5903898250173726,0.13644543662667274,6.0,0.8
10138,420136,0.5903674000173735,0.1409144651843235,6.0,0.7666666666666667
10139,420157,0.5903469250173744,0.0954267680644989,6.0,0.7
10140,420229,0.5902767250173774,0.36975853831972927,6.0,0.7
10141,420298,0.5902094500173802,0.30190314818173647,6.0,0.7333333333333333
10142,420349,0.5901597250173823,0.19628704874776304,6.0,0.7666666666666667
10143,420370,0.5901392500173832,0.07596132485195994,6.0,0.6666666666666666
10144,420393,0.5901168250173842,0.08266722853295505,6.0,0.6333333333333333
10145,420460,0.5900515000173869,0.21779405034612864,6.0,0.6333333333333333
10146,420483,0.5900290750173879,0.07604364061262459,6.0,0.6
10147,420506,0.5900066500173888,0.06649226445006207,6.0,0.6
10148,420529,0.5899842250173898,0.06745072989724576,6.0,0.5666666666666667
10149,420552,0.5899618000173907,0.05592339381109923,6.0,0.5666666666666667
10150,420573,0.5899413250173916,0.06345112039707601,6.0,0.5666666666666667
10151,420742,0.5897765500173986,0.4641796779469587,6.0,0.7
10152,420896,0.589626400017405,0.35162650560960174,6.0,0.8333333333333334
10153,420965,0.5895591250174078,0.13724608602933586,6.0,0.8
10154,420988,0.5895367000174088,0.057245209638495,6.0,0.8
10155,421062,0.5894645500174118,0.17081678024260327,6.0,0.8
10156,421134,0.5893943500174148,0.1674064861726947,6.0,0.8333333333333334
10157,421185,0.5893446250174169,0.08618819288676605,6.0,0.8666666666666667
10158,421256,0.5892754000174198,0.14329018589342013,6.0,0.8
10159,421279,0.5892529750174208,0.043591540423221886,6.0,0.7333333333333333
10160,421328,0.5892052000174228,0.07653365767328069,6.0,0.7666666666666667
10161,421351,0.5891827750174238,0.03868765669176355,6.0,0.7333333333333333
10162,421420,0.5891155000174266,0.1211553631874267,6.0,0.7
10163,421443,0.5890930750174276,0.033801305340602994,6.0,0.7
10164,421494,0.5890433500174297,0.08045822777785361,6.0,0.7333333333333333
10165,421517,0.5890209250174306,0.062233125732745975,6.0,0.6666666666666666
10166,421617,0.5889234250174348,0.1625924161344301,6.0,0.7333333333333333
10167,421638,0.5889029500174356,0.03414610435720533,6.0,0.7333333333333333
10168,421661,0.5888805250174366,0.03262021957198158,6.0,0.7333333333333333
10169,421684,0.5888581000174375,0.03405725926859304,6.0,0.7333333333333333
10170,421707,0.5888356750174385,0.03817340108798817,6.0,0.7
10171,421778,0.5887664500174414,0.12210232485085726,6.0,0.7
10172,421907,0.5886406750174468,0.18522146283066832,6.0,0.7666666666666667
10173,422029,0.5885217250174518,0.20585487806238234,6.0,0.8333333333333334
10174,422080,0.5884720000174539,0.07770521176280454,6.0,0.8666666666666667
10175,422103,0.5884495750174549,0.030722084047738463,6.0,0.8333333333333334
10176,422126,0.5884271500174558,0.04274906503269449,6.0,0.8333333333333334
10177,422147,0.5884066750174567,0.025393776479177177,6.0,0.8333333333333334
10178,422170,0.5883842500174576,0.024133283557603136,6.0,0.8333333333333334
10179,422221,0.5883345250174598,0.058944436023011804,6.0,0.8666666666666667
10180,422273,0.5882838250174619,0.07560793898301199,6.0,0.9
10181,422296,0.5882614000174629,0.03897560591576621,6.0,0.7666666666666667
10182,422365,0.5881941250174657,0.0922667296254076,6.0,0.6666666666666666
10183,422388,0.5881717000174667,0.030338487646076828,6.0,0.6333333333333333
10184,422520,0.5880430000174721,0.18369457469088957,6.0,0.7333333333333333
10185,422543,0.5880205750174731,0.06087829268653877,6.0,0.7
10186,422643,0.5879230750174772,0.12001951941056177,6.0,0.7333333333333333
10187,422716,0.5878519000174802,0.09835312905488536,6.0,0.7333333333333333
10188,422798,0.5877719500174836,0.10536143186618574,6.0,0.7666666666666667
10189,422902,0.5876705500174879,0.1617575692362152,6.0,0.8333333333333334
10190,422954,0.5876198500174901,0.08805422359728254,6.0,0.8333333333333334
10191,422977,0.587597425017491,0.028695474029518664,6.0,0.8333333333333334
10192,423000,0.587575000017492,0.03208271993207745,6.0,0.8
10193,423023,0.5875525750174929,0.026994315820047632,6.0,0.8
10194,423046,0.5875301500174939,0.021884592046262696,6.0,0.7666666666666667
10195,423069,0.5875077250174948,0.027385534427594393,6.0,0.7666666666666667
10196,423092,0.5874853000174958,0.03210102784214541,6.0,0.7
10197,423141,0.5874375250174978,0.07985073621966876,6.0,0.7333333333333333
10198,423164,0.5874151000174987,0.027770942193455994,6.0,0.7333333333333333
10199,423266,0.587315650017503,0.13410942986956798,6.0,0.8
10200,423289,0.5872932250175039,0.022178610612172633,6.0,0.8
10201,423312,0.5872708000175049,0.0296571382205002,6.0,0.7666666666666667
10202,423384,0.5872006000175078,0.1214799263398163,6.0,0.7
10203,423407,0.5871781750175088,0.03722111519891769,6.0,0.6333333333333333
10204,423507,0.5870806750175129,0.13941274842363782,6.0,0.6666666666666666
10205,423582,0.587007550017516,0.11639281082898378,6.0,0.7
10206,423652,0.5869393000175189,0.13492050563218072,6.0,0.7333333333333333
10207,423675,0.5869168750175199,0.031664643145632,6.0,0.7333333333333333
10208,423776,0.5868184000175241,0.14578636761871167,6.0,0.8
10209,423799,0.586795975017525,0.033374806225765496,6.0,0.7666666666666667
10210,423989,0.5866107250175329,0.2642815179133322,6.0,0.8666666666666667
10211,424012,0.5865883000175338,0.029595393600175157,6.0,0.8666666666666667
10212,424033,0.5865678250175347,0.021842034795554355,6.0,0.8333333333333334
10213,424084,0.5865181000175368,0.07403909313143231,6.0,0.8666666666666667
10214,424303,0.5863045750175458,0.35950760325067677,6.0,0.9666666666666667
10215,424355,0.586253875017548,0.11315574625041336,6.0,1.0
10216,424408,0.5862022000175502,0.07362585308146663,6.0,0.9666666666666667
10217,424461,0.5861505250175524,0.115430370089598,6.0,0.9666666666666667
10218,424594,0.5860208500175579,0.25183340528747067,6.0,1.0
10219,424617,0.5859984250175588,0.027823453478049487,6.0,0.9333333333333333
10220,424640,0.5859760000175598,0.04494522634195164,6.0,0.9
10221,424691,0.5859262750175619,0.05864751053741202,6.0,0.9333333333333333
10222,424762,0.5858570500175648,0.11341342574451119,6.0,0.9666666666666667
10223,424878,0.5857439500175696,0.19006796629400924,6.0,1.0333333333333334
10224,424901,0.5857215250175706,0.027022152091376483,6.0,1.0333333333333334
10225,424924,0.5856991000175715,0.026465838367585093,6.0,1.0333333333333334
10226,424947,0.5856766750175725,0.048288356920238584,6.0,1.0333333333333334
10227,425031,0.585594775017576,0.300977605744265,6.0,1.0666666666666667
10228,425054,0.5855723500175769,0.17106465448159724,6.0,1.0666666666666667
10229,425218,0.5854124500175837,0.9473049932857975,6.0,1.1
10230,425353,0.5852808250175893,0.5789184444583952,6.0,1.2
10231,425376,0.5852584000175902,0.11109800037229434,6.0,1.2
10232,425397,0.5852379250175911,0.07112505834084004,6.0,1.1666666666666667
10233,425515,0.585122875017596,0.4144512504572049,6.0,1.2333333333333334
10234,425538,0.5851004500175969,0.09097235859371722,6.0,1.1666666666666667
10235,425731,0.5849122750176049,0.5885002762661316,6.0,1.3
10236,425754,0.5848898500176059,0.058415461564436555,6.0,1.2666666666666666
10237,425872,0.5847748000176107,0.3051406299928203,6.0,1.3333333333333333
10238,425893,0.5847543250176116,0.04400193109177053,6.0,1.2666666666666666
10239,425965,0.5846841250176146,0.16586023109266534,6.0,1.3
10240,425988,0.5846617000176155,0.04890496260486543,6.0,1.1666666666666667
10241,426011,0.5846392750176165,0.0550784450606443,6.0,1.1666666666666667
10242,426032,0.5846188000176173,0.049608553235884756,6.0,1.1666666666666667
10243,426177,0.5844774250176233,0.3371511087170802,6.0,1.2333333333333334
10244,426200,0.5844550000176243,0.054777537123300135,6.0,1.0333333333333334
10245,426223,0.5844325750176252,0.049711289058905095,6.0,1.0
10246,426343,0.5843155750176302,0.22924723546020687,6.0,1.0333333333333334
10247,426366,0.5842931500176312,0.03339320718077943,6.0,1.0
10248,426389,0.5842707250176321,0.04501392145175487,6.0,0.9
10249,426412,0.5842483000176331,0.04446490667760372,6.0,0.9
10250,426433,0.5842278250176339,0.05307414080016315,6.0,0.9
10251,426484,0.584178100017636,0.0977649565320462,6.0,0.9
10252,426536,0.5841274000176382,0.12871797767002136,6.0,0.9
10253,426587,0.5840776750176403,0.11366111226379871,6.0,0.8666666666666667
10254,426608,0.5840572000176412,0.04728794586844742,6.0,0.8666666666666667
10255,426752,0.5839168000176471,0.23500312492251396,6.0,0.9666666666666667
10256,426821,0.58384952501765,0.12435111409286037,6.0,1.0
10257,426940,0.5837335000176549,0.2010286674485542,6.0,1.0
10258,426963,0.5837110750176558,0.03453978424658999,6.0,1.0
10259,426986,0.5836886500176568,0.03983924968633801,6.0,0.9
10260,427066,0.5836106500176601,0.12636630097404122,6.0,0.8666666666666667
10261,427089,0.583588225017661,0.03464351245202124,6.0,0.8666666666666667
10262,427158,0.5835209500176639,0.10166954342275858,6.0,0.9
10263,427228,0.5834527000176668,0.09819713266915642,6.0,0.8666666666666667
10264,427251,0.5834302750176678,0.030798170424532145,6.0,0.8666666666666667
10265,427402,0.583283050017674,0.2682162123674061,6.0,0.8
10266,427484,0.5832031000176774,0.1290325959562324,6.0,0.8666666666666667
10267,427507,0.5831806750176783,0.03630124736810103,6.0,0.8
10268,427530,0.5831582500176793,0.03390680078882724,6.0,0.8
10269,427553,0.5831358250176802,0.03688908205367625,6.0,0.7666666666666667
10270,427574,0.5831153500176811,0.02840061142342165,6.0,0.7666666666666667
10271,427597,0.5830929250176821,0.04851958277868107,6.0,0.7666666666666667
10272,427620,0.583070500017683,0.027442955586593598,6.0,0.7666666666666667
10273,427643,0.583048075017684,0.0483702274505049,6.0,0.6666666666666666
10274,427807,0.5828881750176907,0.24239265886717476,6.0,0.7666666666666667
10275,427830,0.5828657500176917,0.032592340488918126,6.0,0.7666666666666667
10276,427853,0.5828433250176926,0.025503327720798552,6.0,0.7
10277,427925,0.5827731250176956,0.0993731320486404,6.0,0.7333333333333333
10278,427948,0.5827507000176966,0.03481005586218089,6.0,0.7333333333333333
10279,428143,0.5825605750177046,0.26713518911856227,6.0,0.9
10280,428166,0.5825381500177056,0.04092272388515994,6.0,0.9
10281,428335,0.5823733750177126,0.25314090767642483,6.0,0.9666666666666667
10282,428358,0.5823509500177135,0.03334934508893639,6.0,0.9333333333333333
10283,428471,0.5822407750177182,0.15044632146600634,6.0,1.0
10284,428494,0.5822183500177192,0.038676390424370766,6.0,1.0
10285,428616,0.5820994000177242,0.16783458113786764,6.0,0.9666666666666667
10286,428639,0.5820769750177252,0.0481433910317719,6.0,0.9333333333333333
10287,428710,0.5820077500177281,0.09519078800803982,6.0,0.9
10288,428930,0.5817932500177372,0.32625546935014427,6.0,1.1
10289,428953,0.5817708250177381,0.04927875177236274,6.0,1.1
10290,429057,0.5816694250177424,0.1744275388191454,6.0,1.1
10291,429128,0.5816002000177454,0.09735058172373101,6.0,1.1333333333333333
10292,429200,0.5815300000177483,0.08902615582337603,6.0,1.1333333333333333
10293,429273,0.5814588250177514,0.10970534707303159,6.0,1.1333333333333333
10294,429294,0.5814383500177522,0.033925179654033855,6.0,1.1333333333333333
10295,429416,0.5813194000177573,0.15271803661016747,6.0,1.1
10296,429518,0.5812199500177615,0.13677500881021842,6.0,1.1
10297,429541,0.5811975250177625,0.030176807078532875,6.0,1.1
10298,429611,0.5811292750177653,0.09845241735456511,6.0,1.1333333333333333
10299,429662,0.5810795500177675,0.0724749326473102,6.0,1.1666666666666667
10300,429685,0.5810571250177684,0.035692362231202424,6.0,1.1666666666666667
10301,429952,0.5807968000177794,0.4426690862455871,7.0,1.4
10302,429975,0.5807743750177804,0.030446803342783824,7.0,1.4
10303,430028,0.5807227000177826,0.2740224538138136,7.0,1.4333333333333333
10304,430100,0.5806525000177856,0.45360449398867786,7.0,1.3666666666666667
10305,430123,0.5806300750177865,0.12647705641575158,7.0,1.3666666666666667
10306,430174,0.5805803500177886,0.3118520015850663,7.0,1.4
10307,430293,0.5804643250177935,0.5743423558305949,7.0,1.4333333333333333
10308,430316,0.5804419000177945,0.0845170693937689,7.0,1.4333333333333333
10309,430339,0.5804194750177954,0.09579243487678468,7.0,1.2666666666666666
10310,430360,0.5803990000177963,0.09851793956477195,7.0,1.2666666666666666
10311,430442,0.5803190500177997,0.30131189874373376,7.0,1.2333333333333334
10312,430597,0.5801679250178061,0.500794189341832,7.0,1.3666666666666667
10313,430620,0.5801455000178071,0.07860062411054969,7.0,1.2666666666666666
10314,430643,0.580123075017808,0.07010334020014852,7.0,1.2666666666666666
10315,430714,0.580053850017811,0.26481127267470583,7.0,1.2333333333333334
10316,430798,0.5799719500178144,0.27978768898174167,7.0,1.3
10317,430849,0.5799222250178165,0.15630141843575984,7.0,1.3
10318,430951,0.5798227750178208,0.24636238120729104,7.0,1.1666666666666667
10319,431004,0.579771100017823,0.11191366607090458,7.0,1.2
10320,431102,0.579675550017827,0.29066850669914857,7.0,1.2
10321,431153,0.5796258250178291,0.12124882749048993,7.0,1.2
10322,431203,0.5795770750178312,0.0984347976045683,7.0,1.2
10323,431226,0.5795546500178321,0.04603326180949807,7.0,1.1666666666666667
10324,431249,0.5795322250178331,0.06376841652672738,7.0,1.1666666666666667
10325,431302,0.5794805500178353,0.12846445580362342,7.0,1.1333333333333333
10326,431371,0.5794132750178381,0.14919727289816365,7.0,1.1
10327,431392,0.579392800017839,0.044721164100337774,7.0,1.1
10328,431415,0.57937037501784,0.06342529581161216,7.0,1.0666666666666667
10329,431467,0.5793196750178421,0.09767575742444023,7.0,1.0666666666666667
10330,431490,0.579297250017843,0.038760471798013896,7.0,1.0666666666666667
10331,431513,0.579274825017844,0.0508977678255178,7.0,0.8333333333333334
10332,431536,0.579252400017845,0.04814242699649185,7.0,0.8333333333333334
10333,431559,0.5792299750178459,0.04038969456451014,7.0,0.8
10334,431582,0.5792075500178469,0.060465926420874894,7.0,0.7666666666666667
10335,431605,0.5791851250178478,0.03817898774286732,7.0,0.7666666666666667
10336,431628,0.5791627000178488,0.04875241685658693,7.0,0.7333333333333333
10337,431651,0.5791402750178497,0.03909571067197248,7.0,0.6666666666666666
10338,431674,0.5791178500178507,0.059047737915534526,7.0,0.6666666666666666
10339,431842,0.5789540500178576,0.31855052401078865,7.0,0.7666666666666667
10340,431924,0.578874100017861,0.18088687461568043,7.0,0.8333333333333334
10341,431995,0.5788048750178639,0.11735238245455548,7.0,0.8
10342,432046,0.578755150017866,0.08221702720038593,7.0,0.7
10343,432069,0.578732725017867,0.032255812257062644,7.0,0.7
10344,432092,0.5787103000178679,0.06824217439861968,7.0,0.7
10345,432163,0.5786410750178709,0.12550225347513333,7.0,0.7
10346,432186,0.5786186500178718,0.029469216242432594,7.0,0.6333333333333333
10347,432207,0.5785981750178727,0.029128940252121538,7.0,0.6
10348,432258,0.5785484500178748,0.09928826816030778,7.0,0.5666666666666667
10349,432281,0.5785260250178758,0.03202301973942667,7.0,0.5333333333333333
10350,432304,0.5785036000178767,0.028004211431834847,7.0,0.4666666666666667
10351,432327,0.5784811750178777,0.026658936345484108,7.0,0.43333333333333335
10352,432350,0.5784587500178786,0.030606870364863425,7.0,0.4
10353,432373,0.5784363250178796,0.03509712987579405,7.0,0.4
10354,432424,0.5783866000178817,0.10119582241168246,7.0,0.43333333333333335
10355,432447,0.5783641750178826,0.037355265696533024,7.0,0.4
10356,432608,0.5782072000178893,0.26232920910115354,7.0,0.5333333333333333
10357,432708,0.5781097000178934,0.19699686695821583,7.0,0.6
10358,432731,0.5780872750178944,0.03877540346002206,7.0,0.6
10359,432754,0.5780648500178953,0.045627311803400517,7.0,0.5666666666666667
10360,432777,0.5780424250178963,0.04708873067284003,7.0,0.5666666666666667
10361,432955,0.5778688750179036,0.28029489662731066,7.0,0.7333333333333333
10362,433026,0.5777996500179066,0.12834555085282773,7.0,0.7666666666666667
10363,433079,0.5777479750179088,0.11392872867872939,7.0,0.8
10364,433187,0.5776426750179132,0.18266120276530273,7.0,0.8666666666666667
10365,433210,0.5776202500179142,0.05469038028968498,7.0,0.8666666666666667
10366,433261,0.5775705250179163,0.07134374673478305,7.0,0.9
10367,433284,0.5775481000179172,0.06902372027980164,7.0,0.9
10368,433305,0.5775276250179181,0.07223033660557121,7.0,0.9
10369,433356,0.5774779000179202,0.06304344872478396,7.0,0.8333333333333334
10370,433379,0.5774554750179212,0.04541441416949965,7.0,0.7666666666666667
10371,433402,0.5774330500179221,0.03091737226350233,7.0,0.7333333333333333
10372,433469,0.5773677250179249,0.07885201118187979,7.0,0.7333333333333333
10373,433492,0.5773453000179258,0.02708208523108624,7.0,0.7333333333333333
10374,433659,0.5771824750179327,0.21021395418210886,7.0,0.8333333333333334
10375,433728,0.5771152000179356,0.0955130239308346,7.0,0.8333333333333334
10376,433797,0.5770479250179384,0.09865135606378317,7.0,0.8666666666666667
10377,433820,0.5770255000179394,0.02513024734798819,7.0,0.8666666666666667
10378,433841,0.5770050250179403,0.02520213578827679,7.0,0.8333333333333334
10379,433864,0.5769826000179412,0.017812764534028247,7.0,0.8333333333333334
10380,433996,0.5768539000179467,0.17880075960420072,7.0,0.9333333333333333
10381,434065,0.5767866250179495,0.09534550565876998,7.0,0.9666666666666667
10382,434088,0.5767642000179505,0.026390099432319403,7.0,0.9666666666666667
10383,434160,0.5766940000179535,0.10450784210115671,7.0,1.0
10384,434211,0.5766442750179556,0.09232350651291199,7.0,1.0
10385,434349,0.5765097250179613,0.19825618134927936,7.0,1.1333333333333333
10386,434372,0.5764873000179622,0.02956423774594441,7.0,0.9666666666666667
10387,434456,0.5764054000179657,0.10480951055069454,7.0,0.9666666666666667
10388,434618,0.5762474500179724,0.18398684833664447,7.0,1.1
10389,434639,0.5762269750179733,0.020279856165871024,7.0,1.1
10390,434713,0.5761548250179763,0.09213624845142476,7.0,1.1333333333333333
10391,434831,0.5760397750179812,0.2430104743980337,7.0,1.0333333333333334
10392,434854,0.5760173500179822,0.03446521342266351,7.0,1.0
10393,434877,0.5759949250179831,0.028268688241951168,7.0,0.9666666666666667
10394,435007,0.5758681750179885,0.22237009822856635,7.0,1.0
10395,435143,0.5757355750179941,0.8632474654586986,7.0,1.1
10396,435166,0.5757131500179951,0.12918331020046026,7.0,1.0666666666666667
10397,435298,0.5755844500180005,0.643515694886446,7.0,1.1666666666666667
10398,435416,0.5754694000180054,0.5377218858338892,7.0,1.2333333333333334
10399,435537,0.5753514250180104,0.47999989724485204,7.0,1.2666666666666666
10400,435560,0.5753290000180113,0.06384649849496782,7.0,1.2666666666666666
10401,435644,0.5752471000180148,0.2929926802753471,7.0,1.3333333333333333
10402,435779,0.5751154750180204,0.42870636185398325,7.0,1.4333333333333333
10403,435861,0.5750355250180238,0.2013732449267991,7.0,1.5
10404,435884,0.5750131000180247,0.049635125207714736,7.0,1.4
10405,435937,0.5749614250180269,0.13233359926380217,7.0,1.4
10406,436085,0.5748171250180331,0.3666861127130687,7.0,1.4666666666666666
10407,436108,0.574794700018034,0.053848231968004256,7.0,1.4666666666666666
10408,436131,0.574772275018035,0.06832554284483194,7.0,1.4666666666666666
10409,436183,0.5747215750180371,0.11133382481057197,7.0,1.5
10410,436324,0.5745841000180429,0.32129249873105437,7.0,1.5
10411,436375,0.574534375018045,0.11211840464966372,7.0,1.5
10412,436444,0.5744671000180479,0.2014706756453961,7.0,1.5333333333333334
10413,436516,0.5743969000180509,0.1978989316849038,7.0,1.5333333333333334
10414,436565,0.5743491250180529,0.08330939098959789,7.0,1.5333333333333334
10415,436616,0.574299400018055,0.0877784255426377,7.0,1.4333333333333333
10416,436700,0.5742175000180585,0.1505056417081505,7.0,1.5
10417,436723,0.5741950750180594,0.04263399902265519,7.0,1.4333333333333333
10418,436744,0.5741746000180603,0.03893715119920671,7.0,1.3
10419,436912,0.5740108000180673,0.2967539530945942,7.0,1.4
10420,436933,0.5739903250180681,0.03476417250931263,7.0,1.3666666666666667
10421,436956,0.5739679000180691,0.03729730239138007,7.0,1.3
10422,436977,0.57394742501807,0.02929126948583871,7.0,1.3
10423,437000,0.5739250000180709,0.036346465931274,7.0,1.3
10424,437023,0.5739025750180718,0.061786167265381664,7.0,1.2
10425,437046,0.5738801500180728,0.04681376329972409,7.0,1.1
10426,437147,0.573781675018077,0.17766129263327457,7.0,1.1666666666666667
10427,437170,0.5737592500180779,0.03955881454749033,7.0,1.0666666666666667
10428,437193,0.5737368250180789,0.03708535947953351,7.0,1.0
10429,437216,0.5737144000180798,0.03929013607557863,7.0,0.9333333333333333
10430,437239,0.5736919750180808,0.04306138557149097,7.0,0.9333333333333333
10431,437262,0.5736695500180817,0.053386693936772645,7.0,0.8666666666666667
10432,437283,0.5736490750180826,0.037416228267829865,7.0,0.7333333333333333
10433,437306,0.5736266500180836,0.05745930626289919,7.0,0.6666666666666666
10434,437424,0.5735116000180884,0.18260949687100947,7.0,0.7333333333333333
10435,437447,0.5734891750180894,0.04706463956972584,7.0,0.7
10436,437470,0.5734667500180903,0.03602269815746695,7.0,0.6
10437,437642,0.5732990500180974,0.27031068498035893,7.0,0.7333333333333333
10438,437665,0.5732766250180984,0.04128022200893611,7.0,0.7333333333333333
10439,437816,0.5731294000181046,0.23413447284838185,7.0,0.8333333333333334
10440,437916,0.5730319000181088,0.13614304628572427,7.0,0.8
10441,438034,0.5729168500181137,0.2320551575103309,7.0,0.8333333333333334
10442,438116,0.572836900018117,0.181208519206848,7.0,0.8666666666666667
10443,438268,0.5726887000181233,0.23626976239029318,7.0,0.9333333333333333
10444,438289,0.5726682250181242,0.021786160592455417,7.0,0.9
10445,438363,0.5725960750181273,0.09729107024031691,7.0,0.9
10446,438386,0.5725736500181282,0.03916325932368636,7.0,0.8333333333333334
10447,438507,0.5724556750181332,0.21027475857408717,7.0,0.9
10448,438659,0.5723074750181395,0.22679777271696366,7.0,1.0
10449,438741,0.5722275250181429,0.12205927414470352,7.0,0.9666666666666667
10450,438764,0.5722051000181438,0.035509727778844535,7.0,0.9666666666666667
10451,438787,0.5721826750181448,0.0306060015282128,7.0,0.9666666666666667
10452,438873,0.5720988250181483,0.11006860318593681,7.0,1.0333333333333334
10453,438896,0.5720764000181493,0.026121368806343526,7.0,1.0333333333333334
10454,438919,0.5720539750181503,0.044021132751367986,7.0,1.0333333333333334
10455,438989,0.5719857250181531,0.0929612259787973,7.0,1.0666666666666667
10456,439012,0.5719633000181541,0.06344963068841025,7.0,1.0
10457,439035,0.571940875018155,0.045796232821885496,7.0,1.0
10458,439056,0.5719204000181559,0.03220173076260835,7.0,1.0
10459,439201,0.5717790250181619,0.209501212608302,7.0,1.1
10460,439275,0.571706875018165,0.11843168197083287,7.0,1.1333333333333333
10461,439375,0.5716093750181691,0.1520956160093192,7.0,1.2
10462,439396,0.57158890001817,0.03412647926597856,7.0,1.2
10463,439450,0.5715362500181722,0.07318075094372034,7.0,1.2333333333333334
10464,439522,0.5714660500181752,0.10520483643631451,7.0,1.2
10465,439594,0.5713958500181782,0.09978052007500082,7.0,1.2333333333333334
10466,439665,0.5713266250181811,0.09957346733426675,7.0,1.2666666666666666
10467,439831,0.571164775018188,0.20829294134455267,7.0,1.2333333333333334
10468,439905,0.571092625018191,0.0941644364502281,7.0,1.2666666666666666
10469,439928,0.571070200018192,0.038949488021899015,7.0,1.1333333333333333
10470,439977,0.571022425018194,0.06156459977501072,7.0,1.1
10471,440000,0.571000000018195,0.024255172727862373,7.0,1.0333333333333334
10472,440069,0.5709327250181978,0.5094791310839355,7.0,1.0
10473,440243,0.570763075018205,1.0155569516355172,7.0,1.0
10474,440266,0.570740650018206,0.10836821724660695,7.0,1.0
10475,440287,0.5707201750182068,0.08025898295454681,7.0,0.9666666666666667
10476,440310,0.5706977500182078,0.08330142893828452,7.0,0.9666666666666667
10477,440333,0.5706753250182087,0.1295053232461214,7.0,0.9
10478,440402,0.5706080500182116,0.23707920883316547,7.0,0.8333333333333334
10479,440423,0.5705875750182124,0.08935492485761642,7.0,0.7666666666666667
10480,440523,0.5704900750182166,0.3410069376695901,7.0,0.8333333333333334
10481,440639,0.5703769750182214,0.31529052945552394,7.0,0.9
10482,440691,0.5703262750182235,0.15014216594863683,7.0,0.8666666666666667
10483,440763,0.5702560750182265,0.21008790604537353,7.0,0.9
10484,440838,0.5701829500182296,0.2195795178413391,7.0,0.9333333333333333
10485,440940,0.5700835000182338,0.28291351592633873,7.0,0.9666666666666667
10486,440963,0.5700610750182348,0.06221395987085998,7.0,0.9666666666666667
10487,440986,0.5700386500182357,0.047559537924826145,7.0,0.9666666666666667
10488,441117,0.5699109250182411,0.37547272915253416,7.0,1.0666666666666667
10489,441140,0.5698885000182421,0.04151066381018609,7.0,0.9666666666666667
10490,441163,0.569866075018243,0.06364344502799213,7.0,0.9333333333333333
10491,441186,0.569843650018244,0.048086686118040234,7.0,0.8666666666666667
10492,441207,0.5698231750182449,0.04545845009852201,7.0,0.8666666666666667
10493,441257,0.5697744250182469,0.10631590173579752,7.0,0.8666666666666667
10494,441280,0.5697520000182479,0.038230990525335073,7.0,0.8333333333333334
10495,441303,0.5697295750182488,0.04516652040183544,7.0,0.8
10496,441418,0.5696174500182536,0.2640602394239977,7.0,0.8666666666666667
10497,441518,0.5695199500182577,0.16845714539522305,7.0,0.8333333333333334
10498,441571,0.5694682750182599,0.08831528504379094,7.0,0.8333333333333334
10499,441623,0.5694175750182621,0.13153848191723228,7.0,0.8666666666666667
10500,441674,0.5693678500182642,0.08995089086238295,7.0,0.8666666666666667
10501,441745,0.5692986250182671,0.12331173749407753,7.0,0.9
10502,441796,0.5692489000182692,0.0815920839086175,7.0,0.9
10503,441918,0.5691299500182743,0.19603245431790128,7.0,0.8666666666666667
10504,442042,0.5690090500182794,0.2177132418146357,7.0,0.9333333333333333
10505,442065,0.5689866250182803,0.034136481379391626,7.0,0.9333333333333333
10506,442229,0.5688267250182871,0.23965117597253993,7.0,1.0333333333333334
10507,442297,0.5687604250182899,0.12259088375139982,7.0,1.0666666666666667
10508,442348,0.568710700018292,0.0838109478354454,7.0,1.0666666666666667
10509,442371,0.568688275018293,0.03064196079503745,7.0,1.0666666666666667
10510,442490,0.5685722500182979,0.21480027883080766,7.0,1.1
10511,442591,0.5684737750183021,0.1580781115917489,7.0,1.1
10512,442644,0.5684221000183043,0.10220687388209626,7.0,1.1
10513,442716,0.5683519000183073,0.12161388507229276,7.0,1.1
10514,442884,0.5681881000183142,0.25260694380267523,7.0,1.1666666666666667
10515,443016,0.5680594000183197,0.18365344719495624,7.0,1.2
10516,443039,0.5680369750183206,0.027611007215455174,7.0,1.2
10517,443062,0.5680145500183216,0.03233378188451752,7.0,1.2
10518,443085,0.5679921250183225,0.02533158875303343,7.0,1.1
10519,443106,0.5679716500183234,0.028489085903856903,7.0,1.1
10520,443223,0.5678575750183282,0.19434065718087368,7.0,1.1666666666666667
10521,443246,0.5678351500183292,0.03604235069360584,7.0,1.1666666666666667
10522,443346,0.5677376500183333,0.13849837862653658,7.0,1.2333333333333334
10523,443369,0.5677152250183343,0.034656408650334924,7.0,1.2
10524,443520,0.5675680000183405,0.20415726289502345,7.0,1.3333333333333333
10525,443543,0.5675455750183415,0.04018169111805037,7.0,1.3333333333333333
10526,443566,0.5675231500183424,0.041141214314848185,7.0,1.2333333333333334
10527,443617,0.5674734250183445,0.0763105736405123,7.0,1.2
10528,443686,0.5674061500183474,0.09577876230468974,7.0,1.2
10529,443808,0.5672872000183524,0.19728992055752315,7.0,1.2333333333333334
10530,443890,0.5672072500183558,0.11230990345939063,7.0,1.2666666666666666
10531,443913,0.5671848250183568,0.029342884285142645,7.0,1.2333333333333334
10532,443934,0.5671643500183576,0.03286782745271921,7.0,1.2
10533,444104,0.5669986000183647,0.2032117394846864,7.0,1.2333333333333334
10534,444172,0.5669323000183675,0.09453755564754829,7.0,1.2
10535,444195,0.5669098750183684,0.024582098703831434,7.0,1.2
10536,444218,0.5668874500183694,0.039712532015983015,7.0,1.1
10537,444241,0.5668650250183703,0.02145537274191156,7.0,1.0666666666666667
10538,444262,0.5668445500183712,0.022496211488032714,7.0,1.0333333333333334
10539,444313,0.5667948250183733,0.08397864759899676,7.0,1.0666666666666667
10540,444334,0.5667743500183742,0.021669117733836174,7.0,0.9666666666666667
10541,444434,0.5666768500183783,0.14315958926454186,7.0,0.9666666666666667
10542,444597,0.566517925018385,0.26264970388729125,7.0,1.1
10543,444695,0.5664223750183891,0.1805376042611897,7.0,1.1333333333333333
10544,444765,0.566354125018392,0.10960216642706655,7.0,1.0666666666666667
10545,444788,0.566331700018393,0.05262065457645804,7.0,0.9666666666666667
10546,444839,0.5662819750183951,0.0889528531988617,7.0,1.0
10547,444862,0.566259550018396,0.038698301708791405,7.0,1.0
10548,445012,0.5661133000184022,0.3782250288350042,7.0,1.1
10549,445035,0.5660908750184032,0.13346419320441782,7.0,1.1
10550,445226,0.5659046500184111,1.0577879544580355,7.0,1.1666666666666667
10551,445249,0.565882225018412,0.10037315089721233,7.0,1.1666666666666667
10552,445332,0.5658013000184154,0.3922886555083096,7.0,1.1666666666666667
10553,445355,0.5657788750184164,0.08331750181969255,7.0,1.1666666666666667
10554,445422,0.5657135500184192,0.2763738837093115,7.0,1.0666666666666667
10555,445522,0.5656160500184233,0.36151946953032166,7.0,1.1333333333333333
10556,445573,0.5655663250184254,0.14662805473199114,7.0,1.1666666666666667
10557,445732,0.565411300018432,0.46189167065313086,7.0,1.2666666666666666
10558,445753,0.5653908250184329,0.052584392949938774,7.0,1.2333333333333334
10559,445774,0.5653703500184337,0.06843240989837795,7.0,1.1666666666666667
10560,445848,0.5652982000184368,0.20545491547090933,7.0,1.1333333333333333
10561,445871,0.5652757750184377,0.05582247592974454,7.0,1.1333333333333333
10562,445894,0.5652533500184387,0.0678840639302507,7.0,1.1333333333333333
10563,445917,0.5652309250184396,0.09865165234077722,7.0,1.0333333333333334
10564,445968,0.5651812000184417,0.1881170545821078,7.0,1.0333333333333334
10565,445989,0.5651607250184426,0.06365817959886044,7.0,1.0333333333333334
10566,446012,0.5651383000184436,0.0429154300945811,7.0,1.0333333333333334
10567,446111,0.5650417750184477,0.22144523885799572,7.0,1.1
10568,446211,0.5649442750184518,0.2498529538861476,7.0,1.1666666666666667
10569,446283,0.5648740750184548,0.16722406615735963,7.0,1.1666666666666667
10570,446306,0.5648516500184557,0.060556341079063714,7.0,1.1666666666666667
10571,446329,0.5648292250184567,0.03501688101096079,7.0,1.1
10572,446380,0.5647795000184588,0.09876726596849039,7.0,0.9666666666666667
10573,446403,0.5647570750184597,0.061970414011739194,7.0,0.9
10574,446475,0.5646868750184627,0.17616942926542833,7.0,0.9
10575,446528,0.5646352000184649,0.12980233383132145,7.0,0.9333333333333333
10576,446551,0.5646127750184659,0.04163466137833893,7.0,0.9
10577,446622,0.5645435500184688,0.1361836979049258,7.0,0.9333333333333333
10578,446645,0.5645211250184697,0.035623038944322616,7.0,0.8333333333333334
10579,446719,0.5644489750184728,0.17006353044416755,7.0,0.8666666666666667
10580,446740,0.5644285000184737,0.03395419544540346,7.0,0.7333333333333333
10581,446860,0.5643115000184786,0.2104494326922577,7.0,0.8
10582,446911,0.5642617750184807,0.0914571558823809,7.0,0.7666666666666667
10583,446934,0.5642393500184817,0.036623033694922924,7.0,0.7666666666666667
10584,446955,0.5642188750184826,0.041258077253587544,7.0,0.7333333333333333
10585,446978,0.5641964500184835,0.027499464980792254,7.0,0.6666666666666666
10586,447001,0.5641740250184845,0.030117370100924745,7.0,0.6333333333333333
10587,447085,0.5640921250184879,0.11794253252446651,7.0,0.5666666666666667
10588,447106,0.5640716500184888,0.06513009627815336,7.0,0.5666666666666667
10589,447309,0.5638737250184972,0.33433702218462713,7.0,0.7666666666666667
10590,447332,0.5638513000184981,0.037367108976468444,7.0,0.7333333333333333
10591,447451,0.5637352750185031,0.23260702585685067,7.0,0.8
10592,447472,0.5637148000185039,0.027665221714414656,7.0,0.8
10593,447493,0.5636943250185048,0.061100751743651927,7.0,0.8
10594,447562,0.5636270500185077,0.10290118420380168,7.0,0.8
10595,447613,0.5635773250185098,0.0879864301532507,7.0,0.8333333333333334
10596,447636,0.5635549000185107,0.03101220732787624,7.0,0.8333333333333334
10597,447736,0.5634574000185149,0.15761631581699476,7.0,0.8333333333333334
10598,447822,0.5633735500185184,0.123280146101024,7.0,0.8333333333333334
10599,447845,0.5633511250185194,0.030651345616206527,7.0,0.8
10600,448041,0.5631600250185275,0.3098693127394654,7.0,0.9666666666666667
10601,448064,0.5631376000185284,0.029290458478499204,7.0,0.9666666666666667
10602,448087,0.5631151750185294,0.04871629845001735,7.0,0.9333333333333333
10603,448108,0.5630947000185302,0.03106962243327871,7.0,0.9333333333333333
10604,448159,0.5630449750185323,0.14579842454986647,7.0,0.9333333333333333
10605,448182,0.5630225500185333,0.028233594668563455,7.0,0.9
10606,448268,0.5629387000185369,0.15150893593090586,7.0,0.9666666666666667
10607,448291,0.5629162750185378,0.04070692684035748,7.0,0.9333333333333333
10608,448312,0.5628958000185387,0.0455465959967114,7.0,0.9333333333333333
10609,448383,0.5628265750185416,0.13019932169117965,7.0,0.9333333333333333
10610,448406,0.5628041500185426,0.03601799160242081,7.0,0.9333333333333333
10611,448457,0.5627544250185447,0.13059641455765814,7.0,0.9
10612,448480,0.5627320000185456,0.04199635854456574,7.0,0.8666666666666667
10613,448646,0.5625701500185525,0.2775540110305883,7.0,1.0
10614,448794,0.5624258500185586,0.27896789740771055,7.0,1.1
10615,448815,0.5624053750185595,0.030432313273195177,7.0,1.1
10616,448838,0.5623829500185604,0.04930840266752057,7.0,1.1
10617,448861,0.5623605250185614,0.03395970421843231,7.0,1.0333333333333334
10618,448978,0.5622464500185662,0.1640811547404155,7.0,1.1
10619,449029,0.5621967250185683,0.07631637211306952,7.0,0.9333333333333333
10620,449097,0.5621304250185711,0.08229019946884364,7.0,0.9666666666666667
10621,449120,0.5621080000185721,0.027356729202438146,7.0,0.9
10622,449143,0.562085575018573,0.03176853939658031,7.0,0.9
10623,449166,0.562063150018574,0.03344339126488194,7.0,0.9
10624,449215,0.562015375018576,0.0561972860887181,7.0,0.9
10625,449238,0.561992950018577,0.03599031950579956,7.0,0.8666666666666667
10626,449261,0.5619705250185779,0.025294088787632063,7.0,0.8666666666666667
10627,449376,0.5618584000185827,0.16714799019973725,7.0,0.9
10628,449428,0.5618077000185848,0.06643301554140635,7.0,0.8666666666666667
10629,449451,0.5617852750185858,0.03233664616709575,7.0,0.8666666666666667
10630,449474,0.5617628500185867,0.03058473370037973,7.0,0.7
10631,449497,0.5617404250185877,0.0316770588979125,7.0,0.7
10632,449518,0.5617199500185885,0.025407998880837113,7.0,0.7
10633,449639,0.5616019750185935,0.17455496269394644,7.0,0.7666666666666667
10634,449739,0.5615044750185977,0.11488063412252814,7.0,0.8
10635,449762,0.5614820500185986,0.030699918454047292,7.0,0.8
10636,449785,0.5614596250185996,0.025785923935472965,7.0,0.7333333333333333
10637,449855,0.5613913750186025,0.096439207700314,7.0,0.7666666666666667
10638,449878,0.5613689500186034,0.02646747385733761,7.0,0.7666666666666667
10639,450066,0.5611856500186112,0.5894842196430545,7.0,0.8666666666666667
10640,450089,0.5611632250186122,0.18764749844558537,7.0,0.8666666666666667
10641,450189,0.5610657250186163,0.5422911327914335,7.0,0.9
10642,450322,0.5609360500186218,0.6448724010260776,7.0,1.0
10643,450406,0.5608541500186253,0.37478536483831704,7.0,0.9333333333333333
10644,450429,0.5608317250186262,0.08248822623863816,7.0,0.8333333333333334
10645,450534,0.5607293500186306,0.41558260592864826,7.0,0.9
10646,450557,0.5607069250186315,0.06955078791361302,7.0,0.9
10647,450608,0.5606572000186336,0.14164390147197992,7.0,0.9333333333333333
10648,450660,0.5606065000186358,0.1482928398763761,7.0,0.9
10649,450816,0.5604544000186422,0.5554190915427171,7.0,1.0
10650,450839,0.5604319750186432,0.09017922048224136,7.0,0.9666666666666667
10651,451005,0.56027012501865,0.41556079842848703,7.0,1.1
10652,451028,0.560247700018651,0.06625630205962807,7.0,1.1
10653,451051,0.5602252750186519,0.04720654897391796,7.0,1.1
10654,451170,0.5601092500186569,0.27630313544068485,7.0,1.1333333333333333
10655,451341,0.5599425250186639,0.45049155701417476,7.0,1.2333333333333334
10656,451459,0.5598274750186688,0.24815405457047746,7.0,1.3
10657,451606,0.5596841500186749,0.3147557927877642,7.0,1.3
10658,451627,0.5596636750186758,0.03621200216002762,7.0,1.2666666666666666
10659,451700,0.5595925000186788,0.15499190904665738,7.0,1.3
10660,451770,0.5595242500186817,0.1301246345974505,7.0,1.3333333333333333
10661,451888,0.5594092000186865,0.225632393558044,7.0,1.4
10662,451939,0.5593594750186887,0.08539123946684413,7.0,1.4333333333333333
10663,452009,0.5592912250186916,0.11076076631434262,7.0,1.4
10664,452032,0.5592688000186925,0.03866144421044737,7.0,1.3333333333333333
10665,452053,0.5592483250186934,0.036371238878928125,7.0,1.3333333333333333
10666,452076,0.5592259000186943,0.03401791863143444,7.0,1.3333333333333333
10667,452099,0.5592034750186953,0.045187525800429285,7.0,1.3
10668,452267,0.5590396750187022,0.25250982292345725,7.0,1.4
10669,452387,0.5589226750187072,0.20190813616500236,7.0,1.3333333333333333
10670,452410,0.5589002500187081,0.041200275358278304,7.0,1.3333333333333333
10671,452433,0.5588778250187091,0.049364381411578506,7.0,1.2666666666666666
10672,452456,0.55885540001871,0.04928776319138706,7.0,1.1666666666666667
10673,452479,0.558832975018711,0.04651714232750237,7.0,1.1
10674,452550,0.5587637500187139,0.14729912427719682,7.0,1.1333333333333333
10675,452624,0.558691600018717,0.10432863733149134,7.0,1.1
10676,452724,0.5585941000187211,0.12506127517553978,7.0,1.1666666666666667
10677,452809,0.5585112250187246,0.10546902471105568,7.0,1.2
10678,452830,0.5584907500187255,0.0259323030768428,7.0,1.1666666666666667
10679,452928,0.5583952000187296,0.11874064870062284,7.0,1.1
10680,452981,0.5583435250187317,0.08168530330294743,7.0,1.1333333333333333
10681,453081,0.5582460250187359,0.14967102577793412,7.0,1.0666666666666667
10682,453104,0.5582236000187368,0.028215308324433863,7.0,1.0666666666666667
10683,453253,0.558078325018743,0.23114194421214052,7.0,1.1666666666666667
10684,453274,0.5580578500187439,0.0296370810829103,7.0,1.1
10685,453327,0.558006175018746,0.07659272308228537,7.0,1.0333333333333334
10686,453427,0.5579086750187502,0.13719579944154248,7.0,1.0333333333333334
10687,453450,0.5578862500187511,0.04874856065725908,7.0,0.9333333333333333
10688,453471,0.557865775018752,0.0291305945138447,7.0,0.9333333333333333
10689,453542,0.5577965500187549,0.10798447782872245,7.0,0.9333333333333333
10690,453624,0.5577166000187583,0.11948248205590062,7.0,0.9666666666666667
10691,453647,0.5576941750187593,0.028635626251343638,7.0,0.9
10692,453670,0.5576717500187602,0.025739499629708007,7.0,0.8666666666666667
10693,453691,0.5576512750187611,0.01903210234013386,7.0,0.8333333333333334
10694,453714,0.5576288500187621,0.02264521992765367,7.0,0.8333333333333334
10695,453737,0.557606425018763,0.025514711334835738,7.0,0.8333333333333334
10696,453887,0.5574601750187692,0.20012531918473542,7.0,0.9333333333333333
10697,454007,0.5573431750187742,0.1393256316659972,7.0,1.0
10698,454030,0.5573207500187751,0.029068963951431215,7.0,0.9
10699,454150,0.5572037500187801,0.15870124669163488,7.0,0.9
10700,454173,0.557181325018781,0.04527852777391672,7.0,0.9
10701,454196,0.557158900018782,0.031925327493809164,7.0,0.9
10702,454219,0.5571364750187829,0.03541831375332549,7.0,0.9
10703,454242,0.5571140500187839,0.035076489875791594,7.0,0.9
10704,454327,0.5570311750187874,0.14418351167114452,7.0,0.9333333333333333
10705,454350,0.5570087500187884,0.026442887145094573,7.0,0.9
10706,454421,0.5569395250187913,0.10594931544619612,7.0,0.8666666666666667
10707,454444,0.5569171000187922,0.035874112421879545,7.0,0.8
10708,454515,0.5568478750187952,0.11413148714927956,7.0,0.8333333333333334
10709,454702,0.5566655500188029,0.27594895774382167,7.0,0.9
10710,454805,0.5565651250188072,0.17657823747140355,7.0,0.9333333333333333
10711,454874,0.55649785001881,0.08506178823881783,7.0,0.9
10712,454897,0.556475425018811,0.03138389185187407,7.0,0.9
10713,454920,0.5564530000188119,0.03542711277259514,7.0,0.8
10714,454943,0.5564305750188129,0.03108574525685981,7.0,0.8
10715,455043,0.556333075018817,0.3932610890478827,7.0,0.8333333333333334
10716,455066,0.556310650018818,0.15606305468827486,7.0,0.7666666666666667
10717,455166,0.5562131500188221,0.6900440951576456,7.0,0.8333333333333334
10718,455189,0.556190725018823,0.13523391005583107,7.0,0.8333333333333334
10719,455212,0.556168300018824,0.08671917160972953,7.0,0.8
10720,455235,0.556145875018825,0.1424310547299683,7.0,0.7333333333333333
10721,455335,0.5560483750188291,0.43324875144753605,7.0,0.8
10722,455358,0.55602595001883,0.08620319119654596,7.0,0.8
10723,455381,0.556003525018831,0.08110344281885773,7.0,0.8
10724,455404,0.5559811000188319,0.10847355530131608,7.0,0.8
10725,455457,0.5559294250188341,0.20339371962472796,7.0,0.8333333333333334
10726,455480,0.5559070000188351,0.08377092552836984,7.0,0.7333333333333333
10727,455503,0.555884575018836,0.06702246726490557,7.0,0.6666666666666666
10728,455720,0.555673000018845,0.7242190893739462,7.0,0.8666666666666667
10729,455795,0.5555998750188481,0.2145405999617651,7.0,0.8333333333333334
10730,455816,0.555579400018849,0.07633045595139265,7.0,0.8333333333333334
10731,455917,0.5554809250188532,0.23812797100981697,7.0,0.9
10732,455966,0.5554331500188552,0.13762725400738418,7.0,0.9333333333333333
10733,455989,0.5554107250188561,0.049659279524348676,7.0,0.9333333333333333
10734,456042,0.5553590500188583,0.11659345135558397,7.0,0.9
10735,456065,0.5553366250188593,0.034663955215364695,7.0,0.9
10736,456088,0.5553142000188602,0.04026235087076202,7.0,0.8666666666666667
10737,456111,0.5552917750188612,0.045620247605256736,7.0,0.8666666666666667
10738,456162,0.5552420500188633,0.09458017483120784,7.0,0.8666666666666667
10739,456185,0.5552196250188642,0.06413605029229075,7.0,0.7333333333333333
10740,456208,0.5551972000188652,0.04993425658904016,7.0,0.6666666666666666
10741,456231,0.5551747750188661,0.03879263409180567,7.0,0.6333333333333333
10742,456254,0.5551523500188671,0.0351625774637796,7.0,0.6333333333333333
10743,456383,0.5550265750188724,0.2808054507477209,7.0,0.7333333333333333
10744,456436,0.5549749000188746,0.12256027042167261,7.0,0.7666666666666667
10745,456459,0.5549524750188756,0.0369324020575732,7.0,0.7
10746,456561,0.5548530250188798,0.20037534093717113,7.0,0.7666666666666667
10747,456614,0.554801350018882,0.10943065059836954,7.0,0.7333333333333333
10748,456637,0.5547789250188829,0.04129262827336788,7.0,0.7333333333333333
10749,456660,0.5547565000188839,0.0373462755815126,7.0,0.7333333333333333
10750,456711,0.554706775018886,0.11320332885952666,7.0,0.7666666666666667
10751,456734,0.5546843500188869,0.039907671278342605,7.0,0.7
10752,456883,0.5545390750188931,0.2356022773310542,7.0,0.8
10753,457013,0.5544123250188985,0.29889230971457437,7.0,0.9
10754,457036,0.5543899000188994,0.04719860712066293,7.0,0.9
10755,457059,0.5543674750189004,0.028912689303979278,7.0,0.8666666666666667
10756,457128,0.5543002000189032,0.14412650658050552,7.0,0.9
10757,457210,0.5542202500189066,0.11996624001767486,7.0,0.9666666666666667
10758,457233,0.5541978250189076,0.043447749805636704,7.0,0.7666666666666667
10759,457315,0.554117875018911,0.14293425297364593,7.0,0.8
10760,457383,0.5540515750189138,0.103151380259078,7.0,0.8333333333333334
10761,457516,0.5539219000189193,0.26064531289739534,7.0,0.8666666666666667
10762,457539,0.5538994750189202,0.033613810839597136,7.0,0.8333333333333334
10763,457562,0.5538770500189212,0.03190188866574317,7.0,0.8333333333333334
10764,457731,0.5537122750189282,0.2612143935111817,7.0,0.9
10765,457754,0.5536898500189291,0.032967017381452024,7.0,0.9
10766,457805,0.5536401250189312,0.07267504348419607,7.0,0.9333333333333333
10767,457828,0.5536177000189322,0.03296861099079251,7.0,0.9333333333333333
10768,457851,0.5535952750189331,0.03577462479006499,7.0,0.9
10769,457874,0.5535728500189341,0.026266867585945874,7.0,0.9
10770,457994,0.553455850018939,0.14661451027495787,7.0,0.9666666666666667
10771,458017,0.55343342501894,0.02463572478154674,7.0,0.9666666666666667
10772,458146,0.5533076500189453,0.17088178897392936,7.0,1.0666666666666667
10773,458169,0.5532852250189463,0.03636756236664951,7.0,0.9666666666666667
10774,458192,0.5532628000189472,0.03129004925722256,7.0,0.9333333333333333
10775,458215,0.5532403750189482,0.027860940754180774,7.0,0.9333333333333333
10776,458344,0.5531146000189535,0.17832308512879536,7.0,0.9666666666666667
10777,458397,0.5530629250189557,0.07395380485104397,7.0,0.9666666666666667
10778,458420,0.5530405000189567,0.02817607784527354,7.0,0.9666666666666667
10779,458473,0.5529888250189589,0.05302462799591012,7.0,1.0
10780,458528,0.5529352000189611,0.0710004408902023,7.0,1.0
10781,458579,0.5528854750189632,0.05728108224866446,7.0,1.0333333333333334
10782,458602,0.5528630500189642,0.03462857368867844,7.0,0.9333333333333333
10783,458732,0.5527363000189696,0.25153263288666494,7.0,0.9333333333333333
10784,458850,0.5526212500189744,0.14708194477134384,7.0,1.0
10785,458871,0.5526007750189753,0.036938079399988055,7.0,1.0
10786,458922,0.5525510500189774,0.0545858638943173,7.0,1.0
10787,458945,0.5525286250189784,0.026715438114479184,7.0,0.9333333333333333
10788,459043,0.5524330750189824,0.15205955220153555,7.0,1.0
10789,459163,0.5523160750189874,0.1659775259613525,7.0,1.0
10790,459186,0.5522936500189883,0.02890543994726613,7.0,0.9666666666666667
10791,459209,0.5522712250189893,0.056302688928553835,7.0,0.8666666666666667
10792,459342,0.5521415500189948,0.29444386580144055,7.0,0.9666666666666667
10793,459365,0.5521191250189957,0.028541512961965054,7.0,0.9666666666666667
10794,459388,0.5520967000189967,0.024599091266281903,7.0,0.8666666666666667
10795,459411,0.5520742750189976,0.0389555303263478,7.0,0.8666666666666667
10796,459434,0.5520518500189986,0.03277895873179659,7.0,0.8333333333333334
10797,459457,0.5520294250189995,0.03357193910051137,7.0,0.8333333333333334
10798,459480,0.5520070000190005,0.025439501681830734,7.0,0.8333333333333334
10799,459503,0.5519845750190014,0.04887785704340786,7.0,0.8333333333333334
10800,459526,0.5519621500190024,0.026534766046097502,7.0,0.7666666666666667
10801,459549,0.5519397250190033,0.029079130647005513,7.0,0.7666666666666667
10802,459713,0.5517798250190101,0.32630544577841647,7.0,0.7666666666666667
10803,459734,0.551759350019011,0.0408083550282754,7.0,0.7666666666666667
10804,459757,0.551736925019012,0.0350118656642735,7.0,0.7666666666666667
10805,459808,0.5516872000190141,0.0573546189989429,7.0,0.8
10806,459877,0.5516199250190169,0.12024142971495166,7.0,0.7333333333333333
10807,460046,0.5514551500190239,0.5094618570292369,7.0,0.8
10808,460149,0.5513547250190282,0.672614939045161,7.0,0.8666666666666667
10809,460225,0.5512806250190313,0.45677357143722475,7.0,0.8666666666666667
10810,460248,0.5512582000190323,0.09899438510183245,7.0,0.8333333333333334
10811,460271,0.5512357750190332,0.11865070147905499,7.0,0.8
10812,460292,0.5512153000190341,0.08657841046806425,7.0,0.8
10813,460315,0.551192875019035,0.1361194789642468,7.0,0.7
10814,460384,0.5511256000190379,0.3098202646942809,7.0,0.6666666666666666
10815,460452,0.5510593000190407,0.2561949904775247,7.0,0.7
10816,460475,0.5510368750190416,0.0726690316805616,7.0,0.6666666666666666
10817,460498,0.5510144500190426,0.07447401760146022,7.0,0.6666666666666666
10818,460521,0.5509920250190435,0.0820409533334896,7.0,0.6
10819,460588,0.5509267000190463,0.23746327572735026,7.0,0.5666666666666667
10820,460657,0.5508594250190492,0.18788580305408686,7.0,0.6
10821,460757,0.5507619250190533,0.2924209620687179,7.0,0.6666666666666666
10822,460857,0.5506644250190574,0.2730932562844828,7.0,0.6333333333333333
10823,460907,0.5506156750190595,0.1389759048470296,7.0,0.6666666666666666
10824,460928,0.5505952000190604,0.04981118137948215,7.0,0.6666666666666666
10825,461028,0.5504977000190645,0.228665867325617,7.0,0.7333333333333333
10826,461051,0.5504752750190655,0.051536958606448025,7.0,0.7333333333333333
10827,461100,0.5504275000190675,0.11461758357472718,7.0,0.7666666666666667
10828,461270,0.5502617500190745,0.37089055456453934,7.0,0.9
10829,461291,0.5502412750190754,0.03876552660949528,7.0,0.9
10830,461366,0.5501681500190785,0.2225437806919217,7.0,0.9333333333333333
10831,461578,0.5499614500190873,0.45515262277331203,7.0,1.1
10832,461601,0.5499390250190882,0.04677307070232928,7.0,1.0
10833,461624,0.5499166000190892,0.038554856553673744,7.0,1.0
10834,461696,0.5498464000190921,0.1602196218445897,7.0,1.0333333333333334
10835,461719,0.5498239750190931,0.0364899187698029,7.0,1.0
10836,461742,0.549801550019094,0.044149577617645264,7.0,0.9666666666666667
10837,461811,0.5497342750190969,0.1332152938703075,7.0,0.9
10838,461834,0.5497118500190978,0.06192914763232693,7.0,0.8333333333333334
10839,461857,0.5496894250190988,0.04497079527936876,7.0,0.8
10840,461988,0.5495617000191042,0.24258305341936648,7.0,0.9
10841,462143,0.5494105750191106,0.3126407274103258,7.0,1.0333333333333334
10842,462166,0.5493881500191116,0.06745781481731683,7.0,1.0333333333333334
10843,462269,0.5492877250191158,0.2381109728885349,7.0,1.1
10844,462342,0.5492165500191188,0.12128615198889747,7.0,1.1
10845,462414,0.5491463500191218,0.10067350429017097,7.0,1.1
10846,462437,0.5491239250191228,0.03442444288521074,7.0,1.1
10847,462460,0.5491015000191237,0.03636805378482677,7.0,1.1
10848,462483,0.5490790750191247,0.04155997431371361,7.0,1.1
10849,462534,0.5490293500191268,0.08766987931448966,7.0,1.1
10850,462557,0.5490069250191277,0.03720652015181258,7.0,1.0666666666666667
10851,462580,0.5489845000191287,0.06701391353271902,7.0,1.0
10852,462662,0.5489045500191321,0.12439530892879702,7.0,1.0
10853,462685,0.548882125019133,0.03246284811757505,7.0,0.9666666666666667
10854,462814,0.5487563500191384,0.1759292805509176,7.0,1.0666666666666667
10855,462837,0.5487339250191393,0.03507432382320985,7.0,1.0
10856,462987,0.5485876750191455,0.23296989695518278,7.0,1.1
10857,463010,0.5485652500191465,0.06332954199751839,7.0,1.0666666666666667
10858,463090,0.5484872500191498,0.1281161775405053,7.0,1.0
10859,463303,0.5482795750191586,0.369755588384578,7.0,1.1666666666666667
10860,463324,0.5482591000191595,0.025898701860569417,7.0,1.1333333333333333
10861,463375,0.5482093750191616,0.10555433659465052,7.0,1.0
10862,463398,0.5481869500191625,0.03966240136651322,7.0,1.0
10863,463514,0.5480738500191673,0.1961776325770188,7.0,1.0666666666666667
10864,463667,0.5479246750191736,0.2609284931095317,7.0,1.1333333333333333
10865,463854,0.5477423500191814,0.24895166486385278,7.0,1.3
10866,463877,0.5477199250191823,0.023580468288855627,7.0,1.3
10867,463996,0.5476039000191872,0.22564799079555087,7.0,1.3333333333333333
10868,464017,0.5475834250191881,0.05047567607834935,7.0,1.3333333333333333
10869,464068,0.5475337000191902,0.09678430954227224,7.0,1.3666666666666667
10870,464189,0.5474157250191952,0.22017127176513895,7.0,1.3333333333333333
10871,464212,0.5473933000191962,0.03160021192161366,7.0,1.2
10872,464360,0.5472490000192023,0.211127446469618,7.0,1.3
10873,464383,0.5472265750192032,0.03657105742604472,7.0,1.2333333333333334
10874,464452,0.5471593000192061,0.10862535028718412,7.0,1.2333333333333334
10875,464569,0.5470452250192109,0.16522839249228127,7.0,1.2666666666666666
10876,464749,0.5468697250192184,0.2701256237050984,7.0,1.4333333333333333
10877,464772,0.5468473000192193,0.050788109947461635,7.0,1.4333333333333333
10878,464795,0.5468248750192203,0.032850875111762434,7.0,1.4333333333333333
10879,464847,0.5467741750192224,0.09469850215828046,7.0,1.4333333333333333
10880,464870,0.5467517500192234,0.04139370401389897,7.0,1.4333333333333333
10881,464921,0.5467020250192255,0.15183765010442585,7.0,1.4666666666666666
10882,464944,0.5466796000192264,0.06374550511827692,7.0,1.4
10883,464998,0.5466269500192287,0.12006512156222016,7.0,1.4333333333333333
10884,465098,0.5465294500192328,0.7319684770773165,7.0,1.4
10885,465149,0.5464797250192349,0.25934111326932907,7.0,1.4333333333333333
10886,465172,0.5464573000192359,0.10146224626805633,7.0,1.3333333333333333
10887,465195,0.5464348750192368,0.12676559016108513,7.0,1.3333333333333333
10888,465295,0.546337375019241,0.440244777710177,7.0,1.3333333333333333
10889,465486,0.5461511500192489,0.7019628760754131,7.0,1.3
10890,465509,0.5461287250192498,0.12355487409513444,7.0,1.3
10891,465532,0.5461063000192508,0.10587483190465719,7.0,1.2666666666666666
10892,465555,0.5460838750192517,0.0701930882059969,7.0,1.2666666666666666
10893,465604,0.5460361000192537,0.1840133523219265,7.0,1.2333333333333334
10894,465627,0.5460136750192547,0.08941568539012223,7.0,1.1333333333333333
10895,465650,0.5459912500192556,0.05760671757161617,7.0,0.9666666666666667
10896,465673,0.5459688250192566,0.07943193742539734,7.0,0.9666666666666667
10897,465755,0.54588887501926,0.24632688739802688,7.0,0.9666666666666667
10898,465808,0.5458372000192622,0.17181055434048176,7.0,1.0
10899,465906,0.5457416500192662,0.3029096806421876,7.0,1.0333333333333334
10900,465960,0.5456890000192685,0.1345180703792721,7.0,1.0
10901,466011,0.5456392750192706,0.1546931746415794,7.0,1.0333333333333334
10902,466034,0.5456168500192715,0.04940187942702323,7.0,0.9333333333333333
10903,466057,0.5455944250192725,0.06451823055977002,7.0,0.9333333333333333
10904,466157,0.5454969250192766,0.22898644406814128,7.0,0.9666666666666667
10905,466180,0.5454745000192776,0.04887518077157438,7.0,0.9
10906,466233,0.5454228250192797,0.10239709302550182,7.0,0.7666666666666667
10907,466256,0.5454004000192807,0.05296515463851392,7.0,0.7666666666666667
10908,466376,0.5452834000192857,0.36268487124470994,7.0,0.8333333333333334
10909,466429,0.5452317250192878,0.13485335395671427,7.0,0.8333333333333334
10910,466503,0.5451595750192909,0.14781814359594136,7.0,0.8666666666666667
10911,466650,0.545016250019297,0.2473093965672888,7.0,0.9333333333333333
10912,466701,0.5449665250192991,0.10127221862785518,7.0,0.9666666666666667
10913,466771,0.544898275019302,0.13099550211336464,7.0,0.9666666666666667
10914,466794,0.5448758500193029,0.047342823643703014,7.0,0.9
10915,466911,0.5447617750193078,0.222765821905341,7.0,0.9333333333333333
10916,467083,0.5445940750193149,0.3347470487060491,7.0,1.0333333333333334
10917,467104,0.5445736000193158,0.039417455496732146,7.0,1.0333333333333334
10918,467155,0.5445238750193179,0.09077495857491158,7.0,1.0
10919,467178,0.5445014500193188,0.039781331666745245,7.0,0.8666666666666667
10920,467230,0.544450750019321,0.09853246161947027,7.0,0.9
10921,467281,0.5444010250193231,0.09693320177029818,7.0,0.9333333333333333
10922,467304,0.544378600019324,0.08417743095196784,7.0,0.9333333333333333
10923,467481,0.5442060250193314,0.3343485493096523,7.0,1.0666666666666667
10924,467648,0.5440432000193383,0.2710977995884605,7.0,1.1666666666666667
10925,467804,0.5438911000193447,0.24938416769145988,7.0,1.2666666666666666
10926,467995,0.5437048750193526,0.3791581670229789,7.0,1.4
10927,468095,0.5436073750193567,0.20430904618115164,7.0,1.4
10928,468287,0.5434201750193647,0.43741521949414164,7.0,1.5333333333333334
10929,468308,0.5433997000193656,0.05467124126153067,7.0,1.4666666666666666
10930,468331,0.5433772750193665,0.056583517405670136,7.0,1.4333333333333333
10931,468431,0.5432797750193706,0.17605378941516392,7.0,1.4666666666666666
10932,468484,0.5432281000193728,0.10335941385710612,7.0,1.5
10933,468507,0.5432056750193738,0.048948604555334896,7.0,1.5
10934,468558,0.5431559500193759,0.08665543043753132,7.0,1.4666666666666666
10935,468610,0.543105250019378,0.08071575575741008,7.0,1.5
10936,468825,0.5428956250193869,0.3780683653021697,7.0,1.6666666666666667
10937,468878,0.5428439500193891,0.08042304214905016,7.0,1.7
10938,468949,0.5427747250193921,0.11732470346032642,7.0,1.6666666666666667
10939,469035,0.5426908750193956,0.15915787720587105,7.0,1.7
10940,469085,0.5426421250193977,0.12012415507342666,7.0,1.7
10941,469108,0.5426197000193986,0.04481759789632633,7.0,1.6
10942,469294,0.5424383500194063,0.29080939886625856,7.0,1.7
10943,469315,0.5424178750194072,0.030459650384727865,7.0,1.6666666666666667
10944,469338,0.5423954500194081,0.022859067772515118,7.0,1.6666666666666667
10945,469361,0.5423730250194091,0.030904844898032025,7.0,1.6
10946,469412,0.5423233000194112,0.07696490077069029,7.0,1.5333333333333334
10947,469435,0.5423008750194122,0.03876693994970992,7.0,1.5333333333333334
10948,469585,0.5421546250194184,0.20113981480244547,7.0,1.6
10949,469606,0.5421341500194192,0.026420485111884773,7.0,1.6
10950,469629,0.5421117250194202,0.03432933165458962,7.0,1.5666666666666667
10951,469652,0.5420893000194211,0.025976127450121567,7.0,1.5333333333333334
10952,469754,0.5419898500194253,0.1597406108630821,7.0,1.6
10953,469837,0.5419089250194288,0.13036115749855526,7.0,1.5
10954,469954,0.5417948500194336,0.14908567428938113,7.0,1.4666666666666666
10955,470130,0.5416232500194409,1.010143006191356,7.0,1.4666666666666666
10956,470200,0.5415550000194438,0.43152136902790517,7.0,1.3666666666666667
10957,470314,0.5414438500194485,0.5748327953042462,7.0,1.3666666666666667
10958,470491,0.5412712750194558,0.8064156590262428,7.0,1.3333333333333333
10959,470514,0.5412488500194568,0.09627446450758725,7.0,1.3333333333333333
10960,470535,0.5412283750194576,0.08985716418828815,7.0,1.3333333333333333
10961,470586,0.5411786500194598,0.18020146759226918,7.0,1.3
10962,470688,0.541079200019464,0.4680691724643111,7.0,1.3333333333333333
10963,470709,0.5410587250194648,0.07133502478245646,7.0,1.3333333333333333
10964,470833,0.54093782501947,0.46127361012622714,7.0,1.3666666666666667
10965,470904,0.5408686000194729,0.21406715363264084,7.0,1.3666666666666667
10966,471006,0.5407691500194771,0.35552136646583676,7.0,1.2333333333333334
10967,471027,0.540748675019478,0.0812200428918004,7.0,1.2
10968,471050,0.5407262500194789,0.07251234957948327,7.0,1.1666666666666667
10969,471073,0.5407038250194799,0.06707459432072937,7.0,1.1
10970,471096,0.5406814000194808,0.08331744058523327,7.0,1.0666666666666667
10971,471216,0.5405644000194858,0.3367973936256021,7.0,1.1333333333333333
10972,471239,0.5405419750194868,0.05807149066822603,7.0,1.0
10973,471262,0.5405195500194877,0.059040679479949176,7.0,1.0
10974,471285,0.5404971250194887,0.05338017374742776,7.0,1.0
10975,471436,0.5403499000194949,0.35687329957727343,7.0,1.1
10976,471487,0.540300175019497,0.10686728445580229,7.0,1.1
10977,471510,0.540277750019498,0.05661187611985952,7.0,1.1
10978,471531,0.5402572750194988,0.03998504747869447,7.0,1.0
10979,471615,0.5401753750195023,0.17414992698468268,7.0,1.0666666666666667
10980,471636,0.5401549000195032,0.0497011513216421,7.0,1.0666666666666667
10981,471659,0.5401324750195041,0.04404573573265225,7.0,1.0666666666666667
10982,471728,0.540065200019507,0.1167703865794465,7.0,1.0333333333333334
10983,471751,0.5400427750195079,0.055576903047040105,7.0,0.9666666666666667
10984,471774,0.5400203500195089,0.05905175441876054,7.0,0.9
10985,471797,0.5399979250195098,0.05829151230864227,7.0,0.8
10986,471820,0.5399755000195108,0.05614962603431195,7.0,0.7666666666666667
10987,471841,0.5399550250195116,0.042407486122101545,7.0,0.7
10988,471939,0.5398594750195157,0.1711740051396191,7.0,0.6333333333333333
10989,471960,0.5398390000195166,0.04242918471572921,7.0,0.6333333333333333
10990,472033,0.5397678250195196,0.1343871047720313,7.0,0.6666666666666666
10991,472056,0.5397454000195205,0.04300156747922301,7.0,0.6333333333333333
10992,472105,0.5396976250195226,0.07333219423890114,7.0,0.6
10993,472128,0.5396752000195235,0.03593882144195959,7.0,0.6
10994,472151,0.5396527750195245,0.039395635190885514,7.0,0.5333333333333333
10995,472174,0.5396303500195254,0.03790379868587479,7.0,0.5
10996,472197,0.5396079250195264,0.05278763239039108,7.0,0.43333333333333335
10997,472328,0.5394802000195318,0.24209597409935668,7.0,0.5333333333333333
10998,472349,0.5394597250195327,0.032621570222545415,7.0,0.5333333333333333
10999,472449,0.5393622250195368,0.1417826130054891,7.0,0.6
11000,472550,0.539263750019541,0.16410871446714737,7.0,0.6666666666666666
11001,472573,0.5392413250195419,0.03779112279880792,7.0,0.6
11002,472692,0.5391253000195468,0.18154309282545,7.0,0.6666666666666666
11003,472713,0.5391048250195477,0.03342479601269588,7.0,0.6666666666666666
11004,472889,0.538933225019555,0.2845490804174915,7.0,0.7666666666666667
11005,472963,0.538861075019558,0.13086702168220654,7.0,0.7
11006,472986,0.538838650019559,0.03645876672817394,7.0,0.6666666666666666
11007,473007,0.5388181750195599,0.0385097794351168,7.0,0.6666666666666666
11008,473030,0.5387957500195608,0.03162233764305711,7.0,0.6666666666666666
11009,473051,0.5387752750195617,0.04359739867504686,7.0,0.6
11010,473222,0.5386085500195688,0.3005444304435514,7.0,0.7333333333333333
11011,473245,0.5385861250195697,0.04561168630607426,7.0,0.7333333333333333
11012,473312,0.5385208000195725,0.10156862530857325,7.0,0.7333333333333333
11013,473335,0.5384983750195734,0.037396366300527006,7.0,0.7333333333333333
11014,473386,0.5384486500195755,0.07565172103932127,7.0,0.7666666666666667
11015,473507,0.5383306750195805,0.22242264813394286,7.0,0.8333333333333334
11016,473530,0.5383082500195815,0.03232709149597213,7.0,0.8333333333333334
11017,473651,0.5381902750195865,0.19245798466727138,7.0,0.9
11018,473674,0.5381678500195874,0.032948196603683755,7.0,0.8333333333333334
11019,473793,0.5380518250195924,0.1499106567061972,7.0,0.9
11020,473864,0.5379826000195953,0.12005113103077747,7.0,0.9
11021,473985,0.5378646250196003,0.15085084378370084,7.0,0.9666666666666667
11022,474085,0.5377671250196044,0.1454986319586169,7.0,1.0
11023,474287,0.5375701750196128,0.36918297994998284,7.0,1.1666666666666667
11024,474310,0.5375477500196137,0.02834818564588204,7.0,1.1666666666666667
11025,474333,0.5375253250196147,0.06802256387891248,7.0,1.1666666666666667
11026,474356,0.5375029000196156,0.03178104251855984,7.0,1.1666666666666667
11027,474511,0.5373517750196221,0.2828985183732584,7.0,1.2
11028,474580,0.5372845000196249,0.13922748970799148,7.0,1.2333333333333334
11029,474603,0.5372620750196259,0.02668665288365446,7.0,1.1666666666666667
11030,474654,0.537212350019628,0.09543834178475663,7.0,1.1333333333333333
11031,474772,0.5370973000196329,0.20682878835941665,7.0,1.2
11032,474840,0.5370310000196357,0.12205134710529819,7.0,1.1666666666666667
11033,474863,0.5370085750196366,0.038638132566120476,7.0,1.1666666666666667
11034,474912,0.5369608000196386,0.09005101077491418,7.0,1.1
11035,475126,0.5367521500196475,1.0734773523872718,7.0,1.2333333333333334
11036,475177,0.5367024250196496,0.30204410874284804,7.0,1.2666666666666666
11037,475230,0.5366507500196518,0.3037901243660599,7.0,1.3
11038,475329,0.5365542250196559,0.5282450991217047,7.0,1.3666666666666667
11039,475478,0.536408950019662,0.6023375224322081,7.0,1.4666666666666666
11040,475579,0.5363104750196662,0.3419755977811292,7.0,1.4
11041,475602,0.5362880500196672,0.06602159852627665,7.0,1.4
11042,475625,0.5362656250196681,0.08304910513106734,7.0,1.3666666666666667
11043,475648,0.5362432000196691,0.07197266421280801,7.0,1.3666666666666667
11044,475671,0.53622077501967,0.08828372519928962,7.0,1.3333333333333333
11045,475722,0.5361710500196721,0.18977581046056002,7.0,1.3
11046,475745,0.5361486250196731,0.079647121950984,7.0,1.3
11047,475866,0.5360306500196781,0.4506129608489573,7.0,1.3
11048,475939,0.5359594750196811,0.25667746301041916,7.0,1.3333333333333333
11049,475962,0.5359370500196821,0.08233502856455743,7.0,1.2666666666666666
11050,476063,0.5358385750196862,0.2844571222085506,7.0,1.3
11051,476086,0.5358161500196872,0.0687506893882528,7.0,1.2333333333333334
11052,476109,0.5357937250196881,0.05312942748423666,7.0,1.1666666666666667
11053,476132,0.5357713000196891,0.058137078769505024,7.0,1.0
11054,476153,0.53575082501969,0.06232312775682658,7.0,1.0
11055,476176,0.5357284000196909,0.05747300758957863,7.0,1.0
11056,476228,0.5356777000196931,0.12924376234877855,7.0,1.0333333333333334
11057,476346,0.5355626500196979,0.24217157333623618,7.0,0.9666666666666667
11058,476514,0.5353988500197049,0.39606291355448775,7.0,1.0333333333333334
11059,476619,0.5352964750197092,0.2303149418439716,7.0,1.1
11060,476642,0.5352740500197102,0.05347256897948682,7.0,1.0666666666666667
11061,476693,0.5352243250197123,0.0958814917539712,7.0,1.0333333333333334
11062,476743,0.5351755750197144,0.11755702208029106,7.0,1.0333333333333334
11063,476813,0.5351073250197173,0.16072048450587317,7.0,1.0666666666666667
11064,476864,0.5350576000197194,0.10688153567025438,7.0,1.0666666666666667
11065,476887,0.5350351750197203,0.08412954997038469,7.0,0.9
11066,476910,0.5350127500197213,0.050840761861763895,7.0,0.8666666666666667
11067,476933,0.5349903250197222,0.05160324717871845,7.0,0.8333333333333334
11068,476956,0.5349679000197232,0.07213268236955628,7.0,0.7666666666666667
11069,476979,0.5349454750197241,0.03904398379381746,7.0,0.6666666666666666
11070,477046,0.5348801500197269,0.11837757099419832,7.0,0.6333333333333333
11071,477215,0.5347153750197339,0.31762910523684695,7.0,0.7333333333333333
11072,477290,0.534642250019737,0.14047993603162467,7.0,0.7666666666666667
11073,477313,0.5346198250197379,0.03741994925076142,7.0,0.7666666666666667
11074,477336,0.5345974000197389,0.03607851715059951,7.0,0.7666666666666667
11075,477385,0.5345496250197409,0.0830501495511271,7.0,0.7666666666666667
11076,477485,0.534452125019745,0.18476591940270737,7.0,0.8333333333333334
11077,477657,0.5342844250197522,0.2817471308808308,7.0,0.9
11078,477678,0.534263950019753,0.02859325785539113,7.0,0.8666666666666667
11079,477701,0.534241525019754,0.03263570522540249,7.0,0.8666666666666667
11080,477803,0.5341420750197582,0.1604514736973215,7.0,0.8666666666666667
11081,477826,0.5341196500197591,0.03408191341441125,7.0,0.8666666666666667
11082,477847,0.53409917501976,0.03509722015587613,7.0,0.8666666666666667
11083,477917,0.5340309250197629,0.11800660338485613,7.0,0.9
11084,477989,0.5339607250197659,0.1299793453363236,7.0,0.9333333333333333
11085,478012,0.5339383000197668,0.02934123045997694,7.0,0.9333333333333333
11086,478035,0.5339158750197678,0.039593750960193574,7.0,0.9
11087,478056,0.5338954000197687,0.02805432304739952,7.0,0.8333333333333334
11088,478159,0.5337949750197729,0.1924705163401086,7.0,0.8
11089,478182,0.5337725500197739,0.05554687447147444,7.0,0.7333333333333333
11090,478205,0.5337501250197748,0.04462278774008155,7.0,0.7333333333333333
11091,478275,0.5336818750197777,0.10950597410555929,7.0,0.7333333333333333
11092,478298,0.5336594500197787,0.03628882236080244,7.0,0.7
11093,478347,0.5336116750197807,0.08000289450865239,7.0,0.7
11094,478400,0.5335600000197829,0.08760271151550114,7.0,0.7
11095,478516,0.5334469000197877,0.14560524813714437,7.0,0.7666666666666667
11096,478585,0.5333796250197905,0.08252678927965462,7.0,0.8
11097,478636,0.5333299000197926,0.053506325028138235,7.0,0.8333333333333334
11098,478659,0.5333074750197936,0.02474515058565885,7.0,0.8333333333333334
11099,478680,0.5332870000197945,0.024460557237034664,7.0,0.8333333333333334
11100,478863,0.533108575019802,0.32522358841379173,7.0,0.9666666666666667
11101,478992,0.5329828000198074,0.227828589908313,7.0,0.9666666666666667
11102,479063,0.5329135750198103,0.15237585769500583,7.0,0.9666666666666667
11103,479086,0.5328911500198112,0.030586432432755828,7.0,0.9666666666666667
11104,479109,0.5328687250198122,0.03298653996898793,7.0,0.9666666666666667
11105,479130,0.5328482500198131,0.03405872531584464,7.0,0.9333333333333333
11106,479153,0.532825825019814,0.040684811770915985,7.0,0.8666666666666667
11107,479307,0.5326756750198204,0.27265188095043413,7.0,0.8666666666666667
11108,479330,0.5326532500198213,0.029382786073256284,7.0,0.8666666666666667
11109,479401,0.5325840250198243,0.12181077722925693,7.0,0.9
11110,479504,0.5324836000198285,0.17059923798660748,7.0,0.9
11111,479602,0.5323880500198326,0.18541579163866118,7.0,0.9666666666666667
11112,479676,0.5323159000198356,0.1054328307218384,7.0,1.0
11113,479727,0.5322661750198378,0.070892674557399,7.0,1.0
11114,479799,0.5321959750198407,0.09220592948258854,7.0,1.0
11115,479822,0.5321735500198417,0.0352414364751894,7.0,1.0
11116,480010,0.5319902500198495,0.3712672657275107,7.0,1.1333333333333333
11117,480061,0.5319405250198516,0.3440633069258183,7.0,1.1666666666666667
11118,480084,0.5319181000198525,0.15591365052387118,7.0,1.1
11119,480107,0.5318956750198535,0.18103337124921381,7.0,1.1
11120,480210,0.5317952500198577,0.5726361555280164,7.0,1.1666666666666667
11121,480233,0.5317728250198587,0.10298201953992248,7.0,1.1333333333333333
11122,480350,0.5316587500198635,0.4696568037616089,7.0,1.2
11123,480373,0.5316363250198645,0.11418111727107316,7.0,1.1666666666666667
11124,480396,0.5316139000198654,0.08126097312197089,7.0,1.1333333333333333
11125,480492,0.5315203000198694,0.3058679958921857,7.0,1.1333333333333333
11126,480515,0.5314978750198703,0.11184189072810113,7.0,1.1
11127,480538,0.5314754500198713,0.09506364713888615,7.0,1.0666666666666667
11128,480619,0.5313964750198746,0.2535925912670791,7.0,1.1333333333333333
11129,480642,0.5313740500198756,0.09931999060790986,7.0,1.1333333333333333
11130,480665,0.5313516250198765,0.08615627081599087,7.0,0.9666666666666667
11131,480716,0.5313019000198786,0.15008625958580524,7.0,0.9
11132,480739,0.5312794750198796,0.05483992490917444,7.0,0.8666666666666667
11133,480762,0.5312570500198806,0.04343797534238547,7.0,0.8666666666666667
11134,480785,0.5312346250198815,0.049910894595086575,7.0,0.8666666666666667
11135,480856,0.5311654000198844,0.18820974096888676,7.0,0.9
11136,480907,0.5311156750198865,0.14262142195366323,7.0,0.9333333333333333
11137,480978,0.5310464500198895,0.15965175296878442,7.0,0.8333333333333334
11138,481079,0.5309479750198937,0.23283261415781453,7.0,0.9
11139,481277,0.5307549250199018,0.43390584422741085,7.0,1.0333333333333334
11140,481300,0.5307325000199028,0.06004398164805025,7.0,0.9666666666666667
11141,481323,0.5307100750199037,0.0339997042901814,7.0,0.9
11142,481346,0.5306876500199047,0.05967248376691714,7.0,0.8666666666666667
11143,481369,0.5306652250199057,0.05199156666640192,7.0,0.8333333333333334
11144,481518,0.5305199500199118,0.311670949915424,7.0,0.9
11145,481602,0.5304380500199153,0.14209996938006952,7.0,0.9666666666666667
11146,481653,0.5303883250199174,0.07970518426736817,7.0,0.8666666666666667
11147,481843,0.5302030750199253,0.2996319371450227,7.0,0.9666666666666667
11148,481866,0.5301806500199262,0.03760510386200622,7.0,0.9666666666666667
11149,481889,0.5301582250199272,0.041075026732869446,7.0,0.9666666666666667
11150,481958,0.53009095001993,0.11506278364686295,7.0,0.9333333333333333
11151,481981,0.530068525019931,0.04022921895375475,7.0,0.9333333333333333
11152,482032,0.5300188000199331,0.07038089813431725,7.0,0.9
11153,482053,0.5299983250199339,0.02833613258553669,7.0,0.9
11154,482104,0.529948600019936,0.06905906583415344,7.0,0.9333333333333333
11155,482127,0.529926175019937,0.04135031480109319,7.0,0.8666666666666667
11156,482246,0.5298101500199419,0.1805069484107662,7.0,0.9333333333333333
11157,482347,0.5297116750199461,0.1695272563083563,7.0,1.0
11158,482370,0.529689250019947,0.037671206053346395,7.0,0.9333333333333333
11159,482393,0.529666825019948,0.03971615558839403,7.0,0.9333333333333333
11160,482522,0.5295410500199533,0.17428439646027982,7.0,1.0
11161,482573,0.5294913250199554,0.10186696061282419,7.0,1.0
11162,482623,0.5294425750199575,0.09555285150418058,7.0,1.0333333333333334
11163,482746,0.5293226500199626,0.16679419355932623,7.0,1.1
11164,482929,0.5291442250199702,0.3152833277999889,7.0,1.2333333333333334
11165,483087,0.5289901750199767,0.2104939067212399,7.0,1.3333333333333333
11166,483138,0.5289404500199788,0.10235341964289546,7.0,1.3333333333333333
11167,483161,0.5289180250199798,0.02843772465712391,7.0,1.3
11168,483184,0.5288956000199807,0.036499472393188626,7.0,1.2333333333333334
11169,483304,0.5287786000199857,0.17706323761376552,7.0,1.1333333333333333
11170,483423,0.5286625750199906,0.1564696077548433,7.0,1.2
11171,483538,0.5285504500199953,0.14889846116420813,7.0,1.3
11172,483589,0.5285007250199975,0.07548212158144452,7.0,1.3333333333333333
11173,483659,0.5284324750200003,0.08060095753171481,7.0,1.3666666666666667
11174,483682,0.5284100500200013,0.03937599898199551,7.0,1.2666666666666666
11175,483705,0.5283876250200022,0.02614466950763017,7.0,1.2
11176,483756,0.5283379000200044,0.06717591124470346,7.0,1.2
11177,483932,0.5281663000200116,0.2780465923133306,7.0,1.2
11178,484051,0.5280502750200166,0.19889952382072806,7.0,1.2666666666666666
11179,484074,0.5280278500200175,0.042074676050106063,7.0,1.2666666666666666
11180,484095,0.5280073750200184,0.03609833211521618,7.0,1.2333333333333334
11181,484211,0.5278942750200232,0.17181178435566835,7.0,1.3
11182,484388,0.5277217000200305,0.2697445929516107,7.0,1.3666666666666667
11183,484439,0.5276719750200326,0.09339771518716589,7.0,1.4
11184,484460,0.5276515000200335,0.041486571077257395,7.0,1.3666666666666667
11185,484513,0.5275998250200357,0.10224955063313246,7.0,1.4
11186,484583,0.5275315750200386,0.11413209169404581,7.0,1.3666666666666667
11187,484604,0.5275111000200394,0.03763235337100923,7.0,1.3
11188,484627,0.5274886750200404,0.03495233954163268,7.0,1.3
11189,484650,0.5274662500200413,0.07906359457410872,7.0,1.3
11190,484787,0.527332675020047,0.21087172647821717,7.0,1.3333333333333333
11191,484838,0.5272829500200491,0.08311486977618188,7.0,1.3333333333333333
11192,484861,0.52726052502005,0.026271886250469834,7.0,1.3
11193,484884,0.527238100020051,0.03247686329996213,7.0,1.2333333333333334
11194,485057,0.5270694250200582,0.5850832782452926,7.0,1.2
11195,485080,0.5270470000200591,0.12805207166820765,7.0,1.0666666666666667
11196,485103,0.5270245750200601,0.129128493135795,7.0,1.0333333333333334
11197,485175,0.526954375020063,0.41657094133552164,7.0,1.0666666666666667
11198,485346,0.5267876500200701,0.8334032862912863,7.0,1.2
11199,485367,0.526767175020071,0.07690726523287594,7.0,1.1333333333333333
11200,485390,0.5267447500200719,0.0872034061467275,7.0,1.0666666666666667
11201,485540,0.5265985000200781,0.5820078284014016,7.0,1.0666666666666667
11202,485563,0.5265760750200791,0.075479322578758,7.0,1.0333333333333334
11203,485616,0.5265244000200813,0.15272572106914595,7.0,1.0333333333333334
11204,485639,0.5265019750200822,0.09569079044740647,7.0,1.0333333333333334
11205,485662,0.5264795500200832,0.08065911615267396,7.0,1.0333333333333334
11206,485685,0.5264571250200841,0.06255089899059385,7.0,1.0
11207,485708,0.5264347000200851,0.058975297841243446,7.0,0.8666666666666667
11208,485809,0.5263362250200893,0.24694015347631648,7.0,0.8666666666666667
11209,485925,0.526223125020094,0.29914654715685174,7.0,0.9333333333333333
11210,486100,0.5260525000201013,0.3972829483100213,7.0,1.0333333333333334
11211,486123,0.5260300750201022,0.0856847451068461,7.0,0.9666666666666667
11212,486146,0.5260076500201032,0.06095761287724599,7.0,0.8666666666666667
11213,486316,0.5258419000201102,0.4275216208479833,7.0,0.9333333333333333
11214,486393,0.5257668250201134,0.16708862996893004,7.0,0.9666666666666667
11215,486489,0.5256732250201174,0.18976376799400896,7.0,1.0
11216,486589,0.5255757250201215,0.27636254171375185,7.0,1.0333333333333334
11217,486708,0.5254597000201264,0.23175694473320618,7.0,1.1
11218,486729,0.5254392250201273,0.050871816056314856,7.0,1.1
11219,486752,0.5254168000201282,0.05531596945365891,7.0,1.1
11220,486775,0.5253943750201292,0.04520238842815161,7.0,1.0
11221,486925,0.5252481250201354,0.27169699035584927,7.0,1.0666666666666667
11222,486948,0.5252257000201364,0.03673664963571355,7.0,1.0666666666666667
11223,486971,0.5252032750201373,0.032296049350406975,7.0,1.0666666666666667
11224,486994,0.5251808500201383,0.04351330059580505,7.0,0.9666666666666667
11225,487017,0.5251584250201392,0.03206287766806781,7.0,0.9666666666666667
11226,487070,0.5251067500201414,0.08488404742092825,7.0,1.0
11227,487091,0.5250862750201423,0.03551801177673042,7.0,0.9666666666666667
11228,487114,0.5250638500201432,0.0762734385789372,7.0,0.8333333333333334
11229,487247,0.5249341750201487,0.2569627988268621,7.0,0.9333333333333333
11230,487437,0.5247489250201566,0.3582455901487265,7.0,1.0666666666666667
11231,487509,0.5246787250201596,0.14638396864756942,7.0,1.0
11232,487628,0.5245627000201645,0.20470744743943214,7.0,1.0666666666666667
11233,487651,0.5245402750201654,0.03514992061536759,7.0,1.0333333333333334
11234,487674,0.5245178500201664,0.0326267572818324,7.0,1.0333333333333334
11235,487697,0.5244954250201673,0.041684526979224756,7.0,1.0333333333333334
11236,487720,0.5244730000201683,0.03172598918899894,7.0,1.0333333333333334
11237,487743,0.5244505750201692,0.026442762464284897,7.0,1.0333333333333334
11238,487766,0.5244281500201702,0.0467335403081961,7.0,0.9666666666666667
11239,487789,0.5244057250201711,0.026929769606795162,7.0,0.9
11240,487812,0.5243833000201721,0.03990372648695484,7.0,0.8
11241,487835,0.524360875020173,0.03257018275326118,7.0,0.8
11242,487954,0.524244850020178,0.16082342775189318,7.0,0.8666666666666667
11243,488124,0.524079100020185,0.2705019127752166,7.0,0.9
11244,488242,0.5239640500201899,0.20044907872215845,7.0,0.9333333333333333
11245,488349,0.5238597250201943,0.18953305965987965,7.0,0.9333333333333333
11246,488431,0.5237797750201977,0.12287961857509799,7.0,0.9333333333333333
11247,488452,0.5237593000201985,0.027496537601109594,7.0,0.8666666666666667
11248,488671,0.5235457750202076,0.31820949332905,7.0,1.0666666666666667
11249,488790,0.5234297500202125,0.192905487929238,7.0,1.1333333333333333
11250,488967,0.5232571750202198,0.24097552319290116,7.0,1.2666666666666666
11251,489117,0.523110925020226,0.22309888142626733,7.0,1.2666666666666666
11252,489140,0.523088500020227,0.03434142150217667,7.0,1.2666666666666666
11253,489216,0.5230144000202301,0.11685328284511343,7.0,1.3
11254,489239,0.5229919750202311,0.029172504815505818,7.0,1.3
11255,489262,0.522969550020232,0.051119911251589656,7.0,1.3
11256,489333,0.522900325020235,0.10083419739385135,7.0,1.3
11257,489404,0.5228311000202379,0.12764288400649093,7.0,1.3333333333333333
11258,489597,0.5226429250202459,0.28599882128764875,7.0,1.4666666666666666
11259,489648,0.522593200020248,0.0629447917744983,7.0,1.4
11260,489753,0.5224908250202523,0.1899386603909079,7.0,1.3333333333333333
11261,489776,0.5224684000202533,0.02590311979292892,7.0,1.3
11262,489858,0.5223884500202567,0.11135413878946565,7.0,1.3
11263,489881,0.5223660250202576,0.037601129413815215,7.0,1.3
11264,489982,0.5222675500202618,0.14666360791306943,7.0,1.3666666666666667
11265,490132,0.522121300020268,0.8999876803136431,7.0,1.4666666666666666
11266,490214,0.5220413500202714,0.4977969191968441,7.0,1.5333333333333334
11267,490332,0.5219263000202763,0.549356238800101,7.0,1.6
11268,490355,0.5219038750202772,0.09848728543147445,7.0,1.6
11269,490528,0.5217352000202844,0.6925017690518871,7.0,1.7
11270,490549,0.5217147250202853,0.0752309454837814,7.0,1.7
11271,490572,0.5216923000202862,0.08595609711483121,7.0,1.7
11272,490595,0.5216698750202872,0.11171695310622454,7.0,1.6333333333333333
11273,490644,0.5216221000202892,0.15955399326048791,7.0,1.5333333333333334
11274,490745,0.5215236250202934,0.33141850493848324,7.0,1.5333333333333334
11275,490863,0.5214085750202982,0.3260420263395645,7.0,1.5333333333333334
11276,490886,0.5213861500202992,0.05322019103914499,7.0,1.4666666666666666
11277,490909,0.5213637250203002,0.07310012017842382,7.0,1.4666666666666666
11278,490991,0.5212837750203035,0.21799592563183978,7.0,1.3333333333333333
11279,491062,0.5212145500203065,0.21844555693678558,7.0,1.3
11280,491165,0.5211141250203107,0.27114179398631677,7.0,1.2333333333333334
11281,491247,0.5210341750203141,0.19537216087337583,7.0,1.2
11282,491319,0.5209639750203171,0.18045891559449956,7.0,1.2333333333333334
11283,491391,0.5208937750203201,0.17939679429400712,7.0,1.2333333333333334
11284,491464,0.5208226000203231,0.15303083520848304,7.0,1.2666666666666666
11285,491587,0.5207026750203282,0.2590393232530914,7.0,1.3333333333333333
11286,491687,0.5206051750203323,0.21196915474138223,7.0,1.3666666666666667
11287,491769,0.5205252250203357,0.1621386517654173,7.0,1.4
11288,491821,0.5204745250203379,0.08967938652494922,7.0,1.3
11289,491842,0.5204540500203387,0.04024647397454828,7.0,1.2666666666666666
11290,491992,0.5203078000203449,0.25129020895110443,7.0,1.3333333333333333
11291,492015,0.5202853750203459,0.0414939429028891,7.0,1.3333333333333333
11292,492036,0.5202649000203468,0.03281275840708986,7.0,1.2666666666666666
11293,492059,0.5202424750203477,0.03620069025782868,7.0,1.2666666666666666
11294,492110,0.5201927500203498,0.08969761844491586,7.0,1.2333333333333334
11295,492207,0.5200981750203538,0.19539138179970905,7.0,1.2
11296,492291,0.5200162750203573,0.16730092227226123,7.0,1.2
11297,492314,0.5199938500203583,0.03581097873393446,7.0,1.1333333333333333
11298,492463,0.5198485750203644,0.2523558091779705,7.0,1.2333333333333334
11299,492559,0.5197549750203684,0.1494073110516183,7.0,1.2
11300,492612,0.5197033000203706,0.12336843344382942,7.0,1.2333333333333334
11301,492762,0.5195570500203768,0.30891391419572756,7.0,1.3333333333333333
11302,492785,0.5195346250203777,0.04320354014635086,7.0,1.3333333333333333
11303,492808,0.5195122000203787,0.04637185821775347,7.0,1.3
11304,492831,0.5194897750203796,0.04424007225316018,7.0,1.2333333333333334
11305,492854,0.5194673500203806,0.04270465794252232,7.0,1.1666666666666667
11306,492905,0.5194176250203827,0.10304981895023957,7.0,1.2
11307,492928,0.5193952000203836,0.03420001908671111,7.0,1.2
11308,492949,0.5193747250203845,0.03285842965124175,7.0,1.1333333333333333
11309,493118,0.5192099500203915,0.24559273687191308,7.0,1.2
11310,493190,0.5191397500203945,0.15093068120768294,7.0,1.1666666666666667
11311,493213,0.5191173250203954,0.0403887809952721,7.0,1.1
11312,493236,0.5190949000203964,0.05752869544085115,7.0,1.0666666666666667
11313,493385,0.5189496250204025,0.24916363693773746,7.0,1.1333333333333333
11314,493406,0.5189291500204034,0.028123120369855314,7.0,1.1
11315,493477,0.5188599250204063,0.09019011128111742,7.0,1.0666666666666667
11316,493500,0.5188375000204073,0.048877208202611655,7.0,1.0
11317,493521,0.5188170250204082,0.03941306215710938,7.0,0.9333333333333333
11318,493636,0.5187049000204129,0.16555954795330763,7.0,1.0
11319,493707,0.5186356750204159,0.08521116332849488,7.0,1.0333333333333334
11320,493728,0.5186152000204167,0.04991254769265652,7.0,0.9
11321,493829,0.5185167250204209,0.17668302680249326,7.0,0.9666666666666667
11322,493934,0.5184143500204252,0.153914150694618,7.0,1.0333333333333334
11323,493957,0.5183919250204262,0.041168541996739805,7.0,1.0333333333333334
11324,494055,0.5182963750204302,0.19135926937451586,7.0,1.0666666666666667
11325,494208,0.5181472000204366,0.19134942296659574,7.0,1.1
11326,494259,0.5180974750204387,0.07123560167383403,7.0,1.0666666666666667
11327,494411,0.517949275020445,0.2513662399724126,7.0,1.1666666666666667
11328,494558,0.517805950020451,0.2025329043972306,7.0,1.1666666666666667
11329,494733,0.5176353250204583,0.24690834386274219,7.0,1.2333333333333334
11330,494756,0.5176129000204592,0.04081723635317758,7.0,1.2
11331,494779,0.5175904750204602,0.024693397368537262,7.0,1.1
11332,494898,0.5174744500204651,0.16458834643708542,7.0,1.1666666666666667
11333,494921,0.517452025020466,0.03472331288503483,7.0,1.1666666666666667
11334,494995,0.5173798750204691,0.14387635025195777,7.0,1.2
11335,495046,0.5173301500204712,0.3709230399108492,7.0,1.2333333333333334
11336,495193,0.5171868250204773,0.9752477975562215,7.0,1.3
11337,495263,0.5171185750204802,0.3533724320586771,7.0,1.3333333333333333
11338,495395,0.5169898750204857,0.5932469599647447,7.0,1.4333333333333333
11339,495467,0.5169196750204886,0.3053570697084069,7.0,1.3666666666666667
11340,495518,0.5168699500204907,0.16874015878420323,7.0,1.3666666666666667
11341,495541,0.5168475250204917,0.07814223866444081,7.0,1.3666666666666667
11342,495562,0.5168270500204926,0.0685843643732369,7.0,1.3666666666666667
11343,495585,0.5168046250204935,0.07046978583093733,7.0,1.2666666666666666
11344,495606,0.5167841500204944,0.06796350062359124,7.0,1.2666666666666666
11345,495629,0.5167617250204953,0.08135495451278985,7.0,1.2333333333333334
11346,495797,0.5165979250205023,0.5416131496895105,7.0,1.3666666666666667
11347,495850,0.5165462500205045,0.15301483223447576,7.0,1.4
11348,495873,0.5165238250205054,0.0579662051750347,7.0,1.3
11349,495896,0.5165014000205064,0.04635705554392189,7.0,1.2666666666666666
11350,496028,0.5163727000205118,0.3183997246087529,7.0,1.3666666666666667
11351,496051,0.5163502750205128,0.06068366294493899,7.0,1.3
11352,496168,0.5162362000205176,0.24909190455218777,7.0,1.3333333333333333
11353,496191,0.5162137750205186,0.04205641435692087,7.0,1.3333333333333333
11354,496214,0.5161913500205195,0.049268603848759085,7.0,1.2666666666666666
11355,496316,0.5160919000205237,0.19478918216191232,7.0,1.2333333333333334
11356,496339,0.5160694750205247,0.03746591112576425,7.0,1.2
11357,496362,0.5160470500205256,0.038650941802188754,7.0,1.1
11358,496548,0.5158657000205333,0.40480138547718525,7.0,1.1333333333333333
11359,496571,0.5158432750205343,0.039741877699270844,7.0,1.0
11360,496592,0.5158228000205352,0.03675405104877427,7.0,1.0
11361,496615,0.5158003750205361,0.06148620432941243,7.0,1.0
11362,496638,0.5157779500205371,0.044222924509085715,7.0,0.9333333333333333
11363,496709,0.51570872502054,0.13466429189429618,7.0,0.9666666666666667
11364,496832,0.5155888000205451,0.2874211869202554,7.0,1.0
11365,496855,0.515566375020546,0.030482162081170827,7.0,0.9666666666666667
11366,496878,0.515543950020547,0.05890331871341914,7.0,0.8666666666666667
11367,496901,0.5155215250205479,0.03070490708341822,7.0,0.8333333333333334
11368,497002,0.5154230500205521,0.18877688283100724,7.0,0.8
11369,497170,0.5152592500205591,0.2512828332546633,7.0,0.8666666666666667
11370,497193,0.51523682502056,0.03253064042655751,7.0,0.8333333333333334
11371,497216,0.515214400020561,0.029635296727064997,7.0,0.8333333333333334
11372,497239,0.5151919750205619,0.02723689522827044,7.0,0.8333333333333334
11373,497306,0.5151266500205647,0.0919687311979942,7.0,0.8666666666666667
11374,497454,0.5149823500205708,0.2493863498675637,7.0,0.9666666666666667
11375,497477,0.5149599250205718,0.038558147905860096,7.0,0.9666666666666667
11376,497500,0.5149375000205727,0.031010558363050222,7.0,0.8333333333333334
11377,497551,0.5148877750205748,0.09196969313779846,7.0,0.8333333333333334
11378,497603,0.514837075020577,0.08468294018530287,7.0,0.8666666666666667
11379,497656,0.5147854000205792,0.07906850246945396,7.0,0.9
11380,497679,0.5147629750205801,0.029139130521798506,7.0,0.8
11381,497702,0.5147405500205811,0.03261015529278666,7.0,0.8
11382,497751,0.5146927750205831,0.07863931445172057,7.0,0.7333333333333333
11383,497774,0.514670350020584,0.03023134430986829,7.0,0.7333333333333333
11384,497874,0.5145728500205882,0.153392638603691,7.0,0.8
11385,498024,0.5144266000205944,0.21542412310373038,7.0,0.8666666666666667
11386,498047,0.5144041750205953,0.04213438637088984,7.0,0.8666666666666667
11387,498116,0.5143369000205982,0.10038530759629793,7.0,0.9
11388,498190,0.5142647500206012,0.1045966079691425,7.0,0.8
11389,498213,0.5142423250206022,0.022842009377200156,7.0,0.8
11390,498236,0.5142199000206031,0.042904417001409456,7.0,0.8
11391,498259,0.5141974750206041,0.03983567314571701,7.0,0.8
11392,498362,0.5140970500206083,0.12749702428118326,7.0,0.8666666666666667
11393,498385,0.5140746250206093,0.028279172227485105,7.0,0.8333333333333334
11394,498502,0.5139605500206141,0.1594120753579773,7.0,0.8333333333333334
11395,498525,0.5139381250206151,0.023453412402886897,7.0,0.8333333333333334
11396,498548,0.513915700020616,0.04934317368315533,7.0,0.8333333333333334
11397,498571,0.513893275020617,0.02953821251867339,7.0,0.8333333333333334
11398,498594,0.5138708500206179,0.029885741940233856,7.0,0.7666666666666667
11399,498678,0.5137889500206214,0.09916640046867542,7.0,0.7333333333333333
11400,498809,0.5136612250206268,0.20160248904721811,7.0,0.8333333333333334
11401,498832,0.5136388000206278,0.02854440495138988,7.0,0.8333333333333334
11402,498855,0.5136163750206287,0.029165308456867933,7.0,0.8333333333333334
11403,498906,0.5135666500206308,0.049604738887865096,7.0,0.8333333333333334
11404,498975,0.5134993750206337,0.09262102155480534,7.0,0.7666666666666667
11405,498998,0.5134769500206346,0.03039833891671151,7.0,0.7666666666666667
11406,499070,0.5134067500206376,0.0845240035559982,7.0,0.8
11407,499091,0.5133862750206385,0.03057317901402712,7.0,0.7666666666666667
11408,499114,0.5133638500206394,0.0290492060885299,7.0,0.7333333333333333
11409,499137,0.5133414250206404,0.03336936346022412,7.0,0.7
11410,499160,0.5133190000206413,0.03044421345111914,7.0,0.7
11411,499308,0.5131747000206475,0.17457570368424058,7.0,0.8
11412,499331,0.5131522750206484,0.029824766737874597,7.0,0.7666666666666667
11413,499354,0.5131298500206494,0.02598072521504946,7.0,0.7666666666666667
11414,499377,0.5131074250206503,0.024094705324387178,7.0,0.7
11415,499400,0.5130850000206513,0.024655443005030975,7.0,0.5666666666666667
11416,499547,0.5129416750206574,0.1659418096242007,7.0,0.6666666666666666
11417,499570,0.5129192500206583,0.03165537101449445,7.0,0.6333333333333333
11418,499591,0.5128987750206592,0.029258500144351274,7.0,0.6
11419,499612,0.51287830002066,0.0295694635133259,7.0,0.6
11420,499686,0.5128061500206631,0.08071389689575881,7.0,0.6333333333333333
11421,499737,0.5127564250206652,0.07139052826096304,7.0,0.6666666666666666
11422,499758,0.5127359500206661,0.03735306885209866,7.0,0.6
11423,499781,0.512713525020667,0.031436707387911156,7.0,0.6
11424,500039,0.5124619750206777,0.6112712091417052,7.0,0.7666666666666667
11425,500111,0.5123917750206807,0.4594979942776263,7.0,0.8
11426,500162,0.5123420500206828,0.28753007075283676,7.0,0.8333333333333334
11427,500185,0.5123196250206837,0.12361259199678898,7.0,0.8333333333333334
11428,500287,0.512220175020688,0.43389589013531804,7.0,0.9
11429,500358,0.5121509500206909,0.2754206821555272,7.0,0.8666666666666667
11430,500379,0.5121304750206918,0.07287911488674581,7.0,0.7666666666666667
11431,500461,0.5120505250206951,0.3099490662571043,7.0,0.8333333333333334
11432,500484,0.5120281000206961,0.08989155839662999,7.0,0.8333333333333334
11433,500505,0.512007625020697,0.050453887321054935,7.0,0.8
11434,500606,0.5119091500207011,0.26558783458312973,7.0,0.8333333333333334
11435,500829,0.5116917250207104,0.6521842145593837,7.0,1.0333333333333334
11436,500852,0.5116693000207113,0.053011143289040774,7.0,1.0
11437,500875,0.5116468750207123,0.07868961046915501,7.0,1.0
11438,501023,0.5115025750207184,0.38439055456547067,7.0,1.1
11439,501046,0.5114801500207193,0.04368412506300956,7.0,1.1
11440,501180,0.5113495000207249,0.31144632131326944,7.0,1.2
11441,501249,0.5112822250207277,0.14569909317651764,7.0,1.1333333333333333
11442,501352,0.511181800020732,0.21010896519874223,7.0,1.2
11443,501425,0.511110625020735,0.13367442198796198,7.0,1.2333333333333334
11444,501448,0.511088200020736,0.04993360338266939,7.0,1.2333333333333334
11445,501521,0.511017025020739,0.1149934291606769,7.0,1.2666666666666666
11446,501605,0.5109351250207425,0.1325391040300019,7.0,1.2333333333333334
11447,501628,0.5109127000207434,0.036943394457921386,7.0,1.2333333333333334
11448,501649,0.5108922250207443,0.047253264812752604,7.0,1.2333333333333334
11449,501803,0.5107420750207506,0.30688174383249134,7.0,1.3333333333333333
11450,501874,0.5106728500207536,0.15275907790055498,7.0,1.3333333333333333
11451,501897,0.5106504250207545,0.03818552481243387,7.0,1.3
11452,502047,0.5105041750207607,0.2852123666089028,7.0,1.4
11453,502096,0.5104564000207628,0.10542114725103602,7.0,1.4333333333333333
11454,502198,0.510356950020767,0.18251877784496173,7.0,1.2666666666666666
11455,502221,0.5103345250207679,0.04076134628849104,7.0,1.2333333333333334
11456,502272,0.51028480002077,0.10021822509588674,7.0,1.2333333333333334
11457,502443,0.5101180750207771,0.25469876325223595,7.0,1.3666666666666667
11458,502496,0.5100664000207793,0.12421461381018162,7.0,1.3333333333333333
11459,502548,0.5100157000207814,0.07318167749326676,7.0,1.3333333333333333
11460,502616,0.5099494000207843,0.10053101147059351,7.0,1.3666666666666667
11461,502700,0.5098675000207877,0.15797199355438352,7.0,1.3666666666666667
11462,502869,0.5097027250207947,0.2903337557800114,7.0,1.5
11463,502920,0.5096530000207968,0.07466425054008141,7.0,1.5333333333333334
11464,503026,0.5095496500208012,0.20213306421646848,7.0,1.5333333333333334
11465,503147,0.5094316750208062,0.20106192177627236,7.0,1.4
11466,503170,0.5094092500208072,0.03660504153231159,7.0,1.4
11467,503193,0.5093868250208081,0.03722033218946308,7.0,1.4
11468,503361,0.5092230250208151,0.35220849692996126,7.0,1.4333333333333333
11469,503384,0.509200600020816,0.03367420408176258,7.0,1.4333333333333333
11470,503465,0.5091216250208194,0.14373582843109034,7.0,1.4
11471,503563,0.5090260750208234,0.19066491432022303,7.0,1.4333333333333333
11472,503634,0.5089568500208264,0.13109157857252285,7.0,1.4
11473,503655,0.5089363750208272,0.04603686119662598,7.0,1.3666666666666667
11474,503706,0.5088866500208293,0.07631855527870357,7.0,1.4
11475,503729,0.5088642250208303,0.031561810174025595,7.0,1.3666666666666667
11476,503752,0.5088418000208312,0.04786318331025541,7.0,1.3
11477,503775,0.5088193750208322,0.025907756004016846,7.0,1.3
11478,503979,0.5086204750208406,0.29666443483438343,7.0,1.5
11479,504051,0.5085502750208436,0.1513276447658427,7.0,1.4333333333333333
11480,504074,0.5085278500208446,0.02908248349558562,7.0,1.4
11481,504125,0.5084781250208467,0.07844062894582748,7.0,1.4333333333333333
11482,504148,0.5084557000208476,0.03940199810313061,7.0,1.3333333333333333
11483,504171,0.5084332750208486,0.03784206844284199,7.0,1.3
11484,504194,0.5084108500208495,0.029549203405622393,7.0,1.2333333333333334
11485,504344,0.5082646000208557,0.2168781431100797,7.0,1.3333333333333333
11486,504515,0.5080978750208628,0.23959010018734261,7.0,1.4333333333333333
11487,504587,0.5080276750208658,0.10848576170974411,7.0,1.3333333333333333
11488,504691,0.5079262750208701,0.15878936627996154,7.0,1.3666666666666667
11489,504775,0.5078443750208735,0.1040121017722413,7.0,1.4
11490,504850,0.5077712500208766,0.09942354666418396,7.0,1.4
11491,504919,0.5077039750208795,0.08810231619281694,7.0,1.3666666666666667
11492,504942,0.5076815500208804,0.04135926999151707,7.0,1.2333333333333334
11493,505076,0.507550900020886,0.6388304147985764,7.0,1.3
11494,505099,0.5075284750208869,0.1492952441330999,7.0,1.2333333333333334
11495,505220,0.5074105000208919,0.7405580218182877,7.0,1.2333333333333334
11496,505291,0.5073412750208949,0.3061876224819571,7.0,1.2666666666666666
11497,505428,0.5072077000209005,0.4684418626711704,7.0,1.4
11498,505502,0.5071355500209036,0.24095758784096688,7.0,1.3
11499,505525,0.5071131250209046,0.07086998724844307,7.0,1.3
11500,505546,0.5070926500209054,0.11567894578911364,7.0,1.2333333333333334
11501,505662,0.5069795500209102,0.3697041256236844,7.0,1.2333333333333334
11502,505734,0.5069093500209132,0.19793553580529988,7.0,1.2333333333333334
11503,505807,0.5068381750209162,0.2223045590799302,7.0,1.2666666666666666
11504,506004,0.5066461000209244,0.5627678643504623,7.0,1.3666666666666667
11505,506027,0.5066236750209253,0.08319141226820648,7.0,1.3666666666666667
11506,506078,0.5065739500209274,0.1701405505882576,7.0,1.4
11507,506101,0.5065515250209284,0.06787843524944037,7.0,1.4
11508,506154,0.5064998500209306,0.10991959337843582,7.0,1.2333333333333334
11509,506177,0.5064774250209315,0.05260582861956209,7.0,1.2
11510,506198,0.5064569500209324,0.07397724885959178,7.0,1.2
11511,506249,0.5064072250209345,0.10314796643797308,7.0,1.2
11512,506367,0.5062921750209394,0.22785610047867522,7.0,1.2666666666666666
11513,506390,0.5062697500209403,0.04124986217357218,7.0,1.2666666666666666
11514,506413,0.5062473250209413,0.05135994771262631,7.0,1.2666666666666666
11515,506436,0.5062249000209422,0.04954038740834221,7.0,1.1666666666666667
11516,506584,0.5060806000209483,0.25022187922149897,7.0,1.1333333333333333
11517,506607,0.5060581750209493,0.056488881120458245,7.0,1.1
11518,506679,0.5059879750209523,0.11097735376097262,7.0,1.0666666666666667
11519,506835,0.5058358750209587,0.3025238123664167,7.0,1.1333333333333333
11520,506907,0.5057656750209617,0.1413168025901541,7.0,1.1333333333333333
11521,507079,0.5055979750209688,0.3634739014378283,7.0,1.2333333333333334
11522,507102,0.5055755500209698,0.04634976154193282,7.0,1.2333333333333334
11523,507125,0.5055531250209707,0.03216483071446419,7.0,1.1333333333333333
11524,507247,0.5054341750209758,0.2136014353891369,7.0,1.2
11525,507369,0.5053152250209808,0.20738873002119362,7.0,1.2
11526,507516,0.5051719000209869,0.2548125477042049,7.0,1.2666666666666666
11527,507588,0.5051017000209899,0.10938965197419748,7.0,1.1666666666666667
11528,507711,0.504981775020995,0.1939001330465544,7.0,1.2
11529,507835,0.5048608750210001,0.1954252015275415,7.0,1.2666666666666666
11530,507858,0.504838450021001,0.03711404849309474,7.0,1.2666666666666666
11531,507942,0.5047565500210045,0.10841854312457144,7.0,1.2666666666666666
11532,507995,0.5047048750210067,0.10731252958066761,7.0,1.2666666666666666
11533,508126,0.5045771500210121,0.15244373245513998,7.0,1.3333333333333333
11534,508149,0.5045547250210131,0.031449728179723024,7.0,1.2
11535,508172,0.504532300021014,0.06913070066366345,7.0,1.2
11536,508353,0.5043558250210215,0.27808337946771644,7.0,1.3333333333333333
11537,508406,0.5043041500210237,0.0893953786289785,7.0,1.3666666666666667
11538,508429,0.5042817250210246,0.025097322592046112,7.0,1.3333333333333333
11539,508498,0.5042144500210275,0.10567726640147157,7.0,1.3666666666666667
11540,508521,0.5041920250210284,0.02513067109975964,7.0,1.3666666666666667
11541,508544,0.5041696000210294,0.05416344467084855,7.0,1.3333333333333333
11542,508565,0.5041491250210303,0.045916805625893176,7.0,1.2666666666666666
11543,508615,0.5041003750210323,0.08848400210263208,7.0,1.3
11544,508638,0.5040779500210333,0.033834413829026744,7.0,1.3
11545,508661,0.5040555250210342,0.035485654399963096,7.0,1.3
11546,508684,0.5040331000210352,0.04483008509851061,7.0,1.2
11547,508751,0.503967775021038,0.0793137801811099,7.0,1.2333333333333334
11548,508774,0.5039453500210389,0.035900753893656656,7.0,1.2
11549,508846,0.5038751500210419,0.10753044663579203,7.0,1.1
11550,508896,0.503826400021044,0.08635675976984203,7.0,1.1
11551,508996,0.5037289000210481,0.1282543754496146,7.0,1.0333333333333334
11552,509019,0.503706475021049,0.021532936865696684,7.0,1.0333333333333334
11553,509042,0.50368405002105,0.0357219327124767,7.0,1.0333333333333334
11554,509065,0.5036616250210509,0.0324976880219765,7.0,0.9666666666666667
11555,509088,0.5036392000210519,0.039402025169692934,7.0,0.9
11556,509139,0.503589475021054,0.07713532084017061,7.0,0.8333333333333334
11557,509209,0.5035212250210569,0.09345507164834999,7.0,0.8333333333333334
11558,509277,0.5034549250210597,0.09321047615958378,7.0,0.8
11559,509452,0.5032843000210669,0.23048116703284904,7.0,0.8666666666666667
11560,509473,0.5032638250210678,0.02708918007556349,7.0,0.8666666666666667
11561,509524,0.5032141000210699,0.074296086007962,7.0,0.8333333333333334
11562,509622,0.503118550021074,0.11945320529048331,7.0,0.8666666666666667
11563,509771,0.5029732750210801,0.18978673219680786,7.0,0.8666666666666667
11564,509792,0.502952800021081,0.023435843497281894,7.0,0.8666666666666667
11565,509815,0.502930375021082,0.026127720426302403,7.0,0.8666666666666667
11566,509901,0.5028465250210855,0.1033773882954847,7.0,0.7666666666666667
11567,509924,0.5028241000210865,0.025789577630348504,7.0,0.7333333333333333
11568,509977,0.5027724250210887,0.06871484714793041,7.0,0.7666666666666667
11569,510168,0.5025862000210966,1.1375622141058557,7.0,0.8666666666666667
11570,510302,0.5024555500211021,0.6654208457330242,7.0,1.0
11571,510420,0.502340500021107,0.5908967537106946,7.0,1.1
11572,510518,0.502244950021111,0.37515047570923343,7.0,1.1666666666666667
11573,510623,0.5021425750211154,0.3924361949902959,7.0,1.2
11574,510678,0.5020889500211176,0.17180352902505547,7.0,1.2333333333333334
11575,510850,0.5019212500211248,0.5309033860685304,7.0,1.3666666666666667
11576,511026,0.501749650021132,0.4638272366137244,7.0,1.5333333333333334
11577,511049,0.501727225021133,0.05485686066094786,7.0,1.5
11578,511072,0.5017048000211339,0.0565290191443637,7.0,1.5
11579,511172,0.5016073000211381,0.22746784577611834,7.0,1.5333333333333334
11580,511195,0.501584875021139,0.039085958153009415,7.0,1.5
11581,511218,0.50156245002114,0.051760909613221884,7.0,1.4333333333333333
11582,511239,0.5015419750211408,0.04601546365302056,7.0,1.4333333333333333
11583,511262,0.5015195500211418,0.04584131046431139,7.0,1.4333333333333333
11584,511313,0.5014698250211439,0.14586213405709714,7.0,1.4666666666666666
11585,511336,0.5014474000211449,0.05251523922197521,7.0,1.4666666666666666
11586,511418,0.5013674500211482,0.1944952723570168,7.0,1.5
11587,511441,0.5013450250211492,0.037399384658783674,7.0,1.4666666666666666
11588,511464,0.5013226000211501,0.0369547099689953,7.0,1.4333333333333333
11589,511581,0.501208525021155,0.25639594564563595,7.0,1.3666666666666667
11590,511604,0.5011861000211559,0.03219849133165553,7.0,1.3666666666666667
11591,511627,0.5011636750211569,0.040800019225571305,7.0,1.3333333333333333
11592,511695,0.5010973750211597,0.12490820427774452,7.0,1.3
11593,511746,0.5010476500211618,0.09358580532716587,7.0,1.2333333333333334
11594,511796,0.5009989000211639,0.09768204364809208,7.0,1.2666666666666666
11595,511916,0.5008819000211688,0.2593071626033634,7.0,1.3333333333333333
11596,512073,0.5007288250211753,0.2557080843835138,7.0,1.4
11597,512126,0.5006771500211775,0.09181983294547535,7.0,1.4333333333333333
11598,512149,0.5006547250211785,0.03691557567799464,7.0,1.4
11599,512172,0.5006323000211794,0.03320341638755053,7.0,1.2666666666666666
11600,512195,0.5006098750211804,0.0376322201336734,7.0,1.1333333333333333
11601,512315,0.5004928750211853,0.1640433005813975,7.0,1.1
11602,512336,0.5004724000211862,0.027217339840717614,7.0,1.0333333333333334
11603,512357,0.5004519250211871,0.03191402304219082,7.0,0.9666666666666667
11604,512378,0.5004314500211879,0.028165420051664114,7.0,0.9333333333333333
11605,512401,0.5004090250211889,0.03017966530751437,7.0,0.8
11606,512424,0.5003866000211898,0.03483520227018744,7.0,0.6333333333333333
11607,512611,0.5002042750211976,0.3232630060228985,7.0,0.7666666666666667
11608,512634,0.5001818500211985,0.03183733209152706,7.0,0.7666666666666667
11609,512657,0.5001594250211995,0.03336622333154082,7.0,0.7
11610,512680,0.5001370000212004,0.05225299659650773,7.0,0.7
11611,512801,0.5000190250212054,0.19956917653325945,7.0,0.7666666666666667
11612,512852,0.49996930002120576,0.07989420177182183,7.0,0.8
11613,513001,0.49982402502120366,0.2073876496287994,7.0,0.9
11614,513076,0.4997509000212026,0.12822096864692867,7.0,0.9
11615,513097,0.4997304250212023,0.04498912871349603,7.0,0.9
11616,513148,0.4996807000212016,0.09120094822719693,7.0,0.8666666666666667
11617,513320,0.49951300002119914,0.24421206931583583,7.0,1.0
11618,513437,0.4993989250211975,0.16738253278890625,7.0,1.0666666666666667
11619,513609,0.49923122502119505,0.23100960938609205,7.0,1.1333333333333333
11620,513661,0.4991805250211943,0.09972091871895827,7.0,1.1666666666666667
11621,513732,0.4991113000211933,0.143726737878751,7.0,1.2
11622,513755,0.499088875021193,0.05333724612137303,7.0,1.1666666666666667
11623,513806,0.49903915002119226,0.1285430752323009,7.0,1.1666666666666667
11624,513829,0.49901672502119193,0.03539171736338176,7.0,1.1333333333333333
11625,514068,0.49878370002118855,0.3212530711607542,7.0,1.2666666666666666
11626,514091,0.4987612750211882,0.05781696274061687,7.0,1.1333333333333333
11627,514160,0.49869400002118724,0.12288422943674959,7.0,1.1333333333333333
11628,514210,0.49864525002118654,0.06110099403304048,7.0,1.1666666666666667
11629,514341,0.4985175250211847,0.1942443807492964,7.0,1.2666666666666666
11630,514364,0.49849510002118436,0.026088459126185626,7.0,1.2666666666666666
11631,514415,0.49844537502118363,0.0818472909159027,7.0,1.2333333333333334
11632,514485,0.49837712502118264,0.0868974901677575,7.0,1.2666666666666666
11633,514558,0.4983059500211816,0.10235834447667003,7.0,1.3
11634,514630,0.4982357500211806,0.09093631920404732,7.0,1.3333333333333333
11635,514825,0.49804562502117783,0.2973637936229352,7.0,1.5
11636,514848,0.4980232000211775,0.03110613557510078,7.0,1.5
11637,514917,0.4979559250211765,0.09450260308221914,7.0,1.4
11638,514940,0.4979335000211762,0.032212351012276486,7.0,1.4
11639,515022,0.49785355002117504,0.28018253127811477,7.0,1.4666666666666666
11640,515043,0.49783307502117474,0.15254201390780509,7.0,1.4666666666666666
11641,515066,0.4978106500211744,0.14970728266052902,7.0,1.4
11642,515089,0.4977882250211741,0.17559396638534963,7.0,1.3666666666666667
11643,515156,0.49772290002117314,0.4629907160997391,7.0,1.3
11644,515322,0.4975610500211708,0.7683047433383763,7.0,1.4
11645,515374,0.49751035002117006,0.19732399936765432,7.0,1.4333333333333333
11646,515397,0.49748792502116973,0.08166783594060689,7.0,1.4
11647,515564,0.49732510002116737,0.685471381933894,7.0,1.3666666666666667
11648,515713,0.49717982502116526,0.5358120339224115,7.0,1.4
11649,515863,0.49703357502116313,0.46331851225113496,7.0,1.3666666666666667
11650,515947,0.49695167502116194,0.20315199892502278,7.0,1.4
11651,515998,0.4969019500211612,0.10214558278676122,7.0,1.4
11652,516019,0.4968814750211609,0.037346367607824504,7.0,1.4
11653,516072,0.4968298000211602,0.10242313519120216,7.0,1.4
11654,516095,0.49680737502115985,0.05224509991239756,7.0,1.4
11655,516118,0.4967849500211595,0.05056734511163086,7.0,1.2
11656,516189,0.4967157250211585,0.16071828093845397,7.0,1.2333333333333334
11657,516258,0.49664845002115754,0.15278162382310256,7.0,1.2333333333333334
11658,516332,0.4965763000211565,0.14906746707856655,7.0,1.2333333333333334
11659,516404,0.49650610002115547,0.13871084613492712,7.0,1.1666666666666667
11660,516455,0.49645637502115475,0.09440794808324426,7.0,1.2
11661,516624,0.49629160002115236,0.31464713462628424,7.0,1.3
11662,516695,0.49622237502115135,0.12704070325708017,7.0,1.3
11663,516746,0.49617265002115063,0.09989271126687527,7.0,1.3
11664,516769,0.4961502250211503,0.03449768200516701,7.0,1.2666666666666666
11665,516973,0.4959513250211474,0.4219542639912106,7.0,1.3
11666,516996,0.4959289000211471,0.06844140071189031,7.0,1.3
11667,517017,0.4959084250211468,0.03818035451695323,7.0,1.2666666666666666
11668,517086,0.4958411500211458,0.11712401371914893,7.0,1.3
11669,517109,0.4958187250211455,0.04221551085356623,7.0,1.2333333333333334
11670,517132,0.49579630002114516,0.03994461300317198,7.0,1.2333333333333334
11671,517215,0.495715375021144,0.12987608643015847,7.0,1.3
11672,517238,0.49569295002114366,0.03910171176539734,7.0,1.3
11673,517358,0.49557595002114196,0.18581951089436188,7.0,1.3333333333333333
11674,517442,0.4954940500211408,0.14312363203498535,7.0,1.2666666666666666
11675,517561,0.4953780250211391,0.2252331467170734,7.0,1.3
11676,517584,0.49535560002113876,0.0340882214368321,7.0,1.3
11677,517756,0.49518790002113633,0.24853854824323207,7.0,1.3333333333333333
11678,517838,0.49510795002113517,0.14672163643990643,7.0,1.3
11679,517861,0.49508552502113484,0.045559247431810945,7.0,1.2
11680,517966,0.49498315002113336,0.14892572569078766,7.0,1.2
11681,518017,0.49493342502113263,0.06699399667559192,7.0,1.2
11682,518115,0.49483787502113125,0.12207107190624811,7.0,1.2666666666666666
11683,518217,0.4947384250211298,0.1865664426004514,7.0,1.3
11684,518368,0.49459120002112766,0.2178652782458812,7.0,1.4
11685,518572,0.4943923000211248,0.34127599469502456,7.0,1.5666666666666667
11686,518642,0.4943240500211238,0.14541006594663486,7.0,1.5666666666666667
11687,518818,0.4941524500211213,0.26519720029318705,7.0,1.6666666666666667
11688,518868,0.4941037000211206,0.09328005547286011,7.0,1.6666666666666667
11689,518891,0.49408127502112026,0.03465007501654327,7.0,1.6333333333333333
11690,519011,0.49396427502111856,0.17747380858054385,7.0,1.6666666666666667
11691,519207,0.4937731750211158,0.30155553997610696,7.0,1.7
11692,519396,0.4935889000211131,0.33005551688256674,7.0,1.8
11693,519419,0.4935664750211128,0.03248464790522121,7.0,1.7666666666666666
11694,519442,0.49354405002111246,0.04823350129299797,7.0,1.7666666666666666
11695,519596,0.4933939000211103,0.2388750624959357,7.0,1.6666666666666667
11696,519752,0.49324180002110807,0.22486680364818312,7.0,1.8
11697,519775,0.49321937502110774,0.03959850984392688,7.0,1.8
11698,519798,0.4931969500211074,0.03875287072150968,7.0,1.7666666666666666
11699,519819,0.4931764750211071,0.03674537583719939,7.0,1.7666666666666666
11700,519891,0.4931062750211061,0.10417347107431851,7.0,1.8
11701,519942,0.4930565500211054,0.07931737464969046,7.0,1.7666666666666666
11702,520026,0.4929746500211042,0.2481882120773662,7.0,1.8333333333333333
11703,520077,0.49292492502110347,0.38025571987964213,7.0,1.8
11704,520100,0.49290250002110314,0.1450977916829288,7.0,1.7333333333333334
11705,520123,0.4928800750211028,0.15112534654326737,7.0,1.6666666666666667
11706,520267,0.4927396750211008,0.8611827457789332,7.0,1.7666666666666666
11707,520288,0.4927192000211005,0.07763499009888619,7.0,1.6333333333333333
11708,520389,0.49262072502109905,0.42507710750214756,7.0,1.6333333333333333
11709,520520,0.4924930000210972,0.5803872154210694,7.0,1.7333333333333334
11710,520589,0.4924257250210962,0.27387383533641696,7.0,1.7
11711,520612,0.4924033000210959,0.07190449332119897,7.0,1.6666666666666667
11712,520745,0.492273625021094,0.4127177069312893,7.0,1.7
11713,520843,0.4921780750210926,0.277271245024167,7.0,1.7
11714,520896,0.49212640002109187,0.13236281339777634,7.0,1.6333333333333333
11715,520919,0.49210397502109154,0.05128711985889822,7.0,1.4666666666666666
11716,521018,0.49200745002109014,0.2337722269585356,7.0,1.5
11717,521100,0.491927500021089,0.1765496819280088,7.0,1.4333333333333333
11718,521123,0.49190507502108866,0.057978571159765124,7.0,1.4
11719,521486,0.4915511500210835,0.8433874727925286,9.0,1.7
11720,521560,0.49147900002108247,0.13160152541240677,9.0,1.6666666666666667
11721,521611,0.49142927502108175,0.11652096710167825,9.0,1.5333333333333334
11722,521817,0.49122842502107883,0.45842245771200396,9.0,1.6
11723,521870,0.4911767500210781,0.11220948933623731,9.0,1.6333333333333333
11724,521942,0.49110655002107706,0.17205829481827095,9.0,1.6666666666666667
11725,522014,0.49103635002107604,0.15742533042794093,9.0,1.6
11726,522037,0.4910139250210757,0.08796495996648446,9.0,1.4666666666666666
11727,522155,0.49089887502107404,0.2888257562299259,9.0,1.5333333333333334
11728,522226,0.49082965002107304,0.15227287472225726,9.0,1.5666666666666667
11729,522247,0.49080917502107274,0.03633601398905739,9.0,1.5666666666666667
11730,522416,0.49064440002107035,0.27329125604592264,9.0,1.6666666666666667
11731,522439,0.49062197502107,0.042188130610156804,9.0,1.6333333333333333
11732,522508,0.49055470002106905,0.12024030380416662,9.0,1.6
11733,522582,0.490482550021068,0.1225518033024855,9.0,1.6
11734,522605,0.49046012502106767,0.029029129073023796,9.0,1.6
11735,522628,0.49043770002106735,0.03242225089343265,9.0,1.6
11736,522726,0.49034215002106596,0.1421405026630964,9.0,1.5666666666666667
11737,522777,0.49029242502106524,0.07290092678158544,9.0,1.6
11738,522876,0.49019590002106384,0.18030588905094191,9.0,1.6
11739,522994,0.49008085002106216,0.21275276652886532,9.0,1.5666666666666667
11740,523017,0.49005842502106184,0.027684750908520073,9.0,1.5333333333333334
11741,523040,0.4900360000210615,0.030399829847738147,9.0,1.5333333333333334
11742,523161,0.4899180250210598,0.2177665015333332,9.0,1.5
11743,523184,0.4898956000210595,0.03355028998339549,9.0,1.4333333333333333
11744,523207,0.48987317502105915,0.047714944841573015,9.0,1.4
11745,523308,0.4897747000210577,0.16916979578672908,9.0,1.4666666666666666
11746,523331,0.4897522750210574,0.02820359292672947,9.0,1.4
11747,523352,0.4897318000210571,0.02722873745369725,9.0,1.3333333333333333
11748,523373,0.4897113250210568,0.03866878239205107,9.0,1.3333333333333333
11749,523396,0.4896889000210565,0.0441338088712655,9.0,1.0333333333333334
11750,523419,0.48966647502105615,0.03674836820573546,9.0,1.0
11751,523442,0.4896440500210558,0.026735036284662783,9.0,0.9666666666666667
11752,523573,0.48951632502105397,0.16346091844025068,9.0,0.8666666666666667
11753,523596,0.48949390002105364,0.02562187344301492,9.0,0.8333333333333334
11754,523619,0.4894714750210533,0.02845775830792263,9.0,0.8
11755,523642,0.489449050021053,0.03339968028012663,9.0,0.7666666666666667
11756,523665,0.48942662502105266,0.026692081708461046,9.0,0.7666666666666667
11757,523734,0.4893593500210517,0.09133064121124335,9.0,0.7333333333333333
11758,523757,0.48933692502105136,0.03075872058980167,9.0,0.7
11759,523839,0.4892569750210502,0.10758635692764074,9.0,0.7666666666666667
11760,523862,0.4892345500210499,0.02408698873477988,9.0,0.6333333333333333
11761,523885,0.48921212502104955,0.04083057050593197,9.0,0.6333333333333333
11762,524037,0.4890639250210474,0.1883077331003733,9.0,0.7333333333333333
11763,524060,0.48904150002104707,0.02687472928664647,9.0,0.7
11764,524083,0.48901907502104675,0.034873903379775584,9.0,0.7
11765,524106,0.4889966500210464,0.031716352328658104,9.0,0.7
11766,524129,0.4889742250210461,0.03515701444121078,9.0,0.6333333333333333
11767,524280,0.48882700002104396,0.19913939759135246,9.0,0.7333333333333333
11768,524301,0.48880652502104366,0.031016680441098288,9.0,0.6666666666666666
11769,524385,0.48872462502104247,0.10787490170332603,9.0,0.6666666666666666
11770,524456,0.48865540002104146,0.07289936995948665,9.0,0.7
11771,524479,0.48863297502104114,0.030747117445571348,9.0,0.7
11772,524653,0.4884633250210387,0.3012274914653972,9.0,0.8
11773,524724,0.48839410002103767,0.11801615569856949,9.0,0.8333333333333334
11774,524861,0.48826052502103573,0.2759225971531123,9.0,0.9333333333333333
11775,524884,0.4882381000210354,0.04505919132498093,9.0,0.8666666666666667
11776,524935,0.4881883750210347,0.08075819502118975,9.0,0.9
11777,525004,0.4881211000210337,0.11186306207673624,9.0,0.9333333333333333
11778,525076,0.4880509000210327,0.5939766173250973,9.0,0.9666666666666667
11779,525099,0.48802847502103236,0.17965895286761224,9.0,0.9666666666666667
11780,525120,0.48800800002103206,0.13895376934669912,9.0,0.9666666666666667
11781,525143,0.48798557502103174,0.13701123581267893,9.0,0.9666666666666667
11782,525194,0.487935850021031,0.2859076642198488,9.0,0.9
11783,525217,0.4879134250210307,0.1421855161897838,9.0,0.9
11784,525348,0.48778570002102883,0.667003802373074,9.0,1.0
11785,525401,0.4877340250210281,0.21081490477081388,9.0,1.0333333333333334
11786,525555,0.4875838750210259,0.6145862980047241,9.0,1.1666666666666667
11787,525626,0.4875146500210249,0.2695334014715627,9.0,1.1666666666666667
11788,525698,0.4874444500210239,0.2413145718164742,9.0,1.2
11789,525721,0.48742202502102355,0.06993500131648034,9.0,1.1333333333333333
11790,525821,0.48732452502102214,0.3684166205348447,9.0,1.2
11791,525971,0.48717827502102,0.4104043549159542,9.0,1.3
11792,525994,0.4871558500210197,0.06828867387957871,9.0,1.1666666666666667
11793,526133,0.4870203250210177,0.38776324677746743,9.0,1.2666666666666666
11794,526217,0.48693842502101653,0.23344291176181287,9.0,1.3333333333333333
11795,526240,0.4869160000210162,0.06296911730896682,9.0,1.3333333333333333
11796,526263,0.4868935750210159,0.07261802873108536,9.0,1.3333333333333333
11797,526286,0.48687115002101555,0.05251917376881465,9.0,1.2
11798,526455,0.48670637502101316,0.4197329874150455,9.0,1.3333333333333333
11799,526478,0.48668395002101283,0.04537328751757741,9.0,1.2666666666666666
11800,526527,0.48663617502101214,0.09552701818756759,9.0,1.2666666666666666
11801,526696,0.48647140002100975,0.3187601576792076,9.0,1.4
11802,526719,0.4864489750210094,0.05071379872970283,9.0,1.2333333333333334
11803,526740,0.4864285000210091,0.039204037573654205,9.0,1.2
11804,526808,0.48636220002100816,0.16837250179378316,9.0,1.1333333333333333
11805,526831,0.48633977502100784,0.057934454758651555,9.0,1.1333333333333333
11806,526980,0.4861945000210057,0.33315598327317275,9.0,1.2
11807,527003,0.4861720750210054,0.04493883065879345,9.0,1.1666666666666667
11808,527024,0.4861516000210051,0.03762190154520795,9.0,1.1333333333333333
11809,527047,0.4861291750210048,0.034307955065742135,9.0,1.1333333333333333
11810,527070,0.48610675002100445,0.05186174268601462,9.0,1.1333333333333333
11811,527185,0.4859946250210028,0.19701443205121905,9.0,1.2333333333333334
11812,527236,0.4859449000210021,0.0836050326761324,9.0,1.2333333333333334
11813,527307,0.4858756750210011,0.1258415214251727,9.0,1.2666666666666666
11814,527330,0.48585325002100077,0.05163495836313814,9.0,1.1666666666666667
11815,527353,0.48583082502100045,0.06432554824277759,9.0,1.1333333333333333
11816,527422,0.48576355002099947,0.16776573000242934,9.0,1.0333333333333334
11817,527445,0.48574112502099914,0.0390065178507939,9.0,1.0
11818,527546,0.4856426500209977,0.23875489275087602,9.0,1.0333333333333334
11819,527569,0.4856202250209974,0.06818330747773871,9.0,1.0333333333333334
11820,527641,0.48555002502099637,0.13371146260760725,9.0,1.0
11821,527664,0.48552760002099604,0.046071296208538115,9.0,0.9
11822,527687,0.4855051750209957,0.042174432950560004,9.0,0.9
11823,527857,0.4853394250209933,0.2969044526689686,9.0,0.9333333333333333
11824,527880,0.485317000020993,0.03925651125609875,9.0,0.8666666666666667
11825,527933,0.48526532502099223,0.09100984450196847,9.0,0.9
11826,527956,0.4852429000209919,0.05168383341515437,9.0,0.9
11827,528086,0.48511615002099007,0.18738239642698318,9.0,1.0
11828,528107,0.48509567502098977,0.04094124381663278,9.0,0.8666666666666667
11829,528130,0.48507325002098944,0.028732855949783698,9.0,0.8666666666666667
11830,528181,0.4850235250209887,0.09031266521196812,9.0,0.8666666666666667
11831,528204,0.4850011000209884,0.03923841944197193,9.0,0.7333333333333333
11832,528227,0.48497867502098807,0.029398781014606357,9.0,0.7333333333333333
11833,528250,0.48495625002098774,0.028270335897104815,9.0,0.7333333333333333
11834,528397,0.48481292502098566,0.21270174116943963,9.0,0.8
11835,528471,0.4847407750209846,0.15656164335086942,9.0,0.8333333333333334
11836,528640,0.4845760000209822,0.2644029502698686,9.0,0.8666666666666667
11837,528797,0.48442292502098,0.3984071591112297,9.0,1.0
11838,528868,0.484353700020979,0.17615329864202067,9.0,1.0333333333333334
11839,528922,0.48430105002097823,0.10296930343611166,9.0,1.0666666666666667
11840,529111,0.48411677502097555,0.3808310649183113,9.0,1.2
11841,529162,0.48406705002097483,0.0851568576763384,9.0,1.1333333333333333
11842,529185,0.4840446250209745,0.045882102160248905,9.0,1.1
11843,529300,0.4839325000209729,0.20319014674169011,9.0,1.1333333333333333
11844,529323,0.48391007502097255,0.04355157056124881,9.0,1.1333333333333333
11845,529346,0.4838876500209722,0.04833751841215417,9.0,1.1333333333333333
11846,529446,0.4837901500209708,0.17522922030184418,9.0,1.1666666666666667
11847,529496,0.4837414000209701,0.07871921037440188,9.0,1.2
11848,529519,0.4837189750209698,0.03386532230069861,9.0,1.1333333333333333
11849,529542,0.48369655002096945,0.038575167243834585,9.0,1.1333333333333333
11850,529614,0.48362635002096843,0.08935954925254919,9.0,1.1333333333333333
11851,529637,0.4836039250209681,0.05884061264805496,9.0,1.1333333333333333
11852,529660,0.4835815000209678,0.04495523072546348,9.0,1.1333333333333333
11853,529898,0.4833494500209644,0.42527257758774795,9.0,1.2333333333333334
11854,529921,0.4833270250209641,0.03457512959721498,9.0,1.2333333333333334
11855,529995,0.48325487502096304,0.10173505498096347,9.0,1.2333333333333334
11856,530111,0.4831417750209614,0.8469702799920924,9.0,1.3
11857,530340,0.48291850002095815,1.3886613239301369,9.0,1.4333333333333333
11858,530508,0.4827547000209558,0.847144847502932,9.0,1.5333333333333334
11859,530531,0.48273227502095545,0.09589311806485057,9.0,1.5333333333333334
11860,530682,0.4825850500209533,0.6131509309634566,9.0,1.6
11861,530733,0.4825353250209526,0.15568625158630311,9.0,1.6333333333333333
11862,530756,0.48251290002095226,0.07151075801812112,9.0,1.6333333333333333
11863,530827,0.48244367502095126,0.22784005280118436,9.0,1.6666666666666667
11864,530850,0.48242125002095093,0.06115739227971062,9.0,1.5666666666666667
11865,530873,0.4823988250209506,0.07021677715238184,9.0,1.5333333333333334
11866,530896,0.4823764000209503,0.07639584096614271,9.0,1.4
11867,530919,0.48235397502094995,0.055708256317302585,9.0,1.2666666666666666
11868,531089,0.48218822502094755,0.49601850420003757,9.0,1.3666666666666667
11869,531204,0.4820761000209459,0.3060334631591104,9.0,1.4333333333333333
11870,531257,0.48202442502094517,0.13605419837404042,9.0,1.3333333333333333
11871,531470,0.48181675002094215,0.5711927834781818,9.0,1.4666666666666666
11872,531493,0.4817943250209418,0.043427179916761816,9.0,1.4666666666666666
11873,531715,0.4815778750209387,0.5743587398319505,9.0,1.6
11874,531738,0.48155545002093836,0.07035433908458799,9.0,1.6
11875,531927,0.4813711750209357,0.45097544020973146,9.0,1.7333333333333334
11876,532153,0.4811508250209325,0.4904214840789791,9.0,1.9
11877,532322,0.4809860500209301,0.3524785830231849,9.0,1.9666666666666666
11878,532372,0.4809373000209294,0.11430188757367432,9.0,2.0
11879,532425,0.48088562502092863,0.13015093945432454,9.0,2.033333333333333
11880,532446,0.48086515002092833,0.03340121725341305,9.0,2.0
11881,532624,0.4806916000209258,0.36085097258910537,9.0,2.1666666666666665
11882,532842,0.4804790500209227,0.5308997553365771,9.0,2.3333333333333335
11883,532865,0.4804566250209224,0.05390726967016235,9.0,2.1
11884,532917,0.48040592502092166,0.10164719121530652,9.0,2.1333333333333333
11885,533039,0.48028697502091994,0.24318957421928644,9.0,2.1666666666666665
11886,533123,0.48020507502091875,0.18222441515536048,9.0,2.1666666666666665
11887,533307,0.48002567502091614,0.3689197492203675,9.0,2.066666666666667
11888,533395,0.4799398750209149,0.15545341628603637,9.0,2.033333333333333
11889,533416,0.4799194000209146,0.02888621122110635,9.0,2.033333333333333
11890,533605,0.4797351250209119,0.39000512298662215,9.0,2.066666666666667
11891,533704,0.4796386000209105,0.16906292940257117,9.0,2.1
11892,533788,0.47955670002090933,0.14648144698003307,9.0,2.1666666666666665
11893,533811,0.479534275020909,0.03827748278854415,9.0,2.1333333333333333
11894,533914,0.47943385002090755,0.14576099818805233,9.0,2.2
11895,533937,0.4794114250209072,0.047494585072854534,9.0,2.2
11896,533960,0.4793890000209069,0.03234306868398562,9.0,2.2
11897,534078,0.4792739500209052,0.1965157010126859,9.0,2.2666666666666666
11898,534202,0.47915305002090347,0.16541842801962048,9.0,2.2
11899,534284,0.4790731000209023,0.1039945318188984,9.0,2.1666666666666665
11900,534307,0.479050675020902,0.02394898232887499,9.0,2.1333333333333333
11901,534330,0.47902825002090166,0.02176425332436338,9.0,1.9666666666666666
11902,534381,0.47897852502090094,0.09499665646580979,9.0,2.0
11903,534452,0.47890930002089993,0.11580430212779902,9.0,1.8333333333333333
11904,534620,0.47874550002089755,0.24627238186076283,9.0,1.9666666666666666
11905,534643,0.4787230750208972,0.031321279297117144,9.0,1.8333333333333333
11906,534846,0.47852515002089435,0.33384633605601266,9.0,1.8
11907,534869,0.478502725020894,0.04778023759718053,9.0,1.7
11908,534892,0.4784803000208937,0.037438802362885326,9.0,1.6666666666666667
11909,534945,0.47842862502089295,0.07027382942033,9.0,1.6666666666666667
11910,535065,0.47831162502089125,0.6541295693605207,9.0,1.7333333333333334
11911,535234,0.47814685002088886,1.1050426769070327,9.0,1.7
11912,535257,0.47812442502088853,0.14443993964232504,9.0,1.5333333333333334
11913,535280,0.4781020000208882,0.12477127159945667,9.0,1.5333333333333334
11914,535303,0.4780795750208879,0.11292079300619662,9.0,1.5
11915,535326,0.47805715002088756,0.12959933187812567,9.0,1.4333333333333333
11916,535349,0.47803472502088723,0.13462076568976045,9.0,1.3666666666666667
11917,535420,0.4779655000208862,0.3342179604806006,9.0,1.2666666666666666
11918,535443,0.4779430750208859,0.0752235371619463,9.0,1.2
11919,535494,0.4778933500208852,0.17481804685667157,9.0,1.2333333333333334
11920,535517,0.47787092502088485,0.12446814856957644,9.0,1.1
11921,535637,0.47775392502088315,0.5042757404153235,9.0,1.1
11922,535688,0.47770420002088243,0.18798089725896716,9.0,1.0666666666666667
11923,535711,0.4776817750208821,0.10804165713489056,9.0,1.0666666666666667
11924,535783,0.4776115750208811,0.22543539659818634,9.0,1.0333333333333334
11925,535932,0.477466300020879,0.45474216528236866,9.0,1.1333333333333333
11926,535955,0.47744387502087865,0.08817001938587055,9.0,1.1333333333333333
11927,535976,0.47742340002087835,0.053917250013910234,9.0,1.0666666666666667
11928,536026,0.47737465002087764,0.11256494227563962,9.0,1.0333333333333334
11929,536144,0.477259600020876,0.3065020747599192,9.0,1.0333333333333334
11930,536314,0.47709385002087357,0.4149020420736633,9.0,1.1666666666666667
11931,536384,0.4770256000208726,0.1486441934830509,9.0,1.2
11932,536555,0.47685887502087015,0.4378795569646172,9.0,1.2666666666666666
11933,536680,0.4767370000208684,0.326029050629586,9.0,1.3
11934,536703,0.47671457502086806,0.04115622449899092,9.0,1.1666666666666667
11935,536781,0.47663852502086695,0.1987000319059007,9.0,1.2
11936,536930,0.47649325002086484,0.31122083839727566,9.0,1.1
11937,536953,0.4764708250208645,0.04710289923241362,9.0,1.1
11938,537005,0.4764201250208638,0.1409231016295962,9.0,1.1333333333333333
11939,537204,0.47622610002086097,0.4403232089243829,9.0,1.2666666666666666
11940,537257,0.4761744250208602,0.10453956769197248,9.0,1.2333333333333334
11941,537341,0.476092525020859,0.1688785023870878,9.0,1.1666666666666667
11942,537510,0.47592775002085663,0.29751147964270785,9.0,1.3
11943,537678,0.47576395002085425,0.27422341535566375,9.0,1.4
11944,537701,0.47574152502085393,0.042983268736861646,9.0,1.4
11945,537836,0.475609900020852,0.22589741172851063,9.0,1.5
11946,537905,0.47554262502085104,0.10919759643729776,9.0,1.5333333333333334
11947,537928,0.4755202000208507,0.03616950399009511,9.0,1.5
11948,537951,0.4754977750208504,0.02972449699882418,9.0,1.5
11949,537972,0.4754773000208501,0.039581356570124626,9.0,1.4666666666666666
11950,537995,0.47545487502084977,0.04140190809266642,9.0,1.4666666666666666
11951,538081,0.47537102502084855,0.1333475480787456,9.0,1.4666666666666666
11952,538236,0.47521990002084635,0.25537386545329355,9.0,1.5666666666666667
11953,538356,0.47510290002084465,0.2029093666933477,9.0,1.6333333333333333
11954,538481,0.4749810250208429,0.20363182688015513,9.0,1.6666666666666667
11955,538585,0.4748796250208414,0.16557375190313905,9.0,1.6333333333333333
11956,538671,0.4747957750208402,0.14079956655041315,9.0,1.7
11957,538723,0.47474507502083946,0.13471151422709227,9.0,1.7333333333333334
11958,538746,0.47472265002083913,0.044590135803446174,9.0,1.7
11959,538769,0.4747002250208388,0.042192804568912834,9.0,1.6333333333333333
11960,538792,0.4746778000208385,0.04430147708626464,9.0,1.5
11961,538843,0.47462807502083776,0.07852152577834204,9.0,1.5
11962,538940,0.4745335000208364,0.15112596622202545,9.0,1.4666666666666666
11963,538963,0.47451107502083606,0.03257407920318656,9.0,1.4
11964,539034,0.47444185002083505,0.12992081348784268,9.0,1.4333333333333333
11965,539135,0.4743433750208336,0.14869794592959806,9.0,1.4666666666666666
11966,539206,0.4742741500208326,0.09231035859556869,9.0,1.4
11967,539229,0.4742517250208323,0.02993209904525429,9.0,1.4
11968,539252,0.47422930002083197,0.03443168706144206,9.0,1.3666666666666667
11969,539275,0.47420687502083164,0.0464308827649802,9.0,1.2
11970,539298,0.4741844500208313,0.03992491960525513,9.0,1.1666666666666667
11971,539351,0.47413277502083057,0.08064096522866748,9.0,1.1333333333333333
11972,539455,0.4740313750208291,0.22472222696524113,9.0,1.0666666666666667
11973,539506,0.47398165002082837,0.08124811347806826,9.0,1.0
11974,539529,0.47395922502082805,0.060284059873083606,9.0,1.0
11975,539678,0.47381395002082594,0.23201756677008234,9.0,1.0
11976,539701,0.4737915250208256,0.041338810144225135,9.0,0.9666666666666667
11977,539871,0.4736257750208232,0.2825250263849739,9.0,1.1
11978,540034,0.4734668500208209,0.4756947576534003,9.0,1.2666666666666666
11979,540109,0.47339372502081983,0.4460801916429773,9.0,1.3
11980,540283,0.47322407502081737,1.101084473892115,9.0,1.4333333333333333
11981,540306,0.47320165002081704,0.21442856139037758,9.0,1.3666666666666667
11982,540357,0.4731519250208163,0.2648514714092016,9.0,1.2666666666666666
11983,540489,0.47302322502081445,0.6080328250536695,9.0,1.3
11984,540591,0.472923775020813,0.5049677509814501,9.0,1.3
11985,540712,0.4728058000208113,0.4822820877889171,9.0,1.3
11986,540781,0.4727385250208103,0.2609692924306728,9.0,1.2666666666666666
11987,540905,0.47261762502080856,0.5156354334903881,9.0,1.3
11988,540928,0.47259520002080824,0.09191145282238722,9.0,1.3
11989,540951,0.4725727750208079,0.06275180680677295,9.0,1.3
11990,540974,0.4725503500208076,0.09435736027080566,9.0,1.3
11991,540997,0.47252792502080726,0.10792465275153518,9.0,1.2666666666666666
11992,541115,0.4724128750208056,0.3751518106437288,9.0,1.2666666666666666
11993,541138,0.47239045002080526,0.059701007790863514,9.0,1.2666666666666666
11994,541290,0.4722422500208031,0.3881734472233802,9.0,1.3333333333333333
11995,541415,0.47212037502080134,0.28307473537279293,9.0,1.3666666666666667
11996,541438,0.472097950020801,0.053386637824587524,9.0,1.3333333333333333
11997,541632,0.47190880002079827,0.38158206088701263,9.0,1.5
11998,541701,0.4718415250207973,0.14845865085953847,9.0,1.5333333333333334
11999,541911,0.4716367750207943,0.37062377703841776,9.0,1.7
12000,541934,0.471614350020794,0.03644252702360973,9.0,1.7
12001,542083,0.4714690750207919,0.2758544700918719,9.0,1.7666666666666666
12002,542181,0.4713735250207905,0.21297959797084332,9.0,1.7666666666666666
12003,542204,0.47135110002079017,0.044727784930728376,9.0,1.7333333333333334
12004,542273,0.4712838250207892,0.136496415885631,9.0,1.7666666666666666
12005,542294,0.4712633500207889,0.03701358783291653,9.0,1.6666666666666667
12006,542345,0.4712136250207882,0.10848709143465385,9.0,1.7
12007,542398,0.4711619500207874,0.12270099474699236,9.0,1.6
12008,542421,0.4711395250207871,0.03777518458082341,9.0,1.4333333333333333
12009,542609,0.47095622502078444,0.3126920013455674,9.0,1.6
12010,542781,0.470788525020782,0.3488068419683259,9.0,1.5666666666666667
12011,542804,0.4707661000207817,0.07020816387375817,9.0,1.5666666666666667
12012,542827,0.47074367502078135,0.032780464622192085,9.0,1.5333333333333334
12013,542899,0.47067347502078033,0.11260447482345626,9.0,1.4666666666666666
12014,542922,0.47065105002078,0.03586227205232717,9.0,1.4
12015,542945,0.4706286250207797,0.03231185709591955,9.0,1.3333333333333333
12016,542968,0.47060620002077935,0.02855720039224252,9.0,1.3
12017,543115,0.47046287502077727,0.2180381865473464,9.0,1.3333333333333333
12018,543138,0.47044045002077695,0.039477810059906915,9.0,1.3333333333333333
12019,543159,0.47041997502077665,0.02313388598849997,9.0,1.3333333333333333
12020,543230,0.47035075002077564,0.10859980338136666,9.0,1.3666666666666667
12021,543253,0.4703283250207753,0.03362878452753648,9.0,1.3666666666666667
12022,543430,0.4701557500207728,0.3755561763246078,9.0,1.4666666666666666
12023,543531,0.4700572750207714,0.16087475515087135,9.0,1.5333333333333334
12024,543554,0.47003485002077106,0.028041034616762772,9.0,1.4333333333333333
12025,543577,0.47001242502077073,0.03179432873730548,9.0,1.3333333333333333
12026,543646,0.46994515002076975,0.15473987002042122,9.0,1.3666666666666667
12027,543667,0.46992467502076946,0.04705742001533508,9.0,1.2
12028,543739,0.46985447502076844,0.10787191172130406,9.0,1.2
12029,543788,0.46980670002076774,0.09383312609861605,9.0,1.0666666666666667
12030,543861,0.4697355250207667,0.1423015607870184,9.0,1.1
12031,543912,0.469685800020766,0.07431443114182912,9.0,1.0333333333333334
12032,543935,0.46966337502076566,0.038234260806348175,9.0,0.9666666666666667
12033,544079,0.4695229750207636,0.21935563397710212,9.0,1.0666666666666667
12034,544100,0.4695025000207633,0.031045414973050356,9.0,1.0333333333333334
12035,544123,0.469480075020763,0.04942033806582913,9.0,1.0333333333333334
12036,544146,0.4694576500207627,0.030663707468193024,9.0,1.0
12037,544197,0.46940792502076195,0.05642836156766862,9.0,1.0
12038,544248,0.46935820002076123,0.07550648413598537,9.0,1.0333333333333334
12039,544271,0.4693357750207609,0.030062755424296483,9.0,0.8333333333333334
12040,544294,0.4693133500207606,0.0301618161611259,9.0,0.7333333333333333
12041,544464,0.46914760002075817,0.2554423069523182,9.0,0.8666666666666667
12042,544487,0.46912517502075785,0.04392405349062756,9.0,0.8666666666666667
12043,544611,0.4690042750207561,0.16562805927242152,9.0,0.9
12044,544634,0.46898185002075576,0.0336435524513945,9.0,0.9
12045,544683,0.46893407502075507,0.10615224024513736,9.0,0.9333333333333333
12046,544752,0.4688668000207541,0.08132615283830091,9.0,0.9666666666666667
12047,544775,0.46884437502075377,0.026394727814476937,9.0,0.8666666666666667
12048,544933,0.46869032502075153,0.2323579054500442,9.0,1.0
12049,544956,0.4686679000207512,0.0364485859463457,9.0,1.0
12050,544979,0.4686454750207509,0.04479110863758251,9.0,0.9666666666666667
12051,545002,0.46862305002075055,0.07267123297788203,9.0,0.9666666666666667
12052,545025,0.4686006250207502,0.23736342322081327,9.0,0.8
12053,545048,0.4685782000207499,0.17774800257757306,9.0,0.7333333333333333
12054,545099,0.4685284750207492,0.39373182714916766,9.0,0.7666666666666667
12055,545221,0.46840952502074745,0.7102649926673621,9.0,0.8333333333333334
12056,545244,0.4683871000207471,0.13627519481815398,9.0,0.8
12057,545267,0.4683646750207468,0.10934699326753616,9.0,0.8
12058,545370,0.46826425002074534,0.4916501706466079,9.0,0.8333333333333334
12059,545391,0.46824377502074505,0.11022512032650411,9.0,0.8
12060,545544,0.4680946000207429,0.8214948718668893,9.0,0.9
12061,545567,0.46807217502074255,0.10998655844014138,9.0,0.8666666666666667
12062,545590,0.46804975002074223,0.06668075814377517,9.0,0.8666666666666667
12063,545613,0.4680273250207419,0.08011022338178009,9.0,0.7666666666666667
12064,545664,0.4679776000207412,0.17438081244472414,9.0,0.8
12065,545717,0.46792592502074043,0.2583690861938521,9.0,0.8333333333333334
12066,545788,0.4678567000207394,0.2291426518931985,9.0,0.8666666666666667
12067,545811,0.4678342750207391,0.056975588377099484,9.0,0.8333333333333334
12068,545834,0.4678118500207388,0.06524633039953187,9.0,0.8
12069,545885,0.46776212502073805,0.13785857043694705,9.0,0.8333333333333334
12070,545937,0.4677114250207373,0.15826681919861585,9.0,0.8666666666666667
12071,545960,0.467689000020737,0.08024632453452796,9.0,0.7333333333333333
12072,546076,0.46757590002073535,0.308394257852342,9.0,0.8333333333333334
12073,546147,0.46750667502073434,0.16542859195033088,9.0,0.8
12074,546170,0.467484250020734,0.05240662948926911,9.0,0.8
12075,546191,0.4674637750207337,0.0664237254532054,9.0,0.7666666666666667
12076,546275,0.46738187502073253,0.1990010702284053,9.0,0.8
12077,546422,0.46723855002073045,0.349033350503305,9.0,0.9
12078,546654,0.46701235002072716,0.5417902615736239,9.0,1.0
12079,546677,0.46698992502072684,0.05528437625616789,9.0,1.0
12080,546844,0.4668271000207245,0.3860581999178976,9.0,1.1
12081,546867,0.46680467502072415,0.056618173606693745,9.0,1.1
12082,547036,0.46663990002072175,0.396100610261783,9.0,1.2333333333333334
12083,547059,0.46661747502072143,0.03266177524346858,9.0,1.2333333333333334
12084,547082,0.4665950500207211,0.035152405907865614,9.0,1.2
12085,547105,0.4665726250207208,0.03400972060626373,9.0,1.1333333333333333
12086,547187,0.4664926750207196,0.21247404866153374,9.0,1.2
12087,547255,0.46642637502071865,0.1962127506849356,9.0,1.2333333333333334
12088,547403,0.46628207502071656,0.2835366347571835,9.0,1.2666666666666666
12089,547504,0.4661836000207151,0.19466072047362104,9.0,1.3333333333333333
12090,547580,0.46610950002071405,0.15947504446376115,9.0,1.2333333333333334
12091,547631,0.46605977502071333,0.10282637825002894,9.0,1.2666666666666666
12092,547712,0.4659808000207122,0.12923595705069602,9.0,1.3333333333333333
12093,547735,0.46595837502071186,0.03704638365888968,9.0,1.3333333333333333
12094,547924,0.4657741000207092,0.31305415646056645,9.0,1.4333333333333333
12095,547977,0.46572242502070843,0.0789370117126964,9.0,1.4333333333333333
12096,548047,0.46565417502070744,0.10946570266969502,9.0,1.4333333333333333
12097,548070,0.4656317500207071,0.033489081310108304,9.0,1.4333333333333333
12098,548171,0.4655332750207057,0.1550843109143898,9.0,1.5
12099,548194,0.46551085002070536,0.03803118347423151,9.0,1.4666666666666666
12100,548264,0.46544260002070437,0.09744024477549829,9.0,1.4666666666666666
12101,548315,0.46539287502070364,0.08401293319184333,9.0,1.5
12102,548338,0.4653704500207033,0.044825061137089506,9.0,1.4
12103,548506,0.46520665002070094,0.25879323051776737,9.0,1.4666666666666666
12104,548607,0.4651081750206995,0.15243352885590866,9.0,1.5333333333333334
12105,548682,0.46503505002069845,0.12025937711587176,9.0,1.5666666666666667
12106,548838,0.46488295002069624,0.27022743033012375,9.0,1.6333333333333333
12107,548938,0.4647854500206948,0.16487616283120587,9.0,1.6
12108,548961,0.4647630250206945,0.028979706927202642,9.0,1.3666666666666667
12109,549036,0.46468990002069344,0.1045267052249983,9.0,1.4
12110,549105,0.46462262502069246,0.12549534806748852,9.0,1.3333333333333333
12111,549296,0.46443640002068975,0.4648962453356944,9.0,1.4666666666666666
12112,549368,0.46436620002068874,0.14456221013097093,9.0,1.3666666666666667
12113,549389,0.46434572502068844,0.04225750686600804,9.0,1.3666666666666667
12114,549440,0.4642960000206877,0.11630606092512608,9.0,1.4
12115,549514,0.46422385002068667,0.16672010015463457,9.0,1.4333333333333333
12116,549585,0.46415462502068566,0.12552327316370793,9.0,1.4
12117,549608,0.46413220002068534,0.054187982401344925,9.0,1.3666666666666667
12118,549631,0.464109775020685,0.05525004438823089,9.0,1.2666666666666666
12119,549654,0.4640873500206847,0.0578165587503463,9.0,1.2
12120,549736,0.4640074000206835,0.15854446071898565,9.0,1.2333333333333334
12121,549890,0.46385725002068134,0.2768970859760884,9.0,1.3333333333333333
12122,549963,0.4637860750206803,0.14347785874269903,9.0,1.3
12123,550049,0.4637022250206791,0.46499856922309846,9.0,1.3666666666666667
12124,550072,0.46367980002067877,0.15509211318567395,9.0,1.2333333333333334
12125,550156,0.4635979000206776,0.5579171944409609,9.0,1.2666666666666666
12126,550349,0.46340972502067485,1.0706731611862779,9.0,1.4
12127,550400,0.4633600000206741,0.22459007427096367,9.0,1.4333333333333333
12128,550500,0.4632625000206727,0.39530446100980043,9.0,1.4333333333333333
12129,550552,0.46321180002067197,0.2184074582764879,9.0,1.4666666666666666
12130,550575,0.46318937502067165,0.1025732554262504,9.0,1.4333333333333333
12131,550677,0.4630899250206702,0.2863893597968854,9.0,1.4666666666666666
12132,550728,0.4630402000206695,0.2184029099298641,9.0,1.5
12133,550749,0.4630197250206692,0.06740195211023092,9.0,1.4
12134,550772,0.46299730002066886,0.08515672397334129,9.0,1.3333333333333333
12135,550795,0.46297487502066853,0.08110684726852924,9.0,1.3
12136,550818,0.4629524500206682,0.071992032462731,9.0,1.1666666666666667
12137,550917,0.4628559250206668,0.2908399744774215,9.0,1.1666666666666667
12138,551085,0.4626921250206644,0.4498333816882223,9.0,1.2666666666666666
12139,551106,0.4626716500206641,0.03910813812399283,9.0,1.2333333333333334
12140,551309,0.46247372502066125,0.4730542363249697,9.0,1.3666666666666667
12141,551332,0.4624513000206609,0.059127713611815125,9.0,1.2333333333333334
12142,551430,0.46235575002065954,0.1820538438623771,9.0,1.2666666666666666
12143,551453,0.4623333250206592,0.041454647143837065,9.0,1.2666666666666666
12144,551524,0.4622641000206582,0.1362616129044909,9.0,1.2666666666666666
12145,551547,0.4622416750206579,0.045796623278874904,9.0,1.2333333333333334
12146,551716,0.4620769000206555,0.38291571897570975,9.0,1.3333333333333333
12147,551767,0.46202717502065477,0.09683660039445385,9.0,1.3666666666666667
12148,551885,0.4619121250206531,0.23381777902250178,9.0,1.4333333333333333
12149,551908,0.46188970002065277,0.042331691016443074,9.0,1.4333333333333333
12150,551931,0.46186727502065245,0.0431935892556794,9.0,1.3666666666666667
12151,551954,0.4618448500206521,0.03374332236126065,9.0,1.2333333333333334
12152,551977,0.4618224250206518,0.0384566280990839,9.0,1.2
12153,552028,0.4617727000206511,0.07337105448823422,9.0,1.1666666666666667
12154,552051,0.46175027502065075,0.056403504248009995,9.0,1.1666666666666667
12155,552104,0.46169860002065,0.1010794430039823,9.0,1.1333333333333333
12156,552127,0.46167617502064967,0.034167538047768176,9.0,0.9666666666666667
12157,552150,0.46165375002064934,0.039232161710970104,9.0,0.9333333333333333
12158,552173,0.461631325020649,0.03307605144800618,9.0,0.8666666666666667
12159,552273,0.4615338250206476,0.15874333085957915,9.0,0.9
12160,552408,0.4614022000206457,0.20537558555952273,9.0,1.0
12161,552431,0.46137977502064537,0.03133858085493557,9.0,0.9333333333333333
12162,552454,0.46135735002064504,0.030745401920285076,9.0,0.9
12163,552522,0.4612910500206441,0.12204048471176066,9.0,0.9333333333333333
12164,552545,0.46126862502064375,0.03215256641851738,9.0,0.9333333333333333
12165,552667,0.461149675020642,0.1997578869923018,9.0,1.0
12166,552799,0.46102097502064016,0.19421966723166406,9.0,1.1
12167,552918,0.46090495002063847,0.17051301017636433,9.0,1.1333333333333333
12168,552941,0.46088252502063815,0.035843633639160544,9.0,1.0333333333333334
12169,552964,0.4608601000206378,0.048047261021565646,9.0,1.0333333333333334
12170,553081,0.46074602502063616,0.1951003648864571,9.0,0.9333333333333333
12171,553234,0.460596850020634,0.29516762131243013,9.0,1.0666666666666667
12172,553433,0.4604028250206312,0.3195890982169658,9.0,1.1666666666666667
12173,553454,0.4603823500206309,0.023678860219661146,9.0,1.1666666666666667
12174,553504,0.4603336000206302,0.0711628720164299,9.0,1.1666666666666667
12175,553555,0.46028387502062945,0.06639930147503037,9.0,1.2
12176,553608,0.4602322000206287,0.08981562161352485,9.0,1.1
12177,553629,0.4602117250206284,0.025098016660194844,9.0,1.0666666666666667
12178,553698,0.4601444500206274,0.10784101721947081,9.0,1.0333333333333334
12179,553798,0.460046950020626,0.13512730135698803,9.0,1.1
12180,553821,0.4600245250206257,0.028551740339025855,9.0,1.1
12181,553872,0.45997480002062496,0.07065431014052592,9.0,1.1333333333333333
12182,553992,0.45985780002062326,0.1861706532072276,9.0,1.2
12183,554215,0.4596403750206201,0.35658930128556676,9.0,1.3666666666666667
12184,554334,0.4595243500206184,0.2326892851269804,9.0,1.4666666666666666
12185,554357,0.4595019250206181,0.03181629895698279,9.0,1.4333333333333333
12186,554439,0.45942197502061694,0.12085695230052806,9.0,1.5
12187,554520,0.4593430000206158,0.1124309420119971,9.0,1.5666666666666667
12188,554733,0.4591353250206128,0.45946770039154217,9.0,1.7333333333333334
12189,554807,0.4590631750206117,0.10757530000410043,9.0,1.7
12190,554882,0.45899005002061066,0.1103038031142205,9.0,1.6333333333333333
12191,555015,0.4588603750206088,0.3388686906255316,9.0,1.7333333333333334
12192,555207,0.45867317502060606,1.3595595119986683,9.0,1.9
12193,555258,0.45862345002060534,0.24223611038178205,9.0,1.9
12194,555279,0.45860297502060504,0.10970613826066256,9.0,1.9
12195,555302,0.4585805500206047,0.1042117509059608,9.0,1.8333333333333333
12196,555325,0.4585581250206044,0.10677000659052283,9.0,1.7333333333333334
12197,555348,0.45853570002060406,0.09964023903012276,9.0,1.6333333333333333
12198,555371,0.45851327502060374,0.10732267575804144,9.0,1.6333333333333333
12199,555523,0.4583650750206016,0.6063422093866393,9.0,1.7666666666666666
12200,555546,0.45834265002060126,0.06916392757557333,9.0,1.7
12201,555617,0.45827342502060026,0.20924319582991302,9.0,1.6
12202,555668,0.45822370002059953,0.15617204835871235,9.0,1.4666666666666666
12203,555691,0.4582012750205992,0.07679246668703854,9.0,1.4666666666666666
12204,555794,0.45810085002059775,0.35521527304081246,9.0,1.5
12205,555863,0.4580335750205968,0.21790438483003527,9.0,1.5
12206,555886,0.45801115002059645,0.05273501027841121,9.0,1.4666666666666666
12207,555909,0.4579887250205961,0.050602981937117875,9.0,1.4666666666666666
12208,555932,0.4579663000205958,0.06037208472844213,9.0,1.4333333333333333
12209,555955,0.45794387502059547,0.05367905762977898,9.0,1.3666666666666667
12210,556027,0.45787367502059445,0.2052171946852468,9.0,1.4
12211,556050,0.4578512500205941,0.05419096862897277,9.0,1.3666666666666667
12212,556130,0.457773250020593,0.19208479765802622,9.0,1.3666666666666667
12213,556153,0.45775082502059267,0.05486426060087979,9.0,1.1666666666666667
12214,556223,0.4576825750205917,0.1485436534276232,9.0,1.1
12215,556246,0.45766015002059135,0.06683422008063644,9.0,1.1
12216,556362,0.4575470500205897,0.22640792548190802,9.0,1.1
12217,556413,0.457497325020589,0.0846724976436235,9.0,1.0666666666666667
12218,556544,0.45736960002058713,0.24672492855461314,9.0,1.0
12219,556767,0.457152175020584,0.4382725142640993,9.0,1.1666666666666667
12220,556820,0.4571005000205832,0.08774557837750763,9.0,1.1666666666666667
12221,557015,0.45691037502058046,0.3483654677984305,9.0,1.2333333333333334
12222,557185,0.45674462502057805,0.3707269984006416,9.0,1.2333333333333334
12223,557359,0.4565749750205756,0.35215548740234226,9.0,1.3333333333333333
12224,557380,0.4565545000205753,0.029592095699626952,9.0,1.3333333333333333
12225,557403,0.45653207502057497,0.037721701024565846,9.0,1.3333333333333333
12226,557454,0.45648235002057425,0.10599014878971502,9.0,1.3666666666666667
12227,557477,0.4564599250205739,0.037453304161317647,9.0,1.3666666666666667
12228,557526,0.4564121500205732,0.07300126127665862,9.0,1.4
12229,557704,0.4562386000205707,0.31738021067576483,9.0,1.4333333333333333
12230,557776,0.4561684000205697,0.11219103159965016,9.0,1.4666666666666666
12231,557799,0.45614597502056936,0.03832295956090093,9.0,1.4333333333333333
12232,557868,0.4560787000205684,0.13788323797052726,9.0,1.4333333333333333
12233,558005,0.45594512502056644,0.24575432235724293,9.0,1.5333333333333334
12234,558028,0.4559227000205661,0.030985085875727236,9.0,1.4666666666666666
12235,558100,0.4558525000205651,0.10727100830990821,9.0,1.4666666666666666
12236,558123,0.4558300750205648,0.029640571563504636,9.0,1.4666666666666666
12237,558172,0.4557823000205641,0.09759327545179985,9.0,1.5
12238,558195,0.45575987502056375,0.03184315102407709,9.0,1.5
12239,558388,0.455571700020561,0.3240158754051663,9.0,1.6333333333333333
12240,558411,0.4555492750205607,0.03244895747047849,9.0,1.6
12241,558576,0.45538840002055836,0.30420109172700904,9.0,1.7
12242,558694,0.4552733500205567,0.16578581751673482,9.0,1.7
12243,558715,0.4552528750205564,0.02627159215626307,9.0,1.7
12244,558890,0.4550822500205539,0.3329148717748467,9.0,1.8
12245,559016,0.45495940002055213,0.1696675187558867,9.0,1.8666666666666667
12246,559187,0.4547926750205497,0.3062452374724671,9.0,1.9333333333333333
12247,559260,0.4547215000205487,0.12346304484526627,9.0,1.9333333333333333
12248,559414,0.4545713500205465,0.2510280945280101,9.0,1.9666666666666666
12249,559606,0.4543841500205438,0.355067500640871,9.0,1.9
12250,559707,0.45428567502054235,0.15981447865488008,9.0,1.9333333333333333
12251,559730,0.454263250020542,0.0270896012079902,9.0,1.7666666666666666
12252,559885,0.4541121250205398,0.3479461776732933,9.0,1.7333333333333334
12253,559973,0.4540263250205386,0.19702681741910055,9.0,1.6666666666666667
12254,559996,0.45400390002053825,0.04459152527851984,9.0,1.6666666666666667
12255,560019,0.45398147502053793,0.1583462050766684,9.0,1.6666666666666667
12256,560137,0.45386642502053626,0.8250935177784413,9.0,1.7
12257,560206,0.4537991500205353,0.40873301995452493,9.0,1.7333333333333334
12258,560359,0.4536499750205331,0.839373339433223,9.0,1.8333333333333333
12259,560382,0.4536275500205328,0.13004315458238125,9.0,1.6666666666666667
12260,560403,0.4536070750205325,0.0862701415317133,9.0,1.6333333333333333
12261,560426,0.45358465002053217,0.09792211151216179,9.0,1.6333333333333333
12262,560449,0.45356222502053184,0.08771655475720763,9.0,1.6
12263,560639,0.45337697502052915,0.750114434515126,9.0,1.6333333333333333
12264,560775,0.4532443750205272,0.47292820148868486,9.0,1.7333333333333334
12265,560798,0.4532219500205269,0.08567444374784827,9.0,1.7
12266,560917,0.4531059250205252,0.3150621294626035,9.0,1.7666666666666666
12267,561069,0.45295772502052306,0.46736464751302265,9.0,1.8666666666666667
12268,561193,0.4528368250205213,0.32573701086221263,9.0,1.9333333333333333
12269,561246,0.45278515002052055,0.10965594771550968,9.0,1.8333333333333333
12270,561401,0.45263402502051836,0.38846625859150663,9.0,1.9333333333333333
12271,561570,0.45246925002051597,0.36629067175090313,9.0,1.9666666666666666
12272,561621,0.45241952502051525,0.09532809955999255,9.0,1.9333333333333333
12273,561644,0.4523971000205149,0.04143233195645735,9.0,1.9333333333333333
12274,561766,0.4522781500205132,0.27033506194129586,9.0,1.8666666666666667
12275,561815,0.4522303750205125,0.08042742416728288,9.0,1.8333333333333333
12276,561838,0.4522079500205122,0.03645061579300091,9.0,1.7
12277,561938,0.45211045002051076,0.2256282166345045,9.0,1.7333333333333334
12278,561961,0.45208802502051043,0.04038955894066021,9.0,1.6
12279,562078,0.4519739500205088,0.22088735940633342,9.0,1.5333333333333334
12280,562227,0.45182867502050666,0.28298528073355556,9.0,1.5666666666666667
12281,562313,0.45174482502050545,0.1382334079244174,9.0,1.6333333333333333
12282,562364,0.4516951000205047,0.08194795163581148,9.0,1.5333333333333334
12283,562511,0.45155177502050264,0.2456114207743667,9.0,1.5666666666666667
12284,562632,0.45143380002050093,0.19119385903468356,9.0,1.6333333333333333
12285,562655,0.4514113750205006,0.034704651712672785,9.0,1.6333333333333333
12286,562678,0.4513889500205003,0.04371867157169618,9.0,1.5666666666666667
12287,562727,0.4513411750204996,0.061995740252314135,9.0,1.5666666666666667
12288,562750,0.45131875002049926,0.0278770683798939,9.0,1.4333333333333333
12289,562848,0.45122320002049787,0.14082134939962998,9.0,1.5
12290,563057,0.4510194250204949,0.31095184918376617,9.0,1.6666666666666667
12291,563240,0.4508410000204923,0.26855052015162073,9.0,1.8
12292,563291,0.4507912750204916,0.09599964728113264,9.0,1.8333333333333333
12293,563314,0.4507688500204913,0.040154583868570626,9.0,1.7
12294,563337,0.45074642502049095,0.03291974059538916,9.0,1.6
12295,563386,0.45069865002049025,0.0592089535202831,9.0,1.6333333333333333
12296,563577,0.45051242502048755,0.29975757669308223,9.0,1.7
12297,563799,0.4502959750204844,0.4058887859864626,9.0,1.7666666666666666
12298,563903,0.45019457502048293,0.19049417308997363,9.0,1.7666666666666666
12299,564095,0.4500073750204802,0.39499181575956754,9.0,1.8666666666666667
12300,564277,0.44982992502047764,0.3329635254049208,9.0,1.9333333333333333
12301,564414,0.4496963500204757,0.3098813417018391,9.0,1.9333333333333333
12302,564516,0.44959690002047425,0.15123360295547172,9.0,1.9666666666666666
12303,564587,0.44952767502047325,0.10845130062079988,9.0,2.0
12304,564769,0.4493502250204707,0.3261255749966949,9.0,2.1
12305,564841,0.44928002502046965,0.11870692929369397,9.0,2.1
12306,564864,0.4492576000204693,0.03130914829671383,9.0,2.1
12307,564887,0.449235175020469,0.04429362286464311,9.0,2.033333333333333
12308,564936,0.4491874000204683,0.0850855702010449,9.0,2.066666666666667
12309,565099,0.449028475020466,0.8475853761774488,9.0,2.1
12310,565173,0.44895632502046495,0.5006254031322896,9.0,2.033333333333333
12311,565196,0.4489339000204646,0.2032447641249746,9.0,1.9666666666666666
12312,565294,0.44883835002046324,0.5180719759082422,9.0,2.0
12313,565317,0.4488159250204629,0.11818530037999153,9.0,1.9
12314,565340,0.4487935000204626,0.09923017304390669,9.0,1.8333333333333333
12315,565363,0.44877107502046226,0.11465261341072619,9.0,1.8333333333333333
12316,565547,0.44859167502045966,0.7646029853494838,9.0,1.9666666666666666
12317,565570,0.44856925002045933,0.08372467302251607,9.0,1.9333333333333333
12318,565593,0.448546825020459,0.08627729024738073,9.0,1.9333333333333333
12319,565614,0.4485263500204587,0.0553860932122916,9.0,1.8666666666666667
12320,565806,0.448339150020456,0.6516998897423036,9.0,1.8333333333333333
12321,565956,0.44819290002045387,0.47532870451686904,9.0,1.8
12322,566007,0.44814317502045314,0.17179144988767803,9.0,1.8
12323,566030,0.4481207500204528,0.0787702186498791,9.0,1.8
12324,566196,0.44795890002045047,0.43907677789684385,9.0,1.9
12325,566217,0.44793842502045017,0.07946876966161653,9.0,1.8666666666666667
12326,566268,0.44788870002044945,0.10500275011872873,9.0,1.7666666666666666
12327,566321,0.4478370250204487,0.121320144564379,9.0,1.6
12328,566344,0.4478146000204484,0.07137376081664115,9.0,1.5333333333333334
12329,566367,0.44779217502044805,0.07272621057927608,9.0,1.4
12330,566390,0.4477697500204477,0.052115898579359055,9.0,1.2333333333333334
12331,566441,0.447720025020447,0.11570742964977399,9.0,1.1333333333333333
12332,566525,0.4476381250204458,0.18419443641323596,9.0,1.1333333333333333
12333,566625,0.4475406250204444,0.1892571899225004,9.0,1.1666666666666667
12334,566697,0.4474704250204434,0.11845556960906833,9.0,1.0333333333333334
12335,566818,0.44735245002044166,0.2750989954220131,9.0,1.0666666666666667
12336,566917,0.44725592502044026,0.1698622234398499,9.0,1.1333333333333333
12337,566938,0.44723545002043996,0.029633013007696718,9.0,1.1333333333333333
12338,567006,0.447169150020439,0.12619388924213126,9.0,1.1333333333333333
12339,567029,0.4471467250204387,0.03858629596652463,9.0,1.0333333333333334
12340,567158,0.44702095002043685,0.19848132325569168,9.0,1.1
12341,567240,0.4469410000204357,0.12251329782884568,9.0,1.1666666666666667
12342,567263,0.44691857502043536,0.028801011387258768,9.0,1.1
12343,567286,0.44689615002043503,0.03756388183683157,9.0,1.1
12344,567454,0.44673235002043266,0.3044333621219266,9.0,1.2
12345,567507,0.4466806750204319,0.09993686791858636,9.0,1.2333333333333334
12346,567723,0.44647007502042885,0.37845081771956757,9.0,1.3
12347,567746,0.4464476500204285,0.04008319415152073,9.0,1.3
12348,567769,0.4464252250204282,0.027529019309440628,9.0,1.3
12349,567871,0.44632577502042675,0.16461750425514765,9.0,1.3666666666666667
12350,567922,0.44627605002042603,0.07881118298973888,9.0,1.2666666666666666
12351,568106,0.4460966500204234,0.24133273769984953,9.0,1.3
12352,568157,0.4460469250204227,0.07709509663982317,9.0,1.3
12353,568180,0.4460245000204224,0.03476902417605743,9.0,1.3
12354,568233,0.4459728250204216,0.10068258055252954,9.0,1.2333333333333334
12355,568412,0.4457983000204191,0.2778036557137966,9.0,1.3333333333333333
12356,568546,0.4456676500204172,0.2671950160583947,9.0,1.4
12357,568597,0.44561792502041647,0.09936189037398435,9.0,1.4
12358,568620,0.44559550002041615,0.03354733623564243,9.0,1.4
12359,568705,0.44551262502041494,0.14738521026447415,9.0,1.4666666666666666
12360,568728,0.4454902000204146,0.0333977690897882,9.0,1.4666666666666666
12361,568800,0.4454200000204136,0.11620783153921366,9.0,1.4666666666666666
12362,568949,0.4452747250204115,0.2557436108472757,9.0,1.5
12363,569000,0.44522500002041077,0.06552259440650232,9.0,1.4666666666666666
12364,569153,0.4450758250204086,0.2705138293968048,9.0,1.5666666666666667
12365,569330,0.4449032500204061,0.4373454469605349,9.0,1.6333333333333333
12366,569353,0.44488082502040577,0.03766261989949271,9.0,1.5666666666666667
12367,569374,0.44486035002040547,0.02566139871487394,9.0,1.5666666666666667
12368,569538,0.44470045002040315,0.24919738361495547,9.0,1.6333333333333333
12369,569622,0.44461855002040196,0.21786791636259295,9.0,1.7
12370,569645,0.44459612502040163,0.057250671670772135,9.0,1.6
12371,569668,0.4445737000204013,0.0430407925741747,9.0,1.5333333333333334
12372,569691,0.444551275020401,0.04758855269756168,9.0,1.5333333333333334
12373,569714,0.44452885002040066,0.05211023986339569,9.0,1.5333333333333334
12374,569834,0.44441185002039896,0.19809638409060426,9.0,1.5
12375,569906,0.44434165002039794,0.12771771446568891,9.0,1.5
12376,570023,0.4442275750203963,0.37469501147279516,9.0,1.4
12377,570046,0.44420515002039596,0.19166398514062166,9.0,1.4
12378,570200,0.4440550000203938,0.9588240748271346,9.0,1.5333333333333334
12379,570221,0.4440345250203935,0.115189892007038,9.0,1.4666666666666666
12380,570340,0.4439185000203918,0.6090836536604911,9.0,1.5
12381,570391,0.44386877502039107,0.246371838147752,9.0,1.4
12382,570513,0.44374982502038934,0.5615814954508096,9.0,1.4333333333333333
12383,570536,0.443727400020389,0.08668746496550739,9.0,1.4333333333333333
12384,570559,0.4437049750203887,0.1260110861621797,9.0,1.4
12385,570582,0.44368255002038837,0.07017999968957156,9.0,1.3
12386,570654,0.44361235002038735,0.2252594487508759,9.0,1.2333333333333334
12387,570755,0.4435138750203859,0.3641206962056458,9.0,1.2666666666666666
12388,570873,0.44339882502038425,0.35823094664374366,9.0,1.3333333333333333
12389,570958,0.44331595002038304,0.2437325586215593,9.0,1.3333333333333333
12390,571110,0.4431677500203809,0.39951051358366385,9.0,1.4333333333333333
12391,571278,0.4430039500203785,0.34767954249400645,9.0,1.5
12392,571347,0.44293667502037753,0.1471255564247258,9.0,1.4333333333333333
12393,571397,0.4428879250203768,0.11814993538428098,9.0,1.4333333333333333
12394,571549,0.4427397250203747,0.3923842561489437,9.0,1.4
12395,571572,0.44271730002037435,0.11282753327395767,9.0,1.2666666666666666
12396,571595,0.442694875020374,0.04859366884920746,9.0,1.2666666666666666
12397,571644,0.44264710002037333,0.09334547241451219,9.0,1.3
12398,571667,0.442624675020373,0.09515411255415529,9.0,1.2
12399,571856,0.44244040002037033,0.38641971923061647,9.0,1.2666666666666666
12400,571879,0.44241797502037,0.08770491677569225,9.0,1.2666666666666666
12401,571902,0.4423955500203697,0.04176713840570301,9.0,1.2666666666666666
12402,572068,0.4422337000203673,0.29831888107582927,9.0,1.4
12403,572270,0.44203675002036447,0.41215517194359563,9.0,1.6
12404,572293,0.44201432502036414,0.03634114726446569,9.0,1.5333333333333334
12405,572316,0.4419919000203638,0.029743762162979692,9.0,1.5
12406,572552,0.4417618000203605,0.4455198999203276,9.0,1.6
12407,572573,0.4417413250203602,0.042641189065761864,9.0,1.6
12408,572766,0.44155315002035744,0.4140828608069569,9.0,1.6
12409,572789,0.4415307250203571,0.04523810633691028,9.0,1.6
12410,572912,0.4414108000203554,0.22971672500716522,9.0,1.6
12411,573030,0.4412957500203537,0.16907977382652462,9.0,1.6333333333333333
12412,573132,0.44119630002035226,0.13254598455387168,9.0,1.6333333333333333
12413,573155,0.44117387502035194,0.052999208332039416,9.0,1.6333333333333333
12414,573258,0.4410734500203505,0.17632251954637468,9.0,1.7
12415,573279,0.4410529750203502,0.03317693871213123,9.0,1.7
12416,573482,0.4408550500203473,0.29647227009991184,9.0,1.8666666666666667
12417,573551,0.44078777502034633,0.10427406479720958,9.0,1.8333333333333333
12418,573574,0.440765350020346,0.04265717335510999,9.0,1.7666666666666666
12419,573597,0.4407429250203457,0.04298802209086716,9.0,1.7
12420,573726,0.44061715002034385,0.1847451505891513,9.0,1.7
12421,573877,0.4404699250203417,0.20219385871314444,9.0,1.7
12422,574031,0.44031977502033953,0.2745593987638131,9.0,1.8
12423,574054,0.4402973500203392,0.0652708710404113,9.0,1.7666666666666666
12424,574077,0.4402749250203389,0.04313073807861656,9.0,1.6666666666666667
12425,574100,0.44025250002033856,0.0383722452679649,9.0,1.6666666666666667
12426,574123,0.44023007502033823,0.04400732577778399,9.0,1.6666666666666667
12427,574245,0.4401111250203365,0.1670508059032727,9.0,1.7
12428,574398,0.43996195002033434,0.18838537725969218,9.0,1.8333333333333333
12429,574519,0.4398439750203326,0.14728848193772137,9.0,1.7666666666666666
12430,574572,0.43979230002033187,0.1624517865711823,9.0,1.8
12431,574595,0.43976987502033155,0.06284955202136189,9.0,1.8
12432,574747,0.4396216750203294,0.26810510744689964,9.0,1.7666666666666666
12433,574896,0.4394764000203273,0.20669280798756517,9.0,1.6666666666666667
12434,574919,0.43945397502032696,0.03735700319521129,9.0,1.6666666666666667
12435,575020,0.43935550002032553,0.2644936448778026,9.0,1.7333333333333334
12436,575043,0.4393330750203252,0.174152459949255,9.0,1.5333333333333334
12437,575066,0.4393106500203249,0.24697011336684227,9.0,1.5333333333333334
12438,575260,0.43912150002032213,1.1707655331119895,9.0,1.5666666666666667
12439,575313,0.4390698250203214,0.2645933360327035,9.0,1.6
12440,575336,0.43904740002032105,0.1170670771971345,9.0,1.5333333333333334
12441,575359,0.43902497502032073,0.09694977768231183,9.0,1.4666666666666666
12442,575382,0.4390025500203204,0.10942275042179972,9.0,1.4
12443,575449,0.43893722502031945,0.2833663444034755,9.0,1.4333333333333333
12444,575644,0.4387471000203167,0.7467851520050317,9.0,1.5333333333333334
12445,575715,0.4386778750203157,0.28020003339042887,9.0,1.5666666666666667
12446,575926,0.4384721500203127,0.7290107087465003,9.0,1.5333333333333334
12447,576096,0.4383064000203103,0.48703447153093293,9.0,1.6333333333333333
12448,576119,0.43828397502030997,0.07311579713132232,9.0,1.6333333333333333
12449,576243,0.4381630750203082,0.2424648337182589,9.0,1.7
12450,576266,0.4381406500203079,0.05194237595424056,9.0,1.6
12451,576289,0.43811822502030756,0.053984193596988916,9.0,1.5
12452,576312,0.43809580002030724,0.06088354258099571,9.0,1.3666666666666667
12453,576335,0.4380733750203069,0.06581081787589937,9.0,1.3666666666666667
12454,576358,0.4380509500203066,0.05023233103565872,9.0,1.3666666666666667
12455,576560,0.4378540000203037,0.46726321085589007,9.0,1.5666666666666667
12456,576583,0.4378315750203034,0.07881612377241254,9.0,1.5666666666666667
12457,576606,0.4378091500203031,0.07419188838684931,9.0,1.5
12458,576728,0.43769020002030135,0.30321684811497107,9.0,1.4333333333333333
12459,576849,0.43757222502029963,0.3032187798526138,9.0,1.4333333333333333
12460,576926,0.43749715002029854,0.13226617249893025,9.0,1.4333333333333333
12461,577028,0.4373977000202971,0.1773273053113371,9.0,1.5
12462,577097,0.4373304250202961,0.13871876004850492,9.0,1.4333333333333333
12463,577120,0.4373080000202958,0.036063519888557494,9.0,1.3333333333333333
12464,577270,0.43716175002029367,0.25313824001932517,9.0,1.4333333333333333
12465,577293,0.43713932502029335,0.03382031136425212,9.0,1.3666666666666667
12466,577379,0.43705547502029213,0.15626014381996356,9.0,1.4333333333333333
12467,577431,0.4370047750202914,0.07609007766586728,9.0,1.4666666666666666
12468,577454,0.43698235002029107,0.032143071439350024,9.0,1.3
12469,577667,0.43677467502028805,0.44314912261324935,9.0,1.4333333333333333
12470,577794,0.43665085002028625,0.24556783033767715,9.0,1.5333333333333334
12471,577866,0.43658065002028523,0.1750830368255265,9.0,1.5666666666666667
12472,577917,0.4365309250202845,0.0901374111417681,9.0,1.6
12473,577938,0.4365104500202842,0.033693969424348325,9.0,1.5666666666666667
12474,577961,0.4364880250202839,0.100424328178633,9.0,1.4
12475,577984,0.43646560002028356,0.05438320286339149,9.0,1.3666666666666667
12476,578007,0.43644317502028324,0.048812135588377714,9.0,1.2
12477,578160,0.43629400002028107,0.2485901118197944,9.0,1.2
12478,578283,0.43617407502027933,0.30214040185092017,9.0,1.2666666666666666
12479,578481,0.4359810250202765,0.35149640461895615,9.0,1.3666666666666667
12480,578602,0.4358630500202748,0.15887836410547607,9.0,1.4333333333333333
12481,578731,0.435737275020273,0.24540680952486582,9.0,1.5333333333333334
12482,578754,0.43571485002027266,0.04730500793084502,9.0,1.5333333333333334
12483,578852,0.43561930002027127,0.1704466020455584,9.0,1.6
12484,578935,0.4355383750202701,0.13361941778566688,9.0,1.6666666666666667
12485,579122,0.43535605002026745,0.28243265466880985,9.0,1.6
12486,579237,0.4352439250202658,0.191169392230222,9.0,1.7
12487,579260,0.4352215000202655,0.028901111101731658,9.0,1.7
12488,579442,0.4350440500202629,0.25657825713278726,9.0,1.7666666666666666
12489,579493,0.4349943250202622,0.07552540412871167,9.0,1.7333333333333334
12490,579546,0.43494265002026145,0.09306080441456288,9.0,1.7333333333333334
12491,579717,0.434775925020259,0.2476810153457336,9.0,1.7666666666666666
12492,579986,0.4345136500202552,0.3677875241264701,9.0,1.9666666666666666
12493,580068,0.43443370002025405,0.5747157863224857,9.0,2.033333333333333
12494,580261,0.4342455250202513,1.3950408672681078,9.0,2.1
12495,580284,0.434223100020251,0.0926327338675037,9.0,2.1
12496,580307,0.43420067502025067,0.10829521052073687,9.0,2.033333333333333
12497,580328,0.4341802000202504,0.08523712016176432,9.0,2.0
12498,580349,0.4341597250202501,0.10274782485794276,9.0,2.0
12499,580535,0.43397837502024744,0.8466178509988822,9.0,1.9666666666666666
12500,580615,0.4339003750202463,0.4057706731255166,9.0,1.9333333333333333
12501,580685,0.4338321250202453,0.22959842334967107,9.0,1.9333333333333333
12502,580786,0.4337336500202439,0.31577903032302856,9.0,1.9666666666666666
12503,580838,0.43368295002024315,0.15283589909086004,9.0,2.0
12504,580861,0.4336605250202428,0.07025372900534421,9.0,2.0
12505,580884,0.4336381000202425,0.06993616349063814,9.0,2.0
12506,580984,0.4335406000202411,0.3124479079269804,9.0,2.066666666666667
12507,581175,0.4333543750202384,0.4455060097971,9.0,2.1
12508,581242,0.43328905002023743,0.1540258891764097,9.0,2.066666666666667
12509,581361,0.43317302502023575,0.2580131765571423,9.0,1.9666666666666666
12510,581430,0.43310575002023477,0.19107358733890578,9.0,1.9333333333333333
12511,581640,0.4329010000202318,0.4231632240116596,9.0,2.0
12512,581663,0.43287857502023147,0.04356797080254182,9.0,2.0
12513,581817,0.4327284250202293,0.28953972592717037,9.0,2.033333333333333
12514,581891,0.43265627502022824,0.11420042032841593,9.0,2.0
12515,581995,0.43255487502022677,0.20323767751688138,9.0,1.9333333333333333
12516,582143,0.4324105750202247,0.23665040315245278,9.0,1.9333333333333333
12517,582271,0.43228577502022286,0.23625857156002894,9.0,2.033333333333333
12518,582294,0.43226335002022254,0.03701993898721412,9.0,1.9
12519,582410,0.4321502500202209,0.2093664660351351,9.0,1.9333333333333333
12520,582431,0.4321297750202206,0.046554781816666946,9.0,1.9
12521,582482,0.4320800500202199,0.08105168875772506,9.0,1.8333333333333333
12522,582612,0.43195330002021803,0.21977098868228495,9.0,1.7
12523,582729,0.4318392250202164,0.16967718981322832,9.0,1.7
12524,582813,0.4317573250202152,0.1261103709693998,9.0,1.6
12525,582836,0.43173490002021486,0.033231510751647875,9.0,1.6
12526,582907,0.43166567502021386,0.11610960646066815,9.0,1.6333333333333333
12527,582980,0.4315945000202128,0.10889066153322347,9.0,1.6666666666666667
12528,583001,0.4315740250202125,0.02509381648269482,9.0,1.6666666666666667
12529,583189,0.43139072502020986,0.27384618227370083,9.0,1.6666666666666667
12530,583210,0.43137025002020957,0.03950709255877882,9.0,1.6
12531,583233,0.43134782502020924,0.03952869510976598,9.0,1.5666666666666667
12532,583413,0.4311723250202067,0.23516095924424008,9.0,1.6666666666666667
12533,583436,0.43114990002020637,0.028803364490158856,9.0,1.6333333333333333
12534,583459,0.43112747502020604,0.03970644308719784,9.0,1.6333333333333333
12535,583528,0.43106020002020506,0.11053611343959346,9.0,1.6666666666666667
12536,583597,0.4309929250202041,0.17655356117757037,9.0,1.6333333333333333
12537,583620,0.43097050002020376,0.03288365242769942,9.0,1.4666666666666666
12538,583766,0.4308281500202017,0.16822886129375547,9.0,1.5333333333333334
12539,583918,0.43067995002019954,0.27330271125538275,9.0,1.5666666666666667
12540,583941,0.4306575250201992,0.028850305010564625,9.0,1.5333333333333334
12541,583964,0.4306351000201989,0.048076843784656376,9.0,1.3666666666666667
12542,583987,0.43061267502019857,0.035469745693262666,9.0,1.3666666666666667
12543,584010,0.43059025002019824,0.028827652684412897,9.0,1.2666666666666666
12544,584033,0.4305678250201979,0.04149939969647676,9.0,1.2333333333333334
12545,584102,0.43050055002019694,0.10306691317236982,9.0,1.2
12546,584184,0.4304206000201958,0.10156480254954658,9.0,1.1666666666666667
12547,584237,0.430368925020195,0.06819843838457018,9.0,1.1
12548,584308,0.430299700020194,0.1005970805126708,9.0,1.1333333333333333
12549,584440,0.43017100002019215,0.20208639022894204,9.0,1.1666666666666667
12550,584509,0.4301037250201912,0.08521879854379222,9.0,1.2
12551,584581,0.43003352502019015,0.09835023985942826,9.0,1.2
12552,584604,0.43001110002018983,0.027929785865126178,9.0,1.1
12553,584685,0.4299321250201887,0.1085181029047817,9.0,1.1
12554,584754,0.4298648500201877,0.13079928478691727,9.0,1.0666666666666667
12555,584837,0.42978392502018653,0.09389841521624476,9.0,1.1333333333333333
12556,584888,0.4297342000201858,0.0624773092858959,9.0,1.1333333333333333
12557,584938,0.4296854500201851,0.05968505563214421,9.0,1.1333333333333333
12558,585019,0.42960647502018395,0.21466500018141232,9.0,1.2
12559,585042,0.4295840500201836,0.16203059977851808,9.0,1.0666666666666667
12560,585065,0.4295616250201833,0.13610406941734254,9.0,1.0666666666666667
12561,585163,0.4294660750201819,0.7174390036379918,9.0,1.1333333333333333
12562,585214,0.4294163500201812,0.3029632898978889,9.0,1.0
12563,585313,0.4293198250201798,0.46098432049620897,9.0,1.0666666666666667
12564,585416,0.42921940002017833,0.4506263320799917,9.0,1.1333333333333333
12565,585540,0.4290985000201766,0.4745664115762338,9.0,1.1666666666666667
12566,585711,0.42893177502017416,0.6057889867806807,9.0,1.2666666666666666
12567,585734,0.42890935002017383,0.06509730638936162,9.0,1.2666666666666666
12568,585757,0.4288869250201735,0.0718611745396629,9.0,1.1666666666666667
12569,585780,0.4288645000201732,0.07258816092507914,9.0,1.0666666666666667
12570,585934,0.428714350020171,0.40162169391987845,9.0,1.2
12571,585957,0.42869192502017067,0.07523006689734757,9.0,1.2
12572,586026,0.4286246500201697,0.1712587713263929,9.0,1.2333333333333334
12573,586178,0.42847645002016754,0.32102579047204927,9.0,1.3666666666666667
12574,586294,0.4283633500201659,0.26871084317099303,9.0,1.4333333333333333
12575,586317,0.4283409250201656,0.04963351180776954,9.0,1.4
12576,586415,0.4282453750201642,0.2008497320348397,9.0,1.4
12577,586483,0.4281790750201632,0.10837680636905134,9.0,1.4
12578,586506,0.4281566500201629,0.041466550319455564,9.0,1.3666666666666667
12579,586679,0.42798797502016045,0.4066857210127637,9.0,1.4
12580,586846,0.4278251500201581,0.30674137256573886,9.0,1.5
12581,587051,0.4276252750201552,0.45947789421188645,9.0,1.6666666666666667
12582,587172,0.42750730002015347,0.21906554861925542,9.0,1.7333333333333334
12583,587193,0.42748682502015317,0.04615895199822262,9.0,1.6666666666666667
12584,587214,0.4274663500201529,0.03520115528954193,9.0,1.6333333333333333
12585,587282,0.4274000500201519,0.1241841804003343,9.0,1.6
12586,587352,0.4273318000201509,0.17476270900806412,9.0,1.6
12587,587424,0.4272616000201499,0.15588022978045046,9.0,1.6
12588,587561,0.42712802502014796,0.2603294116561301,9.0,1.6333333333333333
12589,587752,0.42694180002014526,0.3022780512692407,9.0,1.7666666666666666
12590,587775,0.42691937502014493,0.030965262558311224,9.0,1.7666666666666666
12591,587945,0.4267536250201425,0.3192258194030728,9.0,1.8333333333333333
12592,588112,0.42659080002014016,0.2531337592517957,9.0,1.9333333333333333
12593,588135,0.42656837502013983,0.03573236981173977,9.0,1.8666666666666667
12594,588236,0.4264699000201384,0.1366705210530199,9.0,1.8666666666666667
12595,588259,0.4264474750201381,0.036472054896876216,9.0,1.8
12596,588282,0.42642505002013775,0.04825357859954238,9.0,1.6666666666666667
12597,588453,0.42625832502013533,0.2600933623034507,9.0,1.8
12598,588476,0.426235900020135,0.030563911830540746,9.0,1.8
12599,588579,0.42613547502013355,0.19882665717159398,9.0,1.8666666666666667
12600,588678,0.42603895002013215,0.21295105072204024,9.0,1.8
12601,588914,0.4258088500201288,0.39633601836976595,9.0,2.0
12602,588964,0.4257601000201281,0.11013296278542839,9.0,2.0
12603,588987,0.42573767502012777,0.036205329350195825,9.0,1.8666666666666667
12604,589141,0.4255875250201256,0.2658190362271853,9.0,1.9333333333333333
12605,589299,0.42543347502012335,0.28923387700342573,9.0,2.066666666666667
12606,589368,0.4253662000201224,0.12546641880180687,9.0,2.033333333333333
12607,589391,0.42534377502012205,0.04019175056600943,9.0,2.0
12608,589442,0.42529405002012133,0.07089900015853345,9.0,2.033333333333333
12609,589543,0.4251955750201199,0.17169577191816643,9.0,1.9666666666666666
12610,589644,0.42509710002011847,0.15266415936639532,9.0,1.9
12611,589667,0.42507467502011814,0.030535665166098624,9.0,1.7
12612,589718,0.4250249500201174,0.07762417060439475,9.0,1.6666666666666667
12613,589741,0.4250025250201171,0.046216341434046626,9.0,1.6666666666666667
12614,589764,0.42498010002011677,0.04682130157016218,9.0,1.6666666666666667
12615,589886,0.42486115002011504,0.20808803103864193,9.0,1.7
12616,589937,0.4248114250201143,0.06592322187498212,9.0,1.7
12617,589960,0.424789000020114,0.02733393872040324,9.0,1.6666666666666667
12618,590112,0.42464080002011184,0.9534455803805031,9.0,1.7
12619,590279,0.4244779750201095,0.8418268667301163,9.0,1.6666666666666667
12620,590351,0.42440777502010846,0.2916547650238499,9.0,1.7
12621,590374,0.42438535002010813,0.11349599726963788,9.0,1.5666666666666667
12622,590425,0.4243356250201074,0.208839668543078,9.0,1.4666666666666666
12623,590663,0.42410357502010404,0.799195374478586,9.0,1.6666666666666667
12624,590815,0.4239553750201019,0.3935002383077517,9.0,1.7
12625,590838,0.42393295002010156,0.05046303535345942,9.0,1.7
12626,590955,0.4238188750200999,0.2961116155493073,9.0,1.7666666666666666
12627,591108,0.42366970002009774,0.3301609416375868,9.0,1.7666666666666666
12628,591131,0.4236472750200974,0.05305134929949418,9.0,1.7666666666666666
12629,591154,0.4236248500200971,0.038120034732855856,9.0,1.7
12630,591225,0.4235556250200961,0.16926062479615211,9.0,1.6666666666666667
12631,591248,0.42353320002009576,0.03983388975029811,9.0,1.4666666666666666
12632,591438,0.42334795002009307,0.3379728230065666,9.0,1.5666666666666667
12633,591639,0.4231519750200902,0.4009265396161936,9.0,1.7666666666666666
12634,591662,0.4231295500200899,0.04130792472278699,9.0,1.6333333333333333
12635,591732,0.4230613000200889,0.16225888481130823,9.0,1.5333333333333334
12636,591920,0.42287800002008624,0.34522482607280836,9.0,1.6333333333333333
12637,591943,0.4228555750200859,0.03146211931016296,9.0,1.6333333333333333
12638,591966,0.4228331500200856,0.029186141269747168,9.0,1.6
12639,591987,0.4228126750200853,0.054344327887520194,9.0,1.5333333333333334
12640,592109,0.42269372502008357,0.2304895991110243,9.0,1.5333333333333334
12641,592132,0.42267130002008324,0.04257300851168111,9.0,1.5333333333333334
12642,592368,0.4224412000200799,0.4290137627685908,9.0,1.7
12643,592391,0.4224187750200796,0.05606658587930724,9.0,1.7
12644,592414,0.42239635002007925,0.042543084593489766,9.0,1.7
12645,592437,0.4223739250200789,0.0471523356391117,9.0,1.6333333333333333
12646,592460,0.4223515000200786,0.046034570899792016,9.0,1.6
12647,592483,0.42232907502007827,0.049502501235110685,9.0,1.6
12648,592647,0.42216917502007595,0.2794682946696412,9.0,1.5666666666666667
12649,592750,0.4220687500200745,0.1400875236140564,9.0,1.5333333333333334
12650,592773,0.42204632502007416,0.04713757231365889,9.0,1.5
12651,592857,0.421964425020073,0.11203016029321589,9.0,1.5666666666666667
12652,592909,0.42191372502007224,0.07379090081667528,9.0,1.5666666666666667
12653,592981,0.4218435250200712,0.0937239023623988,9.0,1.4
12654,593151,0.4216777750200688,0.20598177346982993,9.0,1.4333333333333333
12655,593174,0.4216553500200685,0.03164247190579772,9.0,1.4333333333333333
12656,593225,0.42160562502006776,0.06834438841906376,9.0,1.4
12657,593296,0.42153640002006676,0.09973651776090264,9.0,1.3
12658,593514,0.4213238500200637,0.252219674148364,9.0,1.4666666666666666
12659,593590,0.4212497500200626,0.15840067685348913,9.0,1.5
12660,593780,0.4210645000200599,0.4143251187633723,9.0,1.6
12661,593911,0.42093677502005805,0.21888034977018833,9.0,1.7
12662,594085,0.4207671250200556,0.23661977937445045,9.0,1.7
12663,594160,0.4206940000200545,0.1292049887124449,9.0,1.5333333333333334
12664,594183,0.4206715750200542,0.03445435260073282,9.0,1.5333333333333334
12665,594206,0.4206491500200539,0.03456571191782132,9.0,1.5
12666,594229,0.42062672502005355,0.030597287259297445,9.0,1.3666666666666667
12667,594311,0.4205467750200524,0.11891693326469976,9.0,1.4333333333333333
12668,594364,0.42049510002005164,0.07923101706546731,9.0,1.4666666666666666
12669,594385,0.42047462502005134,0.024399701709626243,9.0,1.4666666666666666
12670,594408,0.420452200020051,0.025699433812405914,9.0,1.4
12671,594508,0.4203547000200496,0.16449716017814353,9.0,1.4666666666666666
12672,594531,0.4203322750200493,0.033062724862247705,9.0,1.2666666666666666
12673,594552,0.420311800020049,0.03153015667339787,9.0,1.2666666666666666
12674,594730,0.42013825002004646,0.24760270668775775,9.0,1.4333333333333333
12675,594782,0.4200875500200457,0.07687314893701114,9.0,1.4666666666666666
12676,594805,0.4200651250200454,0.030573115131119266,9.0,1.4666666666666666
12677,594889,0.4199832250200442,0.11842501198407263,9.0,1.5333333333333334
12678,595095,0.4197823750200413,0.8278368672181387,9.0,1.6333333333333333
12679,595248,0.4196332000200391,0.9395595194073394,9.0,1.6666666666666667
12680,595370,0.4195142500200374,0.6040973725030199,9.0,1.7333333333333334
12681,595421,0.41946452502003667,0.21362580347340554,9.0,1.7
12682,595492,0.41939530002003567,0.2837302255211398,9.0,1.7
12683,595564,0.41932510002003465,0.25177168380469084,9.0,1.7
12684,595665,0.4192266250200332,0.33663071203045547,9.0,1.6333333333333333
12685,595688,0.4192042000200329,0.1368003523675725,9.0,1.6333333333333333
12686,595740,0.41915350002003215,0.14908786525484174,9.0,1.6333333333333333
12687,596000,0.4189000000200285,0.7589850628573913,9.0,1.8333333333333333
12688,596021,0.4188795250200282,0.04525067354552448,9.0,1.6666666666666667
12689,596214,0.41869135002002544,0.6215865410631523,9.0,1.8
12690,596266,0.4186406500200247,0.1491317079635337,9.0,1.7
12691,596336,0.4185724000200237,0.18471951223909855,9.0,1.6333333333333333
12692,596359,0.4185499750200234,0.06164932408137247,9.0,1.5
12693,596382,0.41852755002002306,0.073432031145785,9.0,1.4666666666666666
12694,596405,0.41850512502002274,0.0413914785021916,9.0,1.4666666666666666
12695,596428,0.4184827000200224,0.0737332968856208,9.0,1.4666666666666666
12696,596510,0.41840275002002125,0.1769627954927273,9.0,1.5333333333333334
12697,596562,0.4183520500200205,0.10252471710555255,9.0,1.5
12698,596615,0.41830037502001977,0.1223251381306909,9.0,1.5
12699,596638,0.41827795002001944,0.05872908158926293,9.0,1.5
12700,596659,0.41825747502001914,0.07007930061081424,9.0,1.5
12701,596759,0.4181599750200177,0.19930063805077225,9.0,1.5
12702,596831,0.4180897750200167,0.1354764211573638,9.0,1.5333333333333334
12703,596854,0.4180673500200164,0.0327578786527738,9.0,1.5333333333333334
12704,596903,0.4180195750200157,0.09937685530167073,9.0,1.4
12705,596926,0.41799715002001536,0.07127613210468553,9.0,1.3666666666666667
12706,596949,0.41797472502001504,0.04410184139851481,9.0,1.3666666666666667
12707,597019,0.41790647502001405,0.13463155960198492,9.0,1.3333333333333333
12708,597091,0.417836275020013,0.13177799768163823,9.0,1.1666666666666667
12709,597166,0.41776315002001196,0.16018602205440402,9.0,1.1
12710,597189,0.41774072502001164,0.04328003813861869,9.0,1.0333333333333334
12711,597292,0.4176403000200102,0.1531848356826231,9.0,1.0666666666666667
12712,597313,0.4176198250200099,0.0417584627866745,9.0,1.0333333333333334
12713,597413,0.41752232502000847,0.18429995432961732,9.0,1.0666666666666667
12714,597482,0.4174550500200075,0.18785399454645813,9.0,1.0333333333333334
12715,597620,0.41732050002000554,0.23449107550550252,9.0,1.1333333333333333
12716,597702,0.4172405500200044,0.11531339207431301,9.0,1.1666666666666667
12717,597903,0.41704457502000153,0.33726548109552823,9.0,1.1333333333333333
12718,597955,0.4169938750200008,0.08794449648121372,9.0,1.1666666666666667
12719,598008,0.41694220002000004,0.08434563525952399,9.0,1.0333333333333334
12720,598189,0.4167657250199975,0.32658684396301396,9.0,1.1333333333333333
12721,598240,0.41671600001999676,0.14679982588859275,9.0,1.1333333333333333
12722,598312,0.41664580001999574,0.12138553729164414,9.0,1.1666666666666667
12723,598415,0.4165453750199943,0.14788442690041848,9.0,1.2333333333333334
12724,598489,0.41647322501999323,0.18443336931522936,9.0,1.2666666666666666
12725,598566,0.41639815001999214,0.11943571612937376,9.0,1.3
12726,598589,0.4163757250199918,0.051774678053334355,9.0,1.2333333333333334
12727,598640,0.4163260000199911,0.07948121184017509,9.0,1.2333333333333334
12728,598693,0.41627432501999034,0.08347542144474573,9.0,1.2333333333333334
12729,598716,0.41625190001999,0.04185981262708083,9.0,1.2333333333333334
12730,598787,0.416182675019989,0.15561150724533945,9.0,1.2666666666666666
12731,598810,0.4161602500199887,0.056846597930416465,9.0,1.2
12732,598957,0.4160169250199866,0.212943620106671,9.0,1.2666666666666666
12733,599008,0.4159672000199859,0.06636749272001907,9.0,1.3
12734,599161,0.4158180250199837,0.23417632348719053,9.0,1.4
12735,599214,0.41576635001998297,0.10158736028824933,9.0,1.4333333333333333
12736,599365,0.41561912501998083,0.21421813950291835,9.0,1.5333333333333334
12737,599388,0.4155967000199805,0.028665582765825093,9.0,1.5
12738,599441,0.41554502501997975,0.07017350126989186,9.0,1.5
12739,599462,0.41552455001997946,0.032622335565974936,9.0,1.4666666666666666
12740,599514,0.4154738500199787,0.07694770253146999,9.0,1.5
12741,599709,0.41528372501997596,0.28901592787588015,9.0,1.6
12742,599758,0.41523595001997526,0.13672216513077728,9.0,1.6333333333333333
12743,599917,0.415080925019973,0.3277168017812073,9.0,1.7
12744,599940,0.4150585000199727,0.04457797639770433,9.0,1.6666666666666667
12745,600088,0.4149142000199706,0.6889195375842974,9.0,1.6666666666666667
12746,600139,0.41486447501996987,0.32400207151658833,9.0,1.6333333333333333
12747,600162,0.41484205001996954,0.14661704376339912,9.0,1.4333333333333333
12748,600185,0.4148196250199692,0.1726914867758751,9.0,1.4
12749,600206,0.4147991500199689,0.14685124647803605,9.0,1.3666666666666667
12750,600277,0.4147299250199679,0.5000908888177946,9.0,1.2666666666666666
12751,600594,0.4144208500199634,1.4034323144005612,9.0,1.5
12752,600617,0.4143984250199631,0.11798307509161532,9.0,1.4666666666666666
12753,600689,0.4143282250199621,0.36124904261669144,9.0,1.4333333333333333
12754,600712,0.41430580001996176,0.08689093694556504,9.0,1.4
12755,600733,0.41428532501996146,0.06014617008622736,9.0,1.3666666666666667
12756,600756,0.41426290001996113,0.0727248212788254,9.0,1.3666666666666667
12757,600869,0.41415272501995953,0.44915593799669296,9.0,1.4333333333333333
12758,600955,0.4140688750199583,0.3078505364828743,9.0,1.4666666666666666
12759,601008,0.41401720001995757,0.14611209568101913,9.0,1.5
12760,601114,0.41391385001995606,0.3321953870472498,9.0,1.5333333333333334
12761,601264,0.41376760001995394,0.3574358810437843,9.0,1.6333333333333333
12762,601287,0.4137451750199536,0.11567354114959016,9.0,1.5333333333333334
12763,601308,0.4137247000199533,0.0611390887061134,9.0,1.5
12764,601331,0.413702275019953,0.08624612394487485,9.0,1.3666666666666667
12765,601384,0.41365060001995224,0.13124090828932822,9.0,1.3666666666666667
12766,601501,0.4135365250199506,0.3350606257445179,9.0,1.3333333333333333
12767,601524,0.41351410001995026,0.09406925999792293,9.0,1.3333333333333333
12768,601606,0.4134341500199491,0.18219708872493356,9.0,1.3666666666666667
12769,601674,0.41336785001994814,0.11836357420543209,9.0,1.4
12770,601869,0.4131777250199454,0.40303702547680587,9.0,1.5
12771,601892,0.41315530001994505,0.0431468301685527,9.0,1.3333333333333333
12772,602011,0.41303927501994336,0.22285636025480926,9.0,1.3666666666666667
12773,602147,0.41290667501994144,0.2522849953675177,9.0,1.3666666666666667
12774,602170,0.4128842500199411,0.039431719487765804,9.0,1.3666666666666667
12775,602345,0.41271362501993863,0.28352715095388703,9.0,1.3666666666666667
12776,602396,0.4126639000199379,0.09936131874565035,9.0,1.3666666666666667
12777,602513,0.41254982501993626,0.2129079153528437,9.0,1.4333333333333333
12778,602703,0.41236457501993357,0.2680893768265378,9.0,1.5666666666666667
12779,602822,0.4122485500199319,0.21821688415366225,9.0,1.6333333333333333
12780,602975,0.4120993750199297,0.31508673989446834,9.0,1.7
12781,603162,0.41191705001992707,0.3882475825084839,9.0,1.5666666666666667
12782,603185,0.41189462501992674,0.03473518934333697,9.0,1.5666666666666667
12783,603208,0.4118722000199264,0.04090685537084937,9.0,1.5333333333333334
12784,603328,0.4117552000199247,0.21995891083497554,9.0,1.6
12785,603351,0.4117327750199244,0.08194465056294575,9.0,1.6
12786,603473,0.41161382501992266,0.2913223736686632,9.0,1.6666666666666667
12787,603496,0.41159140001992234,0.05031735586817376,9.0,1.5666666666666667
12788,603517,0.41157092501992204,0.05941485776565969,9.0,1.5
12789,603672,0.41141980001991985,0.33477290396695025,9.0,1.6
12790,603830,0.4112657500199176,0.3531503470148891,9.0,1.6333333333333333
12791,603853,0.4112433250199173,0.04601380281383172,9.0,1.5333333333333334
12792,603874,0.411222850019917,0.042264838702976704,9.0,1.5333333333333334
12793,603897,0.41120042501991666,0.059997486998327076,9.0,1.5333333333333334
12794,603920,0.41117800001991633,0.045280051563167945,9.0,1.5333333333333334
12795,603991,0.41110877501991533,0.13499357824912295,9.0,1.5333333333333334
12796,604089,0.41101322501991394,0.18302280709031038,9.0,1.5333333333333334
12797,604189,0.4109157250199125,0.19754664512583986,9.0,1.6
12798,604242,0.4108640500199118,0.09735414190799929,9.0,1.5666666666666667
12799,604265,0.41084162501991145,0.0705101402127184,9.0,1.5333333333333334
12800,604286,0.41082115001991115,0.03345390051254071,9.0,1.4
12801,604436,0.41067490001990903,0.2610681702790316,9.0,1.5
12802,604648,0.410468200019906,0.39457093153032474,9.0,1.6
12803,604720,0.410398000019905,0.13890264043584466,9.0,1.5
12804,604795,0.41032487501990395,0.15413460580748506,9.0,1.5333333333333334
12805,604818,0.4103024500199036,0.0272745355614461,9.0,1.4333333333333333
12806,604937,0.41018642501990193,0.20598488362156786,9.0,1.4666666666666666
12807,604960,0.4101640000199016,0.0334369683987461,9.0,1.4
12808,605129,0.4099992250198992,1.0774160319415387,9.0,1.4
12809,605152,0.4099768000198989,0.12825976440217346,9.0,1.3333333333333333
12810,605175,0.40995437501989856,0.13218043115921319,9.0,1.2333333333333334
12811,605347,0.40978667501989613,0.954338462324813,9.0,1.2333333333333334
12812,605418,0.4097174500198951,0.33575371804181486,9.0,1.2666666666666666
12813,605441,0.4096950250198948,0.08723025978542864,9.0,1.2666666666666666
12814,605492,0.4096453000198941,0.20869921962730587,9.0,1.2333333333333334
12815,605648,0.40949320001989187,0.5915874222991988,9.0,1.3666666666666667
12816,605717,0.4094259250198909,0.22439125925302505,9.0,1.3333333333333333
12817,605740,0.40940350001989056,0.07376235828269273,9.0,1.3333333333333333
12818,605761,0.40938302501989027,0.04818810126744211,9.0,1.3333333333333333
12819,605784,0.40936060001988994,0.09618792566470802,9.0,1.2
12820,605835,0.4093108750198892,0.17819861508905888,9.0,1.1333333333333333
12821,605886,0.4092611500198885,0.1745558498078026,9.0,1.1666666666666667
12822,605909,0.40923872501988817,0.06319097691448405,9.0,1.1666666666666667
12823,605932,0.40921630001988785,0.059653710457496345,9.0,1.1666666666666667
12824,606003,0.40914707501988684,0.18864038912579417,9.0,1.2
12825,606102,0.40905055001988544,0.232821999466978,9.0,1.2333333333333334
12826,606153,0.4090008250198847,0.12929390813224018,9.0,1.2
12827,606176,0.4089784000198844,0.050537443690700457,9.0,1.1333333333333333
12828,606260,0.4088965000198832,0.19959274848224595,9.0,1.1666666666666667
12829,606281,0.4088760250198829,0.03839341353159398,9.0,1.1666666666666667
12830,606304,0.4088536000198826,0.10922238993225619,9.0,1.1666666666666667
12831,606327,0.40883117501988225,0.044987585744820535,9.0,1.0666666666666667
12832,606348,0.40881070001988196,0.05407527764327824,9.0,0.9
12833,606371,0.40878827501988163,0.04004600684856996,9.0,0.8666666666666667
12834,606394,0.4087658500198813,0.06481368554523215,9.0,0.8333333333333334
12835,606547,0.40861667501987914,0.30966963269747794,9.0,0.9666666666666667
12836,606570,0.4085942500198788,0.05757377273403108,9.0,0.9
12837,606671,0.4084957750198774,0.1993800848722458,9.0,0.9666666666666667
12838,606771,0.40839827501987597,0.19880311196902767,9.0,0.9
12839,606794,0.40837585001987564,0.030662508856039494,9.0,0.9
12840,606817,0.4083534250198753,0.0392807416501455,9.0,0.9
12841,606918,0.4082549500198739,0.19888306269422174,9.0,0.8333333333333334
12842,607086,0.4080911500198715,0.292926826805342,9.0,0.9
12843,607138,0.40804045001987077,0.06462354137329385,9.0,0.9333333333333333
12844,607189,0.40799072501987005,0.11102692445274442,9.0,0.9333333333333333
12845,607258,0.40792345001986907,0.11586242908379063,9.0,0.8333333333333334
12846,607360,0.4078240000198676,0.2057060677325353,9.0,0.8666666666666667
12847,607429,0.40775672501986665,0.11191596934804693,9.0,0.9
12848,607600,0.40759000001986423,0.2741068002360407,9.0,1.0333333333333334
12849,607792,0.4074028000198615,0.3129264290910214,9.0,1.1666666666666667
12850,607815,0.4073803750198612,0.06976897205458954,9.0,1.1333333333333333
12851,608028,0.40717270001985817,0.4081341422861442,9.0,1.2666666666666666
12852,608204,0.4070011000198557,0.26374022476375103,9.0,1.4
12853,608227,0.40697867501985535,0.03581662377109751,9.0,1.4
12854,608364,0.4068451000198534,0.20010028898832388,9.0,1.4666666666666666
12855,608387,0.4068226750198531,0.038530865451321006,9.0,1.4
12856,608539,0.40667447501985093,0.23912962089525536,9.0,1.5
12857,608708,0.40650970001984854,0.33221310944645666,9.0,1.6333333333333333
12858,608731,0.4064872750198482,0.0317600867128931,9.0,1.5666666666666667
12859,608803,0.4064170750198472,0.12766817217925563,9.0,1.6
12860,608826,0.40639465001984687,0.054836246476043016,9.0,1.6
12861,608849,0.40637222501984654,0.041431483055930585,9.0,1.6
12862,609038,0.40618795001984387,0.348044609912904,9.0,1.7333333333333334
12863,609061,0.40616552501984354,0.03876325429882854,9.0,1.7333333333333334
12864,609134,0.4060943500198425,0.12583635648479685,9.0,1.7666666666666666
12865,609249,0.4059822250198409,0.1870142423431389,9.0,1.7333333333333334
12866,609411,0.4058242750198386,0.4028722337097861,9.0,1.9
12867,609582,0.40565755001983617,0.25785886248922907,9.0,1.9333333333333333
12868,609655,0.40558637501983513,0.11249445271096192,9.0,1.9
12869,609676,0.40556590001983484,0.02867140044691041,9.0,1.9
12870,609761,0.40548302501983363,0.12287996191298589,9.0,1.9666666666666666
12871,609784,0.4054606000198333,0.04481501117697917,9.0,1.9
12872,609807,0.405438175019833,0.074879014340695,9.0,1.8
12873,609830,0.40541575001983265,0.036042119725607336,9.0,1.7666666666666666
12874,609912,0.4053358000198315,0.16831714328145608,9.0,1.8
12875,610101,0.4051515250198288,0.8947586289723404,9.0,1.9
12876,610270,0.4049867500198264,0.9415296920342371,9.0,1.9666666666666666
12877,610370,0.404889250019825,0.4982211005408317,9.0,2.0
12878,610522,0.40474105001982286,0.5837211695616134,9.0,2.0
12879,610627,0.40463867501982137,0.3723363704048097,9.0,1.9333333333333333
12880,610754,0.40451485001981957,0.3400834709755145,9.0,2.0
12881,610777,0.40449242501981925,0.058820094098336995,9.0,1.8333333333333333
12882,610951,0.4043227750198168,0.563060836342629,9.0,1.8333333333333333
12883,610974,0.40430035001981646,0.12252446607453749,9.0,1.8333333333333333
12884,611075,0.404201875019815,0.32266902999253944,9.0,1.8
12885,611206,0.40407415001981317,0.32530244725057855,9.0,1.9
12886,611374,0.4039103500198108,0.4795668614387978,9.0,1.9
12887,611397,0.40388792501981047,0.05272281460929662,9.0,1.7666666666666666
12888,611553,0.40373582501980826,0.3402252526138909,9.0,1.9
12889,611628,0.4036627000198072,0.14755406707990915,9.0,1.9
12890,611651,0.40364027501980687,0.03838389553129673,9.0,1.9
12891,611674,0.40361785001980655,0.04064411867875606,9.0,1.9
12892,611826,0.4034696500198044,0.34421489815576933,9.0,1.9
12893,611910,0.4033877500198032,0.1509010725421831,9.0,1.9666666666666666
12894,612060,0.4032415000198011,0.3080702539300546,9.0,2.066666666666667
12895,612083,0.40321907501980075,0.04005393403349444,9.0,1.9666666666666666
12896,612292,0.4030153000197978,0.3368865315860603,9.0,1.9666666666666666
12897,612484,0.4028281000197951,0.4014394970727153,9.0,2.0
12898,612507,0.40280567501979475,0.0454572441522032,9.0,1.9666666666666666
12899,612530,0.4027832500197944,0.02891627384815365,9.0,1.9666666666666666
12900,612553,0.4027608250197941,0.04687917552655563,9.0,1.9
12901,612722,0.4025960500197917,0.3035980672284495,9.0,2.033333333333333
12902,612745,0.4025736250197914,0.03381295356666669,9.0,2.033333333333333
12903,612934,0.4023893500197887,0.36058540057274513,9.0,2.1666666666666665
12904,613137,0.40219142501978583,0.4527878827357199,9.0,2.3
12905,613160,0.4021690000197855,0.08187248749891296,9.0,2.1666666666666665
12906,613374,0.4019603500197825,0.48918999993475154,9.0,2.2
12907,613397,0.40193792501978215,0.034623987157829106,9.0,2.1333333333333333
12908,613420,0.4019155000197818,0.03233080220525153,9.0,2.0
12909,613443,0.4018930750197815,0.049411064363084733,9.0,1.9333333333333333
12910,613466,0.4018706500197812,0.03849468089174479,9.0,1.8666666666666667
12911,613489,0.40184822501978085,0.051665191567735747,9.0,1.8666666666666667
12912,613512,0.4018258000197805,0.03860788751626387,9.0,1.7333333333333334
12913,613535,0.4018033750197802,0.02723267674446106,9.0,1.7333333333333334
12914,613722,0.40162105001977755,0.344015887909336,9.0,1.8
12915,613743,0.40160057501977725,0.031850740022491664,9.0,1.7
12916,613918,0.4014299500197748,0.29762711582588963,9.0,1.7
12917,613941,0.40140752501977445,0.02916328451829031,9.0,1.7
12918,613962,0.40138705001977415,0.02715447690570727,9.0,1.5666666666666667
12919,613985,0.4013646250197738,0.03536089416593313,9.0,1.5333333333333334
12920,614060,0.40129150001977276,0.1191879840916954,9.0,1.5666666666666667
12921,614083,0.40126907501977244,0.03487080452032387,9.0,1.5666666666666667
12922,614202,0.40115305001977075,0.24206349859014153,9.0,1.5
12923,614371,0.40098827501976836,0.2455740618170239,9.0,1.5666666666666667
12924,614445,0.4009161250197673,0.12766157853184268,9.0,1.4666666666666666
12925,614600,0.4007650000197651,0.2245162325561978,9.0,1.6
12926,614651,0.4007152750197644,0.07731092546600848,9.0,1.4666666666666666
12927,614702,0.40066555001976367,0.09142284182598814,9.0,1.3666666666666667
12928,614725,0.40064312501976335,0.028176001913379878,9.0,1.3666666666666667
12929,614777,0.4005924250197626,0.11118357689701952,9.0,1.4
12930,614800,0.4005700000197623,0.029684122680919245,9.0,1.4
12931,614884,0.4004881000197611,0.13792278556502424,9.0,1.3333333333333333
12932,614955,0.4004188750197601,0.1463989545009099,9.0,1.3666666666666667
12933,614978,0.40039645001975976,0.028919281146954745,9.0,1.2333333333333334
12934,615144,0.4002346000197574,1.2115694335079752,9.0,1.1666666666666667
12935,615358,0.4000259500197544,1.2112375126453117,9.0,1.3333333333333333
12936,615381,0.40000352501975406,0.09551821334753186,9.0,1.1666666666666667
12937,615463,0.3999235750197529,0.3179528621258214,9.0,1.2333333333333334
12938,615592,0.39979780001975107,0.4349789055995643,9.0,1.3333333333333333
12939,615710,0.3996827500197494,0.3701428975327872,9.0,1.4
12940,615782,0.3996125500197484,0.21899108367506415,9.0,1.4333333333333333
12941,615883,0.39951407501974695,0.29232630535261706,9.0,1.5
12942,616021,0.399379525019745,0.40145657339598984,9.0,1.6
12943,616150,0.39925375001974317,0.30078233778476715,9.0,1.7
12944,616173,0.39923132501974284,0.04217467602575198,9.0,1.5666666666666667
12945,616196,0.3992089000197425,0.04462984390556812,9.0,1.5666666666666667
12946,616219,0.3991864750197422,0.04236681753536686,9.0,1.4333333333333333
12947,616340,0.3990685000197405,0.31546559603884816,9.0,1.5
12948,616363,0.39904607501974015,0.047548948728945106,9.0,1.5
12949,616497,0.39891542501973826,0.3131440526340157,9.0,1.6
12950,616790,0.3986297500197341,0.7634653498535044,9.0,1.8333333333333333
12951,616961,0.3984630250197317,0.39602529210969806,9.0,1.9666666666666666
12952,616982,0.3984425500197314,0.037307350779883564,9.0,1.9
12953,617005,0.39842012501973106,0.036849963886197656,9.0,1.7666666666666666
12954,617056,0.39837040001973034,0.1212149967905134,9.0,1.7666666666666666
12955,617079,0.39834797501973,0.041410116595216095,9.0,1.6333333333333333
12956,617148,0.39828070001972904,0.12956668226979673,9.0,1.6333333333333333
12957,617220,0.398210500019728,0.18509188893949613,9.0,1.6333333333333333
12958,617243,0.3981880750197277,0.05741612776182592,9.0,1.6333333333333333
12959,617264,0.3981676000197274,0.040611749747768044,9.0,1.6
12960,617437,0.39799892501972495,0.3345029785123188,9.0,1.7333333333333334
12961,617460,0.3979765000197246,0.042626677080988884,9.0,1.6666666666666667
12962,617542,0.39789655001972346,0.1535535267321393,9.0,1.7
12963,617675,0.3977668750197216,0.21731229979195632,9.0,1.8
12964,617774,0.3976703500197202,0.1812800521729514,9.0,1.7333333333333334
12965,617872,0.3975748000197188,0.17734331241808832,9.0,1.6333333333333333
12966,617972,0.39747730001971737,0.19757663045311347,9.0,1.7
12967,618040,0.3974110000197164,0.11595142688020132,9.0,1.6666666666666667
12968,618063,0.3973885750197161,0.06913739556330256,9.0,1.5666666666666667
12969,618114,0.39733885001971536,0.10373909474583343,9.0,1.5333333333333334
12970,618137,0.39731642501971504,0.03620932949706912,9.0,1.5
12971,618160,0.3972940000197147,0.029735295625869185,9.0,1.4333333333333333
12972,618259,0.3971974750197133,0.17906909267185256,9.0,1.4
12973,618471,0.3969907750197103,0.3346096418099478,9.0,1.4666666666666666
12974,618667,0.39679967501970753,0.29118862899485976,9.0,1.6
12975,618720,0.3967480000197068,0.10149064805591479,9.0,1.6333333333333333
12976,618923,0.3965500750197039,0.3390636886761058,9.0,1.8333333333333333
12977,618946,0.3965276500197036,0.030675079760840163,9.0,1.7666666666666666
12978,619120,0.3963580000197011,0.3403209031384904,9.0,1.9
12979,619279,0.39620297501969887,0.340008897066582,9.0,1.9333333333333333
12980,619460,0.3960265000196963,0.34974336065351963,9.0,1.8333333333333333
12981,619559,0.3959299750196949,0.1974132138711866,9.0,1.7666666666666666
12982,619726,0.39576715001969254,0.3157400354393758,9.0,1.9333333333333333
12983,619776,0.39571840001969183,0.12797120769391768,9.0,1.9666666666666666
12984,619923,0.39557507501968975,0.3454464071255643,9.0,2.033333333333333
12985,620058,0.39544345001968784,0.6230611874489114,9.0,2.1333333333333333
12986,620254,0.39525235001968506,1.3166803107596934,9.0,2.2666666666666666
12987,620277,0.39522992501968474,0.1622470822185278,9.0,2.2333333333333334
12988,620379,0.3951304750196833,0.6584962029010057,9.0,2.3
12989,620510,0.39500275001968144,0.5642328502144665,9.0,2.4
12990,620583,0.3949315750196804,0.27207225398160517,9.0,2.3
12991,620683,0.394834075019679,0.386478747590445,9.0,2.3666666666666667
12992,620852,0.3946693000196766,0.5320945188286714,9.0,2.4
12993,620875,0.39464687501967627,0.0661563160829246,9.0,2.3
12994,621024,0.39450160001967416,0.42718482040800154,9.0,2.3333333333333335
12995,621146,0.39438265001967243,0.40589139936491847,9.0,2.3333333333333335
12996,621215,0.39431537501967145,0.18905352428555489,9.0,2.3
12997,621316,0.39421690001967,0.21926319308113307,9.0,2.3333333333333335
12998,621365,0.39416912501966933,0.1024332161177881,9.0,2.3666666666666667
12999,621388,0.394146700019669,0.08649383363081142,9.0,2.3333333333333335
13000,621440,0.39409600001966827,0.15570517512969673,9.0,2.3666666666666667
13001,621524,0.3940141000196671,0.18031226081075147,9.0,2.433333333333333
13002,621623,0.3939175750196657,0.20686505534104072,9.0,2.433333333333333
13003,621815,0.39373037501966296,0.4140078618656844,9.0,2.4
13004,622008,0.3935422000196602,0.34537278657080606,9.0,2.4
13005,622031,0.3935197750196599,0.03956329938955605,9.0,2.3666666666666667
13006,622160,0.3933940000196581,0.2515151736442931,9.0,2.2666666666666666
13007,622183,0.39337157501965775,0.028493978723417968,9.0,2.2666666666666666
13008,622236,0.393319900019657,0.10573142196517438,9.0,2.1666666666666665
13009,622259,0.3932974750196567,0.03532599360914901,9.0,2.033333333333333
13010,622280,0.3932770000196564,0.030851986492052674,9.0,1.8666666666666667
13011,622412,0.3931483000196545,0.2422634527029004,9.0,1.9
13012,622560,0.3930040000196524,0.2544731587404385,9.0,1.8333333333333333
13013,622711,0.3928567750196503,0.2471695480053313,9.0,1.9
13014,622814,0.3927563500196488,0.23584468226181343,9.0,1.8666666666666667
13015,623007,0.3925681750196461,0.28768586079240777,9.0,1.9
13016,623030,0.39254575001964576,0.03173940588021651,9.0,1.7333333333333334
13017,623081,0.39249602501964503,0.07396912155672908,9.0,1.7666666666666666
13018,623104,0.3924736000196447,0.03707615734310821,9.0,1.7
13019,623127,0.3924511750196444,0.055471699306508526,9.0,1.6
13020,623272,0.39230980001964233,0.25138490047538653,9.0,1.6666666666666667
13021,623373,0.3922113250196409,0.1562581222387962,9.0,1.6666666666666667
13022,623558,0.3920309500196383,0.3347485468548257,9.0,1.7
13023,623581,0.39200852501963795,0.03287861371063627,9.0,1.7
13024,623604,0.39198610001963763,0.03010287822689861,9.0,1.6
13025,623726,0.3918671500196359,0.17904448066838086,9.0,1.6
13026,623875,0.3917218750196338,0.2431915646593552,9.0,1.6666666666666667
13027,623926,0.39167215001963307,0.08276013625436462,9.0,1.6333333333333333
13028,623979,0.3916204750196323,0.07500361863640137,9.0,1.6333333333333333
13029,624002,0.391598050019632,0.024198431987315416,9.0,1.6333333333333333
13030,624025,0.39157562501963167,0.03577259861049242,9.0,1.6
13031,624202,0.39140305001962916,0.25763485123752616,9.0,1.7
13032,624275,0.39133187501962813,0.10861477459548041,9.0,1.6666666666666667
13033,624347,0.3912616750196271,0.12583220060332678,9.0,1.5666666666666667
13034,624370,0.3912392500196268,0.032968792656902224,9.0,1.4333333333333333
13035,624519,0.3910939750196247,0.24351117099286057,9.0,1.5333333333333334
13036,624542,0.39107155001962435,0.036922510218573734,9.0,1.4333333333333333
13037,624613,0.39100232501962334,0.09180362886399962,9.0,1.4666666666666666
13038,624664,0.3909526000196226,0.08885401266161352,9.0,1.4666666666666666
13039,624687,0.3909301750196223,0.027937841950915754,9.0,1.4666666666666666
13040,624803,0.39081707501962065,0.1840878954390064,9.0,1.5333333333333334
13041,624872,0.3907498000196197,0.13209473199094646,9.0,1.4666666666666666
13042,625048,0.3905782000196172,0.5504563953436445,9.0,1.5333333333333334
13043,625071,0.39055577501961686,0.11729653971269727,9.0,1.4333333333333333
13044,625092,0.39053530001961656,0.20592335751280189,9.0,1.3666666666666667
13045,625262,0.39036955001961415,0.9956789150601253,9.0,1.3666666666666667
13046,625360,0.39027400001961277,0.5334552270360291,9.0,1.4333333333333333
13047,625456,0.3901804000196114,0.4078470319509506,9.0,1.4666666666666666
13048,625540,0.3900985000196102,0.28207594074774534,9.0,1.5333333333333334
13049,625563,0.3900760750196099,0.05551289895083755,9.0,1.5333333333333334
13050,625637,0.39000392501960884,0.2550047020195052,9.0,1.4666666666666666
13051,625660,0.3899815000196085,0.06358044734224677,9.0,1.4
13052,625811,0.3898342750196064,0.4879720163298771,9.0,1.3666666666666667
13053,625862,0.38978455001960566,0.18550171580864117,9.0,1.4
13054,625913,0.38973482501960494,0.126200964092277,9.0,1.4333333333333333
13055,625936,0.3897124000196046,0.0515828377683647,9.0,1.3666666666666667
13056,626154,0.3894998500196015,0.4964456223533489,9.0,1.4666666666666666
13057,626204,0.3894511000196008,0.1410571375163272,9.0,1.4666666666666666
13058,626255,0.3894013750196001,0.10943043639417738,9.0,1.4666666666666666
13059,626337,0.38932142501959893,0.15734768618131056,9.0,1.5333333333333334
13060,626511,0.38915177501959647,0.356170865095919,9.0,1.6666666666666667
13061,626534,0.38912935001959614,0.05082912580110133,9.0,1.5
13062,626603,0.38906207501959517,0.13842215028125793,9.0,1.5
13063,626675,0.38899187501959415,0.12939655524678528,9.0,1.5
13064,626802,0.38886805001959235,0.25255427934462205,9.0,1.5666666666666667
13065,626874,0.38879785001959133,0.15584045310970396,9.0,1.5
13066,626897,0.388775425019591,0.0423855006811209,9.0,1.5
13067,627074,0.3886028500195885,0.3504026412847452,9.0,1.6333333333333333
13068,627097,0.38858042501958817,0.028371726570185274,9.0,1.6
13069,627232,0.38844880001958626,0.22752325149485841,9.0,1.7
13070,627305,0.3883776250195852,0.16264862014213577,9.0,1.6666666666666667
13071,627498,0.3881894500195825,0.3566400860727299,9.0,1.8
13072,627747,0.38794667501957897,0.4560310767410556,9.0,1.8666666666666667
13073,627817,0.387878425019578,0.14993272881838493,9.0,1.9
13074,627840,0.38785600001957765,0.03628720963024534,9.0,1.9
13075,627863,0.3878335750195773,0.032824809866724536,9.0,1.7666666666666666
13076,628010,0.38769025001957524,0.3055627777357586,9.0,1.8
13077,628092,0.3876103000195741,0.13071391388075426,9.0,1.8
13078,628143,0.38756057501957336,0.0701326655689627,9.0,1.7666666666666666
13079,628244,0.38746210001957193,0.12925864389399067,9.0,1.8333333333333333
13080,628408,0.3873022000195696,0.22101421651314013,9.0,1.9
13081,628545,0.38716862501956767,0.21237359681981616,9.0,2.033333333333333
13082,628631,0.38708477501956645,0.14182379061821848,9.0,2.0
13083,628700,0.3870175000195655,0.12916536495322362,9.0,2.0
13084,628721,0.3869970250195652,0.029245121113490313,9.0,1.9666666666666666
13085,628744,0.38697460001956485,0.03719696373445913,9.0,1.9666666666666666
13086,628898,0.38682445001956267,0.20423998241312802,9.0,1.9
13087,629067,0.3866596750195603,0.2765791980782524,9.0,2.0
13088,629090,0.38663725001955995,0.034493228362407535,9.0,1.9666666666666666
13089,629141,0.38658752501955923,0.06452641700161621,9.0,1.9333333333333333
13090,629361,0.3863730250195561,0.4759966997371521,9.0,1.9666666666666666
13091,629531,0.3862072750195537,0.2547143003321253,9.0,2.1
13092,629682,0.38606005001955157,0.20968987737433054,9.0,2.1666666666666665
13093,629873,0.38587382501954887,0.30685889671440236,9.0,2.2666666666666666
13094,629896,0.38585140001954854,0.049741674738470465,9.0,2.2
13095,629973,0.38577632501954745,0.15685814630705863,9.0,2.2
13096,630142,0.38561155001954506,0.9183447025134228,9.0,2.3333333333333335
13097,630163,0.38559107501954476,0.17435767350252718,9.0,2.1666666666666665
13098,630353,0.38540582501954207,1.0360064532142133,9.0,2.3
13099,630490,0.38527225001954013,0.5766074124258012,9.0,2.3
13100,630646,0.3851201500195379,0.5487314855563454,9.0,2.3666666666666667
13101,630745,0.3850236250195365,0.2935852389782667,9.0,2.2666666666666666
13102,630768,0.3850012000195362,0.05982052528997883,9.0,2.033333333333333
13103,630819,0.38495147501953547,0.1213372575584799,9.0,2.033333333333333
13104,631275,0.384506875019529,1.2584788648528047,12.0,2.433333333333333
13105,631298,0.3844844500195287,0.06778187374584377,12.0,2.433333333333333
13106,631367,0.3844171750195277,0.1691218275227584,12.0,2.3666666666666667
13107,631388,0.3843967000195274,0.058478412800468504,12.0,2.3
13108,631411,0.3843742750195271,0.06385768303880468,12.0,2.2666666666666666
13109,631581,0.3842085250195247,0.33557089196983725,12.0,2.3
13110,631602,0.3841880500195244,0.039438475330825895,12.0,2.2
13111,631625,0.38416562501952406,0.04206824040738866,12.0,2.066666666666667
13112,631790,0.3840047500195217,0.3395577613846399,12.0,2.1666666666666665
13113,631940,0.3838585000195196,0.2838539704098366,12.0,2.2333333333333334
13114,631963,0.3838360750195193,0.039663192990701646,12.0,2.2333333333333334
13115,632085,0.38371712501951755,0.27816951798740774,12.0,2.3
13116,632137,0.3836664250195168,0.11966359178768471,12.0,2.2
13117,632207,0.3835981750195158,0.15762922109570354,12.0,2.1
13118,632275,0.38353187501951486,0.10698460275307298,12.0,2.1333333333333333
13119,632377,0.3834324250195134,0.17648416879819706,12.0,2.1666666666666665
13120,632400,0.3834100000195131,0.042650126037187874,12.0,2.0
13121,632535,0.3832783750195112,0.30097601137822494,12.0,1.9666666666666666
13122,632635,0.38318087501950976,0.19874294064356945,12.0,1.9333333333333333
13123,632704,0.3831136000195088,0.10647280249395408,12.0,1.8333333333333333
13124,632727,0.38309117501950846,0.030614690273068845,12.0,1.8333333333333333
13125,632885,0.3829371250195062,0.3014444157888647,12.0,1.9333333333333333
13126,632967,0.38285717501950506,0.14200436192913912,12.0,1.8666666666666667
13127,633064,0.3827626000195037,0.1937000730249565,12.0,1.9333333333333333
13128,633116,0.38271190001950295,0.06297334388364106,12.0,1.8333333333333333
13129,633139,0.3826894750195026,0.0467461176449433,12.0,1.7333333333333334
13130,633162,0.3826670500195023,0.06628800509497523,12.0,1.6333333333333333
13131,633313,0.38251982501950016,0.27980018698144704,12.0,1.6666666666666667
13132,633336,0.38249740001949983,0.028175838495371863,12.0,1.6666666666666667
13133,633359,0.3824749750194995,0.037619653332512826,12.0,1.6333333333333333
13134,633459,0.3823774750194981,0.18181705885217525,12.0,1.3
13135,633641,0.3822000250194955,0.29577241276274435,12.0,1.4333333333333333
13136,633828,0.38201770001949287,0.3083221048291307,12.0,1.5333333333333334
13137,633851,0.38199527501949254,0.04984629980754107,12.0,1.5333333333333334
13138,633970,0.38187925001949086,0.1633170997374691,12.0,1.6
13139,633991,0.38185877501949056,0.033426510577555746,12.0,1.5
13140,634014,0.38183635001949023,0.03066057598334737,12.0,1.5
13141,634086,0.3817661500194892,0.11606269906042144,12.0,1.5333333333333334
13142,634186,0.3816686500194878,0.16794950456824154,12.0,1.4333333333333333
13143,634254,0.38160235001948684,0.13278141873888671,12.0,1.3666666666666667
13144,634277,0.3815799250194865,0.024522435967810452,12.0,1.3666666666666667
13145,634426,0.3814346500194844,0.19931756902951747,12.0,1.4
13146,634594,0.381270850019482,0.29057786660268903,12.0,1.5
13147,634650,0.38121625001948123,0.08625879767350852,12.0,1.5
13148,634769,0.38110022501947954,0.1735902941727545,12.0,1.5333333333333334
13149,634871,0.3810007750194781,0.16424549047951587,12.0,1.5333333333333334
13150,634946,0.38092765001947704,0.11242687288904563,12.0,1.5666666666666667
13151,635062,0.3808145500194754,0.4653026493033394,12.0,1.5333333333333334
13152,635211,0.3806692750194733,0.9223722759634256,12.0,1.5666666666666667
13153,635264,0.38061760001947254,0.2508944340515882,12.0,1.5666666666666667
13154,635413,0.3804723250194704,0.709067331510596,12.0,1.6666666666666667
13155,635436,0.3804499000194701,0.07876251405104995,12.0,1.5333333333333334
13156,635601,0.38028902501946776,0.5563597089494579,12.0,1.6333333333333333
13157,635702,0.38019055001946633,0.3010181560530327,12.0,1.6333333333333333
13158,635820,0.38007550001946466,0.34828491718508303,12.0,1.6666666666666667
13159,635991,0.37990877501946224,0.4164878712617792,12.0,1.8
13160,636162,0.3797420500194598,0.43768600444309413,12.0,1.9
13161,636318,0.3795899500194576,0.3825432669254951,12.0,1.9333333333333333
13162,636369,0.3795402250194569,0.10247677250299603,12.0,1.9666666666666666
13163,636423,0.3794875750194561,0.13205785676836967,12.0,2.0
13164,636491,0.37942127501945516,0.17058037698734552,12.0,1.9666666666666666
13165,636591,0.37932377501945375,0.3141983837704174,12.0,1.9
13166,636853,0.37906832501945004,0.7819590370636433,12.0,2.0
13167,636998,0.378926950019448,0.2648941809311509,12.0,2.1
13168,637021,0.37890452501944766,0.04598824854474515,12.0,2.033333333333333
13169,637044,0.37888210001944733,0.03919461279292591,12.0,2.033333333333333
13170,637142,0.37878655001944594,0.17169642233056948,12.0,2.1
13171,637193,0.3787368250194452,0.07727639478980564,12.0,2.1
13172,637244,0.3786871000194445,0.08095047189272009,12.0,2.066666666666667
13173,637316,0.3786169000194435,0.1022142467845697,12.0,2.066666666666667
13174,637369,0.37856522501944273,0.07209676143247634,12.0,2.1
13175,637392,0.3785428000194424,0.0350002248887904,12.0,2.0
13176,637463,0.3784735750194414,0.10458856448531151,12.0,1.9
13177,637646,0.3782951500194388,0.34153972013155,12.0,2.0
13178,637817,0.3781284250194364,0.218614105891902,12.0,2.066666666666667
13179,637838,0.3781079500194361,0.03411179469549097,12.0,2.0
13180,637990,0.37795975001943394,0.27023604218265973,12.0,2.066666666666667
13181,638109,0.37784372501943225,0.23060595567221753,12.0,2.066666666666667
13182,638132,0.3778213000194319,0.03324593015713617,12.0,1.9666666666666666
13183,638301,0.37765652501942953,0.38427775850868784,12.0,2.066666666666667
13184,638521,0.3774420250194264,0.4369638627686072,12.0,2.1666666666666665
13185,638717,0.37725092501942364,0.42240999106434174,12.0,2.3333333333333335
13186,638768,0.3772012000194229,0.08165780495619401,12.0,2.2
13187,638982,0.3769925500194199,0.38155902770813555,12.0,2.3
13188,639033,0.37694282501941917,0.07939623610582203,12.0,2.2666666666666666
13189,639056,0.37692040001941884,0.024253008188679814,12.0,2.1333333333333333
13190,639079,0.3768979750194185,0.04646602692082524,12.0,2.033333333333333
13191,639102,0.3768755500194182,0.037273578403983265,12.0,1.9
13192,639173,0.3768063250194172,0.14412664764677174,12.0,1.9
13193,639224,0.37675660001941647,0.1062791921722237,12.0,1.9
13194,639247,0.37673417501941614,0.04776229918934405,12.0,1.8666666666666667
13195,639270,0.3767117500194158,0.05425352032762021,12.0,1.8
13196,639293,0.3766893250194155,0.04391865443903953,12.0,1.5666666666666667
13197,639316,0.37666690001941516,0.031733749085105956,12.0,1.4666666666666666
13198,639367,0.37661717501941444,0.0954416664026212,12.0,1.5
13199,639390,0.3765947500194141,0.035271371132694185,12.0,1.5
13200,639460,0.3765265000194131,0.11964431536034681,12.0,1.4666666666666666
13201,639674,0.3763178500194101,0.3884238437458407,12.0,1.6
13202,639697,0.37629542501940977,0.06624886259669438,12.0,1.5666666666666667
13203,639720,0.37627300001940944,0.035312859661644325,12.0,1.5333333333333334
13204,639946,0.37605265001940624,0.3377688507316634,12.0,1.7
13205,639998,0.3760019500194055,0.07434370028204285,12.0,1.7333333333333334
13206,640021,0.3759795250194052,0.15529174054972827,12.0,1.7
13207,640162,0.3758420500194032,1.1274449160555378,12.0,1.7
13208,640231,0.3757747750194022,0.36877937556710094,12.0,1.6
13209,640421,0.3755895250193995,1.146174777415581,12.0,1.7333333333333334
13210,640496,0.37551640001939846,0.3288059358019382,12.0,1.6666666666666667
13211,640547,0.37546667501939773,0.1637416494777426,12.0,1.6333333333333333
13212,640677,0.3753399250193959,0.42139850923558697,12.0,1.7333333333333334
13213,640698,0.3753194500193956,0.05838301335461438,12.0,1.6
13214,640842,0.37517905001939356,0.5288461717427708,12.0,1.5333333333333334
13215,641289,0.3747432250193872,1.2574841213063337,12.0,1.7666666666666666
13216,641360,0.3746740000193862,0.21570108737796545,12.0,1.7666666666666666
13217,641428,0.37460770001938526,0.15827504673507065,12.0,1.6333333333333333
13218,641451,0.37458527501938493,0.06039680837420747,12.0,1.6
13219,641524,0.3745141000193839,0.1804338610963896,12.0,1.6333333333333333
13220,641657,0.374384425019382,0.30227112892316654,12.0,1.7333333333333334
13221,641835,0.3742108750193795,0.4376681331486907,12.0,1.9
13222,642007,0.37404317501937706,0.35433817765442654,12.0,2.0
13223,642059,0.3739924750193763,0.12466200307244435,12.0,2.0
13224,642112,0.3739408000193756,0.11015369044616818,12.0,2.033333333333333
13225,642135,0.37391837501937525,0.053475137101486325,12.0,2.033333333333333
13226,642158,0.3738959500193749,0.04078180936630815,12.0,2.033333333333333
13227,642313,0.37374482501937273,0.29668657211004756,12.0,2.1666666666666665
13228,642414,0.3736463500193713,0.1699007251590956,12.0,2.2
13229,642437,0.373623925019371,0.06951188266975805,12.0,2.2
13230,642511,0.3735517750193699,0.11498564609792084,12.0,2.2
13231,642562,0.3735020500193692,0.08984420431079343,12.0,2.066666666666667
13232,642585,0.3734796250193689,0.04150245734490454,12.0,2.066666666666667
13233,642702,0.3733655500193672,0.2455733468523249,12.0,2.1333333333333333
13234,642899,0.37317347501936443,0.37561949554947205,12.0,2.1
13235,642922,0.3731510500193641,0.03519325901288539,12.0,2.066666666666667
13236,642973,0.3731013250193634,0.0815785261511337,12.0,2.1
13237,643023,0.3730525750193627,0.10142687713960186,12.0,2.0
13238,643143,0.372935575019361,0.17097675637342036,12.0,2.033333333333333
13239,643166,0.37291315001936065,0.044188242638483644,12.0,1.9
13240,643352,0.372731800019358,0.3256206853548065,12.0,2.066666666666667
13241,643375,0.3727093750193577,0.0794825847260654,12.0,2.033333333333333
13242,643474,0.3726128500193563,0.22212719731032848,12.0,2.0
13243,643647,0.37244417501935384,0.2977845674031414,12.0,2.1333333333333333
13244,643670,0.3724217500193535,0.08947902868385427,12.0,2.0
13245,643842,0.3722540500193511,0.36585142233525403,12.0,1.7333333333333334
13246,644017,0.3720834250193486,0.3035598275018856,12.0,1.8666666666666667
13247,644070,0.37203175001934785,0.0623653071525041,12.0,1.8666666666666667
13248,644124,0.3719791000193471,0.1335578227590304,12.0,1.9
13249,644213,0.3718923250193458,0.1789305511629209,12.0,1.9333333333333333
13250,644337,0.37177142501934407,0.19155761651927605,12.0,1.9
13251,644513,0.3715998250193416,0.33975797027233057,12.0,1.9
13252,644564,0.37155010001934086,0.09905057126889005,12.0,1.8
13253,644666,0.3714506500193394,0.17727645579725504,12.0,1.8333333333333333
13254,644818,0.37130245001933726,0.2511658906005323,12.0,1.9333333333333333
13255,644951,0.3711727750193354,0.18357424685382284,12.0,2.033333333333333
13256,644974,0.37115035001933505,0.028538419399410486,12.0,2.033333333333333
13257,645056,0.3710704000193339,0.6040845583775081,12.0,1.9666666666666666
13258,645170,0.3709592500193323,0.8243182306177914,12.0,2.0
13259,645339,0.3707944750193299,0.9571015919791535,12.0,2.1
13260,645490,0.37064725001932775,0.6801545595517382,12.0,2.1666666666666665
13261,645513,0.3706248250193274,0.09758659428916872,12.0,2.1333333333333333
13262,645725,0.3704181250193244,0.8777481717988849,12.0,2.3
13263,645748,0.3703957000193241,0.08889177738456056,12.0,2.2333333333333334
13264,645919,0.37022897501932167,0.5014351438730955,12.0,2.2
13265,645996,0.3701539000193206,0.2507303663296625,12.0,2.2333333333333334
13266,646067,0.3700846750193196,0.18199467420345172,12.0,2.2333333333333334
13267,646221,0.3699345250193174,0.4300199378049001,12.0,2.3333333333333335
13268,646337,0.36982142501931575,0.23174688260769472,12.0,2.3333333333333335
13269,646409,0.36975122501931473,0.18394578894367442,12.0,2.3666666666666667
13270,646432,0.3697288000193144,0.057236566324718297,12.0,2.1666666666666665
13271,646455,0.3697063750193141,0.045308945002034307,12.0,2.1666666666666665
13272,646624,0.3695416000193117,0.3674247649323661,12.0,2.2
13273,646674,0.369492850019311,0.11162837775191292,12.0,2.1
13274,646697,0.36947042501931066,0.05422655347501859,12.0,2.1
13275,646893,0.3692793250193079,0.3512090088624973,12.0,2.1
13276,647111,0.3690667750193048,0.4294070822070353,12.0,2.1333333333333333
13277,647134,0.36904435001930447,0.03577718744054437,12.0,2.1
13278,647157,0.36902192501930414,0.06685466726776212,12.0,2.066666666666667
13279,647321,0.3688620250193018,0.2679563061101362,12.0,2.1666666666666665
13280,647344,0.3688396000193015,0.10255197860533372,12.0,2.1
13281,647367,0.36881717501930117,0.07157169282436371,12.0,1.9333333333333333
13282,647388,0.36879670001930087,0.08189808821771294,12.0,1.9
13283,647560,0.36862900001929844,0.3817211739369668,12.0,1.9666666666666666
13284,647611,0.3685792750192977,0.07891096558887511,12.0,1.8666666666666667
13285,647761,0.3684330250192956,0.259954321780242,12.0,1.8666666666666667
13286,647944,0.368254600019293,0.30110976603464223,12.0,2.0
13287,648119,0.3680839750192905,0.2883236663765274,12.0,2.066666666666667
13288,648289,0.3679182250192881,0.3180368252506014,12.0,2.066666666666667
13289,648374,0.3678353500192869,0.17485360050341114,12.0,2.033333333333333
13290,648451,0.3677602750192858,0.13478240763652138,12.0,1.9666666666666666
13291,648502,0.3677105500192851,0.09722973691532388,12.0,2.0
13292,648525,0.3676881250192848,0.04009106761077419,12.0,1.8333333333333333
13293,648577,0.36763742501928404,0.11328817490721121,12.0,1.8666666666666667
13294,648630,0.3675857500192833,0.14529913576552644,12.0,1.7666666666666666
13295,648685,0.3675321250192825,0.09993273502914235,12.0,1.7666666666666666
13296,648708,0.3675097000192822,0.049223103444091976,12.0,1.7333333333333334
13297,648838,0.36738295001928034,0.21364462201017886,12.0,1.7
13298,648889,0.3673332250192796,0.09435083711287007,12.0,1.6666666666666667
13299,648958,0.36726595001927864,0.1267911283648573,12.0,1.6666666666666667
13300,649027,0.36719867501927766,0.13273327704519033,12.0,1.7
13301,649050,0.36717625001927734,0.025473302055615932,12.0,1.7
13302,649073,0.367153825019277,0.047382386575918645,12.0,1.6
13303,649125,0.3671031250192763,0.060030944674508646,12.0,1.6
13304,649248,0.36698320001927454,0.28519383555976674,12.0,1.6666666666666667
13305,649271,0.3669607750192742,0.04064060136443004,12.0,1.5333333333333334
13306,649393,0.3668418250192725,0.25550395279424265,12.0,1.4
13307,649627,0.36661367501926917,0.478186476189876,12.0,1.6
13308,649822,0.3664235500192664,0.3530260762781836,12.0,1.7333333333333334
13309,649976,0.36627340001926423,0.3438377640559338,12.0,1.7
13310,650046,0.36620515001926324,0.46413533872691914,12.0,1.7666666666666666
13311,650097,0.3661554250192625,0.4088405822403729,12.0,1.8
13312,650120,0.3661330000192622,0.13424123567529023,12.0,1.8
13313,650266,0.3659906500192601,0.8828290343517438,12.0,1.8
13314,650289,0.3659682250192598,0.13465355895459652,12.0,1.7666666666666666
13315,650310,0.3659477500192595,0.1337321043247357,12.0,1.6666666666666667
13316,650497,0.36576542501925685,0.9432793380692601,12.0,1.6666666666666667
13317,650520,0.3657430000192565,0.08465641736984253,12.0,1.5333333333333334
13318,650543,0.3657205750192562,0.070526059018448,12.0,1.4333333333333333
13319,650736,0.36553240001925347,0.667654236254748,12.0,1.5
13320,650863,0.36540857501925167,0.35506696946686134,12.0,1.5333333333333334
13321,650993,0.36528182501924983,0.4177733910619281,12.0,1.6
13322,651235,0.3650458750192464,0.5704666684032418,12.0,1.8
13323,651389,0.3648957250192442,0.418110556085594,12.0,1.9
13324,651591,0.36469877501924136,0.41698302095755935,12.0,2.033333333333333
13325,651823,0.3644725750192381,0.6942837797687389,12.0,2.2
13326,651874,0.36442285001923735,0.28037658834364265,12.0,2.2333333333333334
13327,652067,0.3642346750192346,0.5366038784850389,12.0,2.3
13328,652170,0.36413425001923316,0.2338740958366543,12.0,2.3333333333333335
13329,652191,0.36411377501923287,0.05356723244767636,12.0,2.3
13330,652429,0.3638817250192295,0.4885895414627157,12.0,2.466666666666667
13331,652452,0.36385930001922917,0.0460356488765683,12.0,2.466666666666667
13332,652568,0.36374620001922753,0.20751369575737044,12.0,2.533333333333333
13333,652591,0.3637237750192272,0.03758992726216093,12.0,2.5
13334,652692,0.3636253000192258,0.17556337840505876,12.0,2.5
13335,652715,0.36360287501922545,0.03625257819658145,12.0,2.5
13336,652738,0.3635804500192251,0.02276071486994624,12.0,2.433333333333333
13337,652870,0.36345175001922325,0.24300513725029305,12.0,2.3333333333333335
13338,653049,0.3632772250192207,0.30574477737536654,12.0,2.3666666666666667
13339,653195,0.36313487501921865,0.23635964008281007,12.0,2.3666666666666667
13340,653248,0.3630832000192179,0.11949170948355459,12.0,2.3333333333333335
13341,653271,0.3630607750192176,0.04014008573722094,12.0,2.3
13342,653294,0.36303835001921725,0.06539167877053842,12.0,2.3
13343,653542,0.36279655001921374,0.4281813043926377,12.0,2.4
13344,653565,0.3627741250192134,0.04145658027846366,12.0,2.4
13345,653588,0.3627517000192131,0.052831444452749565,12.0,2.4
13346,653802,0.36254305001921006,0.4440201139950659,12.0,2.433333333333333
13347,653853,0.36249332501920933,0.07009739734348841,12.0,2.466666666666667
13348,653876,0.362470900019209,0.03663292064447887,12.0,2.466666666666667
13349,653899,0.3624484750192087,0.051019530394114554,12.0,2.3333333333333335
13350,654001,0.36234902501920724,0.1441311999806203,12.0,2.3333333333333335
13351,654052,0.3622993000192065,0.08008105278713629,12.0,2.2666666666666666
13352,654104,0.3622486000192058,0.0706978322705254,12.0,2.1
13353,654275,0.36208187501920336,0.28111949589219876,12.0,2.1
13354,654421,0.3619395250192013,0.30285768341855146,12.0,2.033333333333333
13355,654476,0.3618859000192005,0.0930316882149782,12.0,1.8666666666666667
13356,654527,0.3618361750191998,0.0688541192212142,12.0,1.8666666666666667
13357,654548,0.3618157000191995,0.04292271414306015,12.0,1.7
13358,654683,0.3616840750191976,0.1828651610412635,12.0,1.7666666666666666
13359,654706,0.36166165001919726,0.04405351675814018,12.0,1.7666666666666666
13360,654804,0.36156610001919587,0.14125291729578748,12.0,1.6333333333333333
13361,655007,0.361368175019193,0.3537643272720743,12.0,1.8333333333333333
13362,655197,0.3611829250191903,1.404602563707158,12.0,1.9
13363,655279,0.36110297501918914,0.5803620155202225,12.0,1.9666666666666666
13364,655465,0.3609216250191865,0.8975333153503016,12.0,2.066666666666667
13365,655520,0.36086800001918573,0.23211127577815205,12.0,2.1
13366,655671,0.3607207750191836,0.6100532744312659,12.0,2.2333333333333334
13367,655785,0.360609625019182,0.40599736623698846,12.0,2.2333333333333334
13368,655837,0.36055892501918124,0.16013834776822478,12.0,2.1
13369,656073,0.3603288250191779,0.693081809207797,12.0,2.1666666666666665
13370,656096,0.3603064000191776,0.06644545076414943,12.0,2.1333333333333333
13371,656295,0.36011237501917476,0.6022565779276192,12.0,2.3
13372,656416,0.35999440001917304,0.3176221339672338,12.0,2.3666666666666667
13373,656439,0.3599719750191727,0.04159053770126775,12.0,2.1333333333333333
13374,656578,0.35983645001917075,0.3098574012401514,12.0,2.2333333333333334
13375,656647,0.3597691750191698,0.1622528990264982,12.0,2.2666666666666666
13376,656819,0.35960147501916734,0.36221118742832914,12.0,2.2333333333333334
13377,656842,0.359579050019167,0.039283821650315076,12.0,2.2
13378,656942,0.3594815500191656,0.17231302947038785,12.0,2.2666666666666666
13379,657064,0.35936260001916387,0.2914730601478368,12.0,2.3333333333333335
13380,657087,0.35934017501916354,0.03894382674479857,12.0,2.2666666666666666
13381,657110,0.3593177500191632,0.040916347003076226,12.0,2.2333333333333334
13382,657181,0.3592485250191622,0.12263255775906146,12.0,2.2333333333333334
13383,657204,0.3592261000191619,0.0804574463982135,12.0,2.1
13384,657271,0.35916077501916094,0.17729720316128805,12.0,2.033333333333333
13385,657509,0.35892872501915757,0.5421134299249388,12.0,2.2
13386,657639,0.35880197501915573,0.27711442654253915,12.0,2.2666666666666666
13387,657812,0.3586333000191533,0.32044648460578173,12.0,2.3666666666666667
13388,657985,0.35846462501915083,0.324358010024298,12.0,2.3333333333333335
13389,658111,0.35834177501914904,0.2239150429959409,12.0,2.4
13390,658185,0.358269625019148,0.12872870435239747,12.0,2.3666666666666667
13391,658236,0.3582199000191473,0.10190319793764502,12.0,2.2
13392,658259,0.35819747501914695,0.03925735625671223,12.0,2.066666666666667
13393,658330,0.35812825001914594,0.09949743701145053,12.0,2.033333333333333
13394,658507,0.35795567501914344,0.24778445591800846,12.0,2.0
13395,658582,0.3578825500191424,0.08653913150192238,12.0,2.0
13396,658605,0.35786012501914205,0.025860854948405176,12.0,1.8666666666666667
13397,658628,0.3578377000191417,0.03176806942792609,12.0,1.7666666666666666
13398,658679,0.357787975019141,0.06269606997375377,12.0,1.7666666666666666
13399,658969,0.3575052250191369,0.5961978654086124,12.0,1.8333333333333333
13400,659157,0.35732192501913423,0.29953763727098703,12.0,1.9666666666666666
13401,659319,0.35716397501913194,0.27731280188891105,12.0,1.9666666666666666
13402,659342,0.3571415500191316,0.05779224680736661,12.0,1.9
13403,659365,0.3571191250191313,0.04353933793026954,12.0,1.9
13404,659465,0.3570216250191299,0.17976376306614839,12.0,1.8666666666666667
13405,659658,0.35683345001912714,0.3227506624243688,12.0,2.0
13406,659836,0.3566599000191246,0.2681049717357382,12.0,2.033333333333333
13407,659859,0.3566374750191243,0.03308896772796288,12.0,2.033333333333333
13408,660032,0.35646880001912185,0.40805348943104036,12.0,2.1
13409,660208,0.35629720001911935,1.2432173347333446,12.0,2.2333333333333334
13410,660362,0.3561470500191172,0.9474109642906114,12.0,2.3333333333333335
13411,660626,0.35588965001911343,1.1812503710389137,12.0,2.566666666666667
13412,660701,0.3558165250191124,0.24609916983172297,12.0,2.566666666666667
13413,660724,0.35579410001911205,0.09649996890220791,12.0,2.566666666666667
13414,660847,0.3556741750191103,0.37312834220938385,12.0,2.6
13415,660870,0.35565175001911,0.09214962983969599,12.0,2.4
13416,661109,0.3554187250191066,0.8688147514476441,12.0,2.5
13417,661160,0.3553690000191059,0.19958930660504848,12.0,2.433333333333333
13418,661261,0.35527052501910444,0.3168924244819209,12.0,2.4
13419,661312,0.3552208000191037,0.13147388870129362,12.0,2.3666666666666667
13420,661335,0.3551983750191034,0.056849733693525195,12.0,2.3333333333333335
13421,661562,0.3549770500191002,0.5906904895382468,12.0,2.533333333333333
13422,661662,0.35487955001909877,0.2513866752269678,12.0,2.6
13423,661714,0.35482885001909803,0.0962564813089557,12.0,2.6
13424,661789,0.35475572501909697,0.16920579771976918,12.0,2.5
13425,661915,0.3546328750190952,0.30477613111725077,12.0,2.533333333333333
13426,662015,0.35453537501909377,0.2546463871258311,12.0,2.6
13427,662213,0.35434232501909096,0.5127273013349622,12.0,2.7666666666666666
13428,662311,0.3542467750190896,0.17309951956849545,12.0,2.8
13429,662332,0.3542263000190893,0.04029419965809211,12.0,2.533333333333333
13430,662401,0.3541590250190883,0.18702874839073047,12.0,2.433333333333333
13431,662502,0.3540605500190869,0.216926938155666,12.0,2.3333333333333335
13432,662586,0.3539786500190857,0.2604049658984877,12.0,2.4
13433,662779,0.35379047501908295,0.34361776465084404,12.0,2.566666666666667
13434,662918,0.353654950019081,0.2606721979973372,12.0,2.6
13435,662990,0.35358475001907996,0.13169097289210185,12.0,2.466666666666667
13436,663013,0.35356232501907964,0.054869755578693,12.0,2.3
13437,663190,0.35338975001907713,0.42145707056624815,12.0,2.466666666666667
13438,663432,0.3531538000190737,0.5107845247257501,12.0,2.566666666666667
13439,663455,0.3531313750190734,0.04198537254706025,12.0,2.3666666666666667
13440,663644,0.3529471000190707,0.4135347321280278,12.0,2.4
13441,663776,0.35281840001906883,0.24464622186496854,12.0,2.2666666666666666
13442,663931,0.35266727501906664,0.3335941783734597,12.0,2.3333333333333335
13443,664124,0.3524791000190639,0.42559991023154,12.0,2.466666666666667
13444,664245,0.3523611250190622,0.24117003480205312,12.0,2.466666666666667
13445,664368,0.35224120001906045,0.22855681157670915,12.0,2.533333333333333
13446,664523,0.35209007501905826,0.2392868907772936,12.0,2.466666666666667
13447,664695,0.3519223750190558,0.31153422401985154,12.0,2.566666666666667
13448,664718,0.3518999500190555,0.07871573488228023,12.0,2.5
13449,664840,0.35178100001905377,0.22219711999059655,12.0,2.533333333333333
13450,665051,0.3515752750190508,0.6742231816169806,12.0,2.7333333333333334
13451,665074,0.35155285001905046,0.21358142886310816,12.0,2.5
13452,665240,0.3513910000190481,1.3275524526834488,12.0,2.566666666666667
13453,665410,0.3512252500190457,1.065215167880524,12.0,2.6333333333333333
13454,665541,0.35109752501904384,0.5583816767903045,12.0,2.7
13455,665718,0.35092495001904134,0.701576036401093,12.0,2.7666666666666666
13456,665878,0.35076895001903907,0.5646889109630138,12.0,2.8666666666666667
13457,665947,0.3507016750190381,0.24270194239215925,12.0,2.7333333333333334
13458,666020,0.35063050001903706,0.2984074952546507,12.0,2.7
13459,666180,0.3504745000190348,0.46579674730310217,12.0,2.8333333333333335
13460,666330,0.35032825001903267,0.4946541898534633,12.0,2.9
13461,666399,0.3502609750190317,0.1814959606854245,12.0,2.8666666666666667
13462,666471,0.3501907750190307,0.16285509627778083,12.0,2.8333333333333335
13463,666644,0.3500221000190282,0.4109060278860852,12.0,2.8
13464,666840,0.34983100001902545,0.44616428355220705,12.0,2.8666666666666667
13465,667093,0.34958432501902187,0.5831463574431837,12.0,3.066666666666667
13466,667283,0.3493990750190192,0.4939270269824192,12.0,3.2
13467,667355,0.34932887501901816,0.20132820022990927,12.0,3.066666666666667
13468,667378,0.34930645001901783,0.047585575317498296,12.0,2.8333333333333335
13469,667553,0.34913582501901536,0.43415983981685713,12.0,2.966666666666667
13470,667658,0.34903345001901387,0.25386378477560356,12.0,2.9
13471,667872,0.34882480001901084,0.4297700294991955,12.0,2.966666666666667
13472,667973,0.3487263250190094,0.17632467579096556,12.0,2.933333333333333
13473,667996,0.3487039000190091,0.050635794177651405,12.0,2.8
13474,668071,0.348630775019008,0.17036497633671388,12.0,2.7666666666666666
13475,668145,0.348558625019007,0.11686872784048319,12.0,2.7333333333333334
13476,668214,0.348491350019006,0.13178130981395952,12.0,2.6333333333333333
13477,668409,0.34830122501900324,0.29442479310091585,12.0,2.6666666666666665
13478,668481,0.3482310250190022,0.1916010172571987,12.0,2.7
13479,668556,0.34815790001900115,0.11791773798177019,12.0,2.6666666666666665
13480,668630,0.3480857500190001,0.13040794467087835,12.0,2.5
13481,668653,0.3480633250189998,0.04506888712057844,12.0,2.5
13482,668766,0.3479531500189982,0.22884998784866184,12.0,2.466666666666667
13483,668864,0.3478576000189968,0.14908667272538878,12.0,2.433333333333333
13484,669045,0.34768112501899423,0.2844128040014766,12.0,2.5
13485,669068,0.3476587000189939,0.042258038971340284,12.0,2.3666666666666667
13486,669137,0.34759142501899293,0.11796729257912375,12.0,2.2333333333333334
13487,669256,0.34747540001899124,0.2714180095063057,12.0,2.2666666666666666
13488,669377,0.34735742501898953,0.23429807357024401,12.0,2.3
13489,669452,0.34728430001898847,0.10096248725312762,12.0,2.2
13490,669475,0.34726187501898814,0.02792806993238628,12.0,2.1
13491,669573,0.34716632501898675,0.17540278114029206,12.0,2.1333333333333333
13492,669624,0.34711660001898603,0.06451588356867433,12.0,2.1333333333333333
13493,669647,0.3470941750189857,0.036991076136473566,12.0,2.0
13494,669733,0.3470103250189845,0.13811897873529233,12.0,1.9
13495,669787,0.3469576750189837,0.09114922792650759,12.0,1.7
13496,669908,0.346839700018982,0.18103700908250175,12.0,1.6333333333333333
13497,669929,0.3468192250189817,0.02725943477707915,12.0,1.6
13498,670001,0.3467490250189807,0.14694641102687456,12.0,1.6333333333333333
13499,670154,0.34659985001897853,1.371987204067409,12.0,1.6
13500,670323,0.34643507501897614,1.0973654192639515,12.0,1.6333333333333333
13501,670479,0.3462829750189739,0.7814079134259373,12.0,1.6
13502,670550,0.3462137500189729,0.28038710134569556,12.0,1.5666666666666667
13503,670622,0.3461435500189719,0.2637739835190587,12.0,1.6
13504,670744,0.3460246000189702,0.48181629105238244,12.0,1.6333333333333333
13505,670900,0.34587250001896797,0.4700571358553134,12.0,1.7
13506,671053,0.3457233250189658,0.4551454207394272,12.0,1.8
13507,671245,0.3455361250189631,0.5024326724815182,12.0,1.8
13508,671410,0.34537525001896074,0.3536626002751291,12.0,1.8666666666666667
13509,671589,0.3452007250189582,0.4434955775504932,12.0,2.0
13510,671689,0.3451032250189568,0.21618739553377964,12.0,2.033333333333333
13511,671712,0.34508080001895647,0.043065802776254714,12.0,2.033333333333333
13512,671860,0.3449365000189544,0.3309402529266663,12.0,2.033333333333333
13513,671883,0.34491407501895405,0.05759223218774423,12.0,1.9666666666666666
13514,671906,0.3448916500189537,0.040579732274636626,12.0,1.8
13515,672006,0.3447941500189523,0.2082902498950716,12.0,1.8666666666666667
13516,672177,0.3446274250189499,0.3683179665822536,12.0,1.9666666666666666
13517,672344,0.3444646000189475,0.2588743890810292,12.0,2.0
13518,672524,0.34428910001894497,0.2989036123617552,12.0,2.1
13519,672652,0.34416430001894316,0.25588401837740093,12.0,2.1333333333333333
13520,672675,0.34414187501894283,0.04378258669748902,12.0,2.1333333333333333
13521,672698,0.3441194500189425,0.04234194406308234,12.0,2.066666666666667
13522,672749,0.3440697250189418,0.08129198296228424,12.0,2.066666666666667
13523,672772,0.34404730001894146,0.03418214339762926,12.0,2.066666666666667
13524,672891,0.3439312750189398,0.19289309399027843,12.0,2.1
13525,673009,0.3438162250189381,0.2099184139224235,12.0,2.1333333333333333
13526,673032,0.3437938000189378,0.03643621376249939,12.0,2.066666666666667
13527,673190,0.34363975001893554,0.2799605529871769,12.0,2.2
13528,673213,0.3436173250189352,0.03524279285920784,12.0,2.1666666666666665
13529,673332,0.34350130001893353,0.1780350471381098,12.0,2.1333333333333333
13530,673355,0.3434788750189332,0.054703520494513214,12.0,2.033333333333333
13531,673549,0.34328972501893046,0.31884184849332087,12.0,2.066666666666667
13532,673670,0.34317175001892875,0.19525864446768537,12.0,2.1
13533,673741,0.34310252501892774,0.10936485917773098,12.0,2.1
13534,673866,0.34298065001892597,0.21022382349474356,12.0,2.1
13535,673970,0.3428792500189245,0.1849930024764035,12.0,2.066666666666667
13536,673993,0.34285682501892417,0.02816543180961162,12.0,1.9333333333333333
13537,674062,0.3427895500189232,0.09973260751576163,12.0,1.8
13538,674083,0.3427690750189229,0.03611969010671601,12.0,1.7
13539,674106,0.34274665001892257,0.03673315423657186,12.0,1.5333333333333334
13540,674127,0.3427261750189223,0.03067216934869066,12.0,1.4666666666666666
13541,674296,0.3425614000189199,0.24634814477758482,12.0,1.6
13542,674398,0.34246195001891844,0.16359834348259028,12.0,1.5666666666666667
13543,674529,0.3423342250189166,0.1831079657713417,12.0,1.6666666666666667
13544,674632,0.3422338000189151,0.16134798430721276,12.0,1.7333333333333334
13545,674830,0.3420407500189123,0.27460999516188167,12.0,1.8333333333333333
13546,674951,0.3419227750189106,0.19914659316418692,12.0,1.7666666666666666
13547,675128,0.3417502000189081,0.9749850542866625,12.0,1.8
13548,675230,0.34165075001890666,0.5349684855900705,12.0,1.7
13549,675387,0.34149767501890443,0.7109057019697502,12.0,1.7333333333333334
13550,675410,0.3414752500189041,0.0935441906331107,12.0,1.7333333333333334
13551,675594,0.3412958500189015,0.6607963546412066,12.0,1.8666666666666667
13552,675769,0.341125225018899,0.5660851679276675,12.0,1.9666666666666666
13553,675898,0.3409994500188972,0.4181137954001315,12.0,2.066666666666667
13554,676031,0.3408697750188953,0.3625148124410771,12.0,2.066666666666667
13555,676108,0.3407947000188942,0.20001838530879468,12.0,2.033333333333333
13556,676261,0.34064552501889206,0.3713045491022058,12.0,2.1666666666666665
13557,676393,0.3405168250188902,0.30254267976852134,12.0,2.1333333333333333
13558,676416,0.34049440001888986,0.051444509997963905,12.0,2.1333333333333333
13559,676602,0.34031305001888723,0.3577384248492308,12.0,2.2333333333333334
13560,676674,0.3402428500188862,0.15591663145460188,12.0,2.2666666666666666
13561,676746,0.3401726500188852,0.13510292925639078,12.0,2.1333333333333333
13562,676820,0.34010050001888414,0.14189137489302084,12.0,2.1
13563,676894,0.3400283500188831,0.11601692391559482,12.0,2.1
13564,677080,0.33984700001888046,0.33954734896542504,12.0,2.1666666666666665
13565,677103,0.33982457501888014,0.03314638999290764,12.0,2.1
13566,677174,0.33975535001887913,0.11179723549867049,12.0,2.1333333333333333
13567,677195,0.33973487501887883,0.02862742348224856,12.0,2.1
13568,677383,0.3395515750188762,0.3015973460569512,12.0,2.2333333333333334
13569,677406,0.33952915001887585,0.03897796041565016,12.0,2.2333333333333334
13570,677478,0.3394589500188748,0.1006948056165129,12.0,2.2666666666666666
13571,677501,0.3394365250188745,0.05423693102784455,12.0,2.1333333333333333
13572,677664,0.3392776000188722,0.24626251065637916,12.0,2.2333333333333334
13573,677762,0.3391820500188708,0.19608297760714777,12.0,2.2
13574,677865,0.33908162501886935,0.28237258637091145,12.0,2.2
13575,678039,0.3389119750188669,0.31693087324674707,12.0,2.1333333333333333
13576,678110,0.3388427500188659,0.1229217401414644,12.0,2.1
13577,678161,0.33879302501886516,0.11471171901212074,12.0,2.0
13578,678184,0.33877060001886483,0.031625986215658486,12.0,1.9333333333333333
13579,678266,0.33869065001886367,0.1541773850331083,12.0,1.9
13580,678289,0.33866822501886334,0.029508505249395967,12.0,1.9
13581,678340,0.3386185000188626,0.11241244556731544,12.0,1.8
13582,678459,0.33850247501886094,0.23353734094416723,12.0,1.7333333333333334
13583,678482,0.3384800500188606,0.032450566126499325,12.0,1.6333333333333333
13584,678582,0.3383825500188592,0.10586011677514762,12.0,1.6
13585,678605,0.33836012501885887,0.02064098371192813,12.0,1.5666666666666667
13586,678656,0.33831040001885815,0.12209838451235555,12.0,1.4666666666666666
13587,678806,0.338164150018856,0.2725325080100447,12.0,1.5
13588,678829,0.3381417250188557,0.035524516890291125,12.0,1.5
13589,678852,0.3381193000188554,0.05484682030510157,12.0,1.3333333333333333
13590,678904,0.33806860001885464,0.08904267137404531,12.0,1.3333333333333333
13591,678927,0.3380461750188543,0.0273526543751359,12.0,1.3
13592,679090,0.337887250018852,0.2254621933971066,12.0,1.3666666666666667
13593,679175,0.3378043750188508,0.1375759707589168,12.0,1.4
13594,679326,0.33765715001884866,0.21665647387271747,12.0,1.4
13595,679377,0.33760742501884794,0.06365065736463293,12.0,1.4333333333333333
13596,679461,0.33752552501884675,0.12738022589473985,12.0,1.4666666666666666
13597,679482,0.33750505001884645,0.05265633016824722,12.0,1.4666666666666666
13598,679666,0.33732565001884385,0.37045087732258253,12.0,1.4666666666666666
13599,679803,0.3371920750188419,0.2408664715476334,12.0,1.5666666666666667
13600,679826,0.3371696500188416,0.05900587225914933,12.0,1.5333333333333334
13601,679849,0.33714722501884126,0.057130702829454094,12.0,1.5333333333333334
13602,679951,0.3370477750188398,0.2216137589130085,12.0,1.4333333333333333
13603,680114,0.3368888500188375,0.8326959843980148,12.0,1.5333333333333334
13604,680289,0.336718225018835,0.9031427940353751,12.0,1.6
13605,680312,0.3366958000188347,0.11202094599138945,12.0,1.5
13606,680467,0.3365446750188325,0.7155889208661392,12.0,1.6
13607,680637,0.3363789250188301,0.6492996747838333,12.0,1.6666666666666667
13608,680777,0.3362424250188281,0.4767785368603654,12.0,1.7666666666666666
13609,680901,0.33612152501882636,0.3763646006700583,12.0,1.7666666666666666
13610,680954,0.3360698500188256,0.16078979009762406,12.0,1.8
13611,680977,0.3360474250188253,0.050854160683229566,12.0,1.7666666666666666
13612,681129,0.33589922501882313,0.4664143187692389,12.0,1.8333333333333333
13613,681215,0.3358153750188219,0.21579289709916338,12.0,1.9
13614,681269,0.33576272501882115,0.12914766074391082,12.0,1.8666666666666667
13615,681292,0.3357403000188208,0.040443141595460474,12.0,1.8666666666666667
13616,681374,0.33566035001881966,0.18057088769273832,12.0,1.9
13617,681605,0.3354351250188164,0.5082885301089846,12.0,1.9666666666666666
13618,681677,0.3353649250188154,0.20939280441962183,12.0,2.0
13619,681751,0.3352927750188143,0.25276438001310453,12.0,2.033333333333333
13620,681923,0.3351250750188119,0.4662727057002485,12.0,2.1
13621,681974,0.33507535001881117,0.10348647407954559,12.0,2.1333333333333333
13622,682189,0.3348657250188081,0.540360948536545,12.0,2.2
13623,682212,0.3348433000188078,0.050935903447680175,12.0,2.1333333333333333
13624,682235,0.3348208750188075,0.05451048328541219,12.0,2.0
13625,682256,0.3348004000188072,0.0339548570336774,12.0,1.9666666666666666
13626,682325,0.3347331250188062,0.12082498238305561,12.0,1.9333333333333333
13627,682425,0.3346356250188048,0.19882444542599842,12.0,2.0
13628,682448,0.33461320001880446,0.04346774646546692,12.0,1.8666666666666667
13629,682501,0.3345615250188037,0.12737708710483275,12.0,1.8
13630,682524,0.3345391000188034,0.048806673963554204,12.0,1.8
13631,682594,0.3344708500188024,0.14285087370080873,12.0,1.8333333333333333
13632,682745,0.33432362501880025,0.2913153755944222,12.0,1.8666666666666667
13633,682820,0.3342505000187992,0.11918030813103542,12.0,1.7333333333333334
13634,682874,0.3341978500187984,0.10935943553340621,12.0,1.6333333333333333
13635,682956,0.33411790001879726,0.15360281962784939,12.0,1.7
13636,683112,0.33396580001879506,0.2628829044406302,12.0,1.7
13637,683184,0.33389560001879404,0.1080346202943474,12.0,1.6333333333333333
13638,683379,0.3337054750187913,0.3841350060829427,12.0,1.7
13639,683545,0.3335436250187889,0.3739131360198371,12.0,1.8
13640,683596,0.3334939000187882,0.07971140061272308,12.0,1.8
13641,683647,0.3334441750187875,0.08715232467511669,12.0,1.8333333333333333
13642,683836,0.3332599000187848,0.28176808627904393,12.0,1.8333333333333333
13643,683937,0.3331614250187834,0.24297298703459091,12.0,1.8333333333333333
13644,684038,0.33306295001878194,0.18466445134254172,12.0,1.8666666666666667
13645,684113,0.3329898250187809,0.2372669285396114,12.0,1.9
13646,684232,0.3328738000187792,0.2186856079788413,12.0,1.9
13647,684283,0.3328240750187785,0.09306689898949116,12.0,1.7333333333333334
13648,684367,0.3327421750187773,0.16905831251642667,12.0,1.7666666666666666
13649,684555,0.3325588750187746,0.29730409747571684,12.0,1.8666666666666667
13650,684630,0.33248575001877356,0.15304589900188148,12.0,1.8
13651,684763,0.3323560750187717,0.242493557598209,12.0,1.8666666666666667
13652,684895,0.3322273750187698,0.25052373856306076,12.0,1.8
13653,684979,0.3321454750187686,0.16614307690178975,12.0,1.8666666666666667
13654,685061,0.33206552501876746,0.4839920707163401,12.0,1.9333333333333333
13655,685084,0.33204310001876713,0.22037716617342085,12.0,1.9333333333333333
13656,685107,0.3320206750187668,0.21019571623764932,12.0,1.9
13657,685179,0.3319504750187658,0.48343469307292253,12.0,1.8666666666666667
13658,685300,0.3318325000187641,0.7864305814728141,12.0,1.9333333333333333
13659,685424,0.3317116000187623,0.675240122480318,12.0,1.9666666666666666
13660,685598,0.33154195001875986,0.7438914699596353,12.0,2.1
13661,685733,0.33141032501875795,0.4198594157351181,12.0,2.1666666666666665
13662,685756,0.3313879000187576,0.10561251710169017,12.0,2.066666666666667
13663,685777,0.3313674250187573,0.053797719709109515,12.0,2.033333333333333
13664,685947,0.3312016750187549,0.5533790534245782,12.0,2.1
13665,685997,0.3311529250187542,0.14343273069243878,12.0,2.066666666666667
13666,686020,0.3311305000187539,0.05351586628239602,12.0,1.9333333333333333
13667,686089,0.3310632250187529,0.18407546041999012,12.0,1.9333333333333333
13668,686207,0.33094817501875123,0.35344468255061656,12.0,1.8333333333333333
13669,686278,0.33087895001875023,0.20601741835707799,12.0,1.7
13670,686426,0.33073465001874813,0.3576164492405951,12.0,1.7666666666666666
13671,686477,0.3306849250187474,0.1373762022703886,12.0,1.7666666666666666
13672,686627,0.3305386750187453,0.4165197619004175,12.0,1.7333333333333334
13673,686800,0.33037000001874284,0.32802067062584683,12.0,1.8
13674,686950,0.3302237500187407,0.38523607375100255,12.0,1.8333333333333333
13675,687111,0.33006677501873843,0.27592423613532446,12.0,1.9333333333333333
13676,687252,0.32992930001873644,0.32024425838608295,12.0,2.0
13677,687275,0.3299068750187361,0.051991063402965665,12.0,1.9666666666666666
13678,687429,0.32975672501873393,0.34212382935220376,12.0,2.033333333333333
13679,687513,0.32967482501873274,0.17559736006660387,12.0,1.9666666666666666
13680,687716,0.32947690001872987,0.4214307506044861,12.0,2.1333333333333333
13681,687800,0.3293950000187287,0.11249476982629858,12.0,2.1
13682,687932,0.3292663000187268,0.23977908515371382,12.0,2.1
13683,688063,0.32913857501872495,0.21509100223192945,12.0,2.1333333333333333
13684,688240,0.32896600001872245,0.28369985535391606,12.0,2.2
13685,688343,0.328865575018721,0.21567367200623266,12.0,2.2666666666666666
13686,688413,0.32879732501872,0.12086295674089342,12.0,2.3
13687,688580,0.32863450001871763,0.37039344359072857,12.0,2.3666666666666667
13688,688716,0.3285019000187157,0.23829340728116222,12.0,2.433333333333333
13689,688960,0.32826400001871225,0.5272221174964216,12.0,2.6
13690,689149,0.3280797250187096,0.3810744301008526,12.0,2.6
13691,689270,0.32796175001870786,0.28418841026723385,12.0,2.566666666666667
13692,689536,0.3277024000187041,0.4797829293529503,12.0,2.8
13693,689730,0.32751325001870135,0.30292144886334427,12.0,2.933333333333333
13694,689784,0.3274606000187006,0.10284529440104961,12.0,2.8666666666666667
13695,689922,0.32732605001869863,0.23479770310223103,12.0,2.933333333333333
13696,690006,0.32724415001869744,0.1837768906261772,12.0,3.0
13697,690075,0.32717687501869647,0.46423293673433363,12.0,3.0
13698,690255,0.3270013750186939,1.2557703558704816,12.0,3.1
13699,690436,0.32682490001869136,0.8739635485690087,12.0,3.2333333333333334
13700,690459,0.32680247501869103,0.11368445912376046,12.0,3.1333333333333333
13701,690654,0.32661235001868827,0.9314676371286623,12.0,3.2666666666666666
13702,690738,0.3265304500186871,0.3109806074644439,12.0,3.2333333333333334
13703,690940,0.3263335000186842,0.7537529916153289,12.0,3.2666666666666666
13704,691162,0.3261170500186811,0.7054610548075289,12.0,3.3666666666666667
13705,691236,0.32604490001868003,0.2278719269670546,12.0,3.2666666666666666
13706,691388,0.3258967000186779,0.43338183022569865,12.0,3.2666666666666666
13707,691537,0.32575142501867577,0.5295060544740409,12.0,3.3666666666666667
13708,691606,0.3256841500186748,0.14673081587534398,12.0,3.2666666666666666
13709,691681,0.3256110250186737,0.1770516250981018,12.0,3.2333333333333334
13710,691806,0.32548915001867196,0.3522290530963801,12.0,3.1
13711,691943,0.32535557501867,0.29886708833510056,12.0,3.1666666666666665
13712,691966,0.3253331500186697,0.036205588781740516,12.0,3.066666666666667
13713,691989,0.32531072501866937,0.04876912641339004,12.0,2.966666666666667
13714,692224,0.32508160001866604,0.4367053334717639,12.0,3.033333333333333
13715,692377,0.3249324250186639,0.30124886002158746,12.0,3.1
13716,692447,0.3248641750186629,0.1278894315182697,12.0,3.1
13717,692499,0.32481347501866215,0.10178122291108593,12.0,3.033333333333333
13718,692658,0.3246584500186599,0.31916475569596514,12.0,3.033333333333333
13719,692839,0.32448197501865733,0.3509206490125507,12.0,2.966666666666667
13720,692891,0.3244312750186566,0.12034554412821308,12.0,2.8666666666666667
13721,692942,0.3243815500186559,0.08503536699572578,12.0,2.8333333333333335
13722,693095,0.3242323750186537,0.35598903975915164,12.0,2.7333333333333334
13723,693116,0.3242119000186534,0.037105937604792416,12.0,2.6
13724,693341,0.3239925250186502,0.41992286418098956,12.0,2.7666666666666666
13725,693415,0.3239203750186492,0.12681050301762298,12.0,2.7
13726,693466,0.32387065001864845,0.08032900185207836,12.0,2.6666666666666665
13727,693566,0.32377315001864704,0.2403147949371487,12.0,2.7
13728,693741,0.32360252501864456,0.3229334392817691,12.0,2.6666666666666665
13729,693916,0.3234319000186421,0.2644083136401605,12.0,2.6333333333333333
13730,694088,0.32326420001863965,0.30643331713508815,12.0,2.7333333333333334
13731,694188,0.32316670001863823,0.12768139559193514,12.0,2.6333333333333333
13732,694343,0.32301557501863604,0.27492398663889617,12.0,2.7
13733,694366,0.3229931500186357,0.032038718927651644,12.0,2.533333333333333
13734,694389,0.3229707250186354,0.02417183294892311,12.0,2.3333333333333335
13735,694531,0.3228322750186334,0.23228487363667227,12.0,2.433333333333333
13736,694631,0.32273477501863196,0.19538930500857532,12.0,2.3666666666666667
13737,694652,0.32271430001863166,0.026806779846083373,12.0,2.2666666666666666
13738,694675,0.32269187501863134,0.037271140492521226,12.0,2.2333333333333334
13739,694820,0.3225505000186293,0.2481473320221994,12.0,2.3
13740,694991,0.32238377501862686,0.27485767914913595,12.0,2.3333333333333335
13741,695160,0.32221900001862447,1.233517510117963,12.0,2.3333333333333335
13742,695350,0.3220337500186218,1.0853027017437853,12.0,2.466666666666667
13743,695422,0.32196355001862076,0.4524541344726458,12.0,2.5
13744,695493,0.32189432501861975,0.2733082906343043,12.0,2.3333333333333335
13745,695514,0.32187385001861946,0.10080785199534148,12.0,2.2
13746,695661,0.3217305250186174,0.5910643119132146,12.0,2.2666666666666666
13747,695763,0.32163107501861593,0.45436136529315263,12.0,2.3
13748,695814,0.3215813500186152,0.2306886949809268,12.0,2.2
13749,695867,0.32152967501861446,0.21068912709597498,12.0,2.066666666666667
13750,696064,0.32133760001861167,0.7876847973675467,12.0,2.2
13751,696164,0.32124010001861025,0.2875404879450798,12.0,2.2333333333333334
13752,696302,0.3211055500186083,0.44074543309397995,12.0,2.2333333333333334
13753,696323,0.321085075018608,0.05907495424617082,12.0,2.2333333333333334
13754,696344,0.3210646000186077,0.047072264715097845,12.0,2.033333333333333
13755,696525,0.32088812501860514,0.5597878963453695,12.0,2.1666666666666665
13756,696578,0.3208364500186044,0.13492675317684188,12.0,2.1666666666666665
13757,696769,0.3206502250186017,0.5005641274619848,12.0,2.2666666666666666
13758,696934,0.32048935001859935,0.3533800290315412,12.0,2.3
13759,696986,0.3204386500185986,0.10804966211435385,12.0,2.2
13760,697031,0.320394775018598,0.09504619217477739,12.0,2.1333333333333333
13761,697115,0.3203128750185968,0.16061018797336146,12.0,2.1333333333333333
13762,697138,0.32029045001859646,0.037506525753997266,12.0,2.0
13763,697209,0.32022122501859546,0.1508216098882258,12.0,2.033333333333333
13764,697232,0.32019880001859513,0.050500534765888005,12.0,2.033333333333333
13765,697318,0.3201149500185939,0.15490414822124876,12.0,1.9666666666666666
13766,697341,0.3200925250185936,0.03587111929664388,12.0,1.9
13767,697494,0.3199433500185914,0.24744051715242676,12.0,2.033333333333333
13768,697565,0.3198741250185904,0.13432014524005353,12.0,2.066666666666667
13769,697693,0.3197493250185886,0.2673521457472816,12.0,2.033333333333333
13770,697768,0.31967620001858754,0.13015609740978107,12.0,1.9666666666666666
13771,697998,0.3194519500185843,0.3851196996984072,12.0,2.066666666666667
13772,698073,0.3193788250185832,0.15330432867631316,12.0,1.9666666666666666
13773,698239,0.3192169750185809,0.32088780275080353,12.0,2.033333333333333
13774,698442,0.319019050018578,0.40584586790646426,12.0,2.1666666666666665
13775,698605,0.3188601250185757,0.3516023260890506,12.0,2.3
13776,698689,0.3187782250185745,0.16271855038939975,12.0,2.2666666666666666
13777,698806,0.31866415001857284,0.20245740594691597,12.0,2.3
13778,698974,0.31850035001857047,0.292750795109896,12.0,2.4
13779,699195,0.31828487501856734,0.3331560113292653,12.0,2.566666666666667
13780,699322,0.31816105001856554,0.2010068450763356,12.0,2.466666666666667
13781,699345,0.3181386250185652,0.056198843638412654,12.0,2.4
13782,699414,0.31807135001856424,0.1320758398505859,12.0,2.3
13783,699568,0.31792120001856206,0.2166363965079654,12.0,2.433333333333333
13784,699716,0.31777690001855996,0.2948860262695234,12.0,2.533333333333333
13785,699819,0.3176764750185585,0.17882113315863535,12.0,2.433333333333333
13786,699842,0.3176540500185582,0.04815504248836078,12.0,2.4
13787,699865,0.31763162501855785,0.032463815761730075,12.0,2.2333333333333334
13788,699888,0.3176092000185575,0.04062248126138002,12.0,2.066666666666667
13789,699911,0.3175867750185572,0.03928290694602765,12.0,2.033333333333333
13790,699934,0.3175643500185569,0.04590250403271057,12.0,2.0
13791,700133,0.31737032501855406,1.2040905032190494,12.0,2.1333333333333333
13792,700156,0.31734790001855373,0.1592092311475426,12.0,2.1333333333333333
13793,700306,0.3172016500185516,0.897716355859302,12.0,2.2
13794,700441,0.3170700250185497,0.6400863296585158,12.0,2.3
13795,700598,0.31691695001854747,0.6450499969068915,12.0,2.3666666666666667
13796,700751,0.3167677750185453,0.5810220842249691,12.0,2.5
13797,700909,0.31661372501854307,0.507920186733827,12.0,2.5
13798,700932,0.31659130001854274,0.05546217720257118,12.0,2.466666666666667
13799,701052,0.31647430001854104,0.3932017015176825,12.0,2.466666666666667
13800,701242,0.31628905001853835,0.5576737765804864,12.0,2.566666666666667
13801,701313,0.31621982501853735,0.15963446942623705,12.0,2.3666666666666667
13802,701382,0.31615255001853637,0.24776510061929002,12.0,2.3666666666666667
13803,701495,0.31604237501853477,0.3407451585517265,12.0,2.3666666666666667
13804,701614,0.3159263500185331,0.21920892497291788,12.0,2.2666666666666666
13805,701786,0.31575865001853065,0.28778561545186676,12.0,2.2666666666666666
13806,701992,0.31555780001852773,0.3558824190113228,12.0,2.3666666666666667
13807,702074,0.3154778500185266,0.15721358911832795,12.0,2.3333333333333335
13808,702227,0.3153286750185244,0.2737783085904084,12.0,2.3333333333333335
13809,702475,0.3150868750185209,0.5718543435505126,12.0,2.3666666666666667
13810,702551,0.3150127750185198,0.14118067623348907,12.0,2.3333333333333335
13811,702744,0.3148246000185171,0.3082553306594491,12.0,2.5
13812,702876,0.3146959000185152,0.2347365757159423,12.0,2.566666666666667
13813,702899,0.3146734750185149,0.0597474651876837,12.0,2.433333333333333
13814,702922,0.31465105001851457,0.03592849848791957,12.0,2.3333333333333335
13815,702975,0.3145993750185138,0.08435514743905514,12.0,2.3
13816,703151,0.3144277750185113,0.3159248887823196,12.0,2.466666666666667
13817,703255,0.31432637501850985,0.1830084791581612,12.0,2.533333333333333
13818,703342,0.3142415500185086,0.14481830134172924,12.0,2.6
13819,703448,0.3141382000185071,0.19245131729985587,12.0,2.6666666666666665
13820,703522,0.31406605001850607,0.18596729723503813,12.0,2.7
13821,703659,0.31393247501850413,0.21160017541842535,12.0,2.6333333333333333
13822,703746,0.3138476500185029,0.12114466502680443,12.0,2.7
13823,703937,0.3136614250185002,0.28580764267826453,12.0,2.7333333333333334
13824,704106,0.3134966500184978,0.28545660444069654,12.0,2.7666666666666666
13825,704226,0.3133796500184961,0.2776040018070489,12.0,2.7
13826,704297,0.3133104250184951,0.1536537578504067,12.0,2.6
13827,704418,0.3131924500184934,0.21195759112015367,12.0,2.533333333333333
13828,704608,0.3130072000184907,0.3323367044213228,12.0,2.6666666666666665
13829,704785,0.3128346250184882,0.2890346253698226,12.0,2.7333333333333334
13830,704859,0.31276247501848714,0.14482694503385574,12.0,2.6333333333333333
13831,705009,0.312616225018485,0.27621245983755216,12.0,2.7
13832,705080,0.312547000018484,0.6481953491456807,12.0,2.7
13833,705103,0.3125245750184837,0.11357001808937639,12.0,2.6
13834,705126,0.31250215001848336,0.1488996158586815,12.0,2.533333333333333
13835,705286,0.3123461500184811,1.1011343603022397,12.0,2.566666666666667
13836,705386,0.3122486500184797,0.4570589641807601,12.0,2.466666666666667
13837,705409,0.31222622501847935,0.11548101692460477,12.0,2.4
13838,705531,0.3121072750184776,0.4903048762353137,12.0,2.3333333333333335
13839,705583,0.3120565750184769,0.22873995930422097,12.0,2.1333333333333333
13840,705667,0.3119746750184757,0.31190990668255836,12.0,2.1666666666666665
13841,705751,0.3118927750184745,0.3082287344732322,12.0,2.066666666666667
13842,705917,0.31173092501847216,0.49548459524521604,12.0,2.066666666666667
13843,706001,0.31164902501847097,0.23990666691679507,12.0,2.1333333333333333
13844,706024,0.31162660001847065,0.05437139584682882,12.0,2.1333333333333333
13845,706047,0.3116041750184703,0.06662296113790944,12.0,2.1
13846,706268,0.3113887000184672,0.5381299132714048,12.0,2.1333333333333333
13847,706291,0.31136627501846686,0.056079301110003144,12.0,2.066666666666667
13848,706411,0.31124927501846517,0.2491883763577789,12.0,2.066666666666667
13849,706561,0.31110302501846304,0.34835327259497717,12.0,2.1
13850,706584,0.3110806000184627,0.07463914511026815,12.0,2.066666666666667
13851,706607,0.3110581750184624,0.03616388147929683,12.0,1.9333333333333333
13852,706725,0.3109431250184607,0.19884278840618208,12.0,1.9333333333333333
13853,706967,0.3107071750184573,0.5655770084413234,12.0,2.0
13854,707091,0.31058627501845554,0.2608790216327179,12.0,1.9333333333333333
13855,707114,0.3105638500184552,0.05758991034235805,12.0,1.8666666666666667
13856,707167,0.31051217501845446,0.10435190671705641,12.0,1.8666666666666667
13857,707190,0.31048975001845414,0.03763797983992845,12.0,1.8
13858,707211,0.31046927501845384,0.04349481774261221,12.0,1.6666666666666667
13859,707283,0.3103990750184528,0.1677002118958626,12.0,1.5666666666666667
13860,707386,0.31029865001845136,0.2366663570574019,12.0,1.6
13861,707457,0.31022942501845036,0.19516451720846817,12.0,1.5333333333333334
13862,707651,0.3100402750184476,0.39661325336783193,12.0,1.6333333333333333
13863,707703,0.3099895750184469,0.08776872843736783,12.0,1.6666666666666667
13864,707874,0.30982285001844445,0.45343551473342814,12.0,1.8
13865,707982,0.3097175500184429,0.20147336841910146,12.0,1.7
13866,708173,0.3095313250184402,0.33948191910167225,12.0,1.8
13867,708257,0.30944942501843903,0.1293001179001294,12.0,1.8666666666666667
13868,708328,0.309380200018438,0.12455648009199649,12.0,1.8333333333333333
13869,708349,0.3093597250184377,0.10945205049938522,12.0,1.8
13870,708596,0.30911890001843423,0.46553387003950775,12.0,1.9333333333333333
13871,708619,0.3090964750184339,0.0979746293160133,12.0,1.8666666666666667
13872,708670,0.3090467500184332,0.13211294781649485,12.0,1.8
13873,708740,0.3089785000184322,0.11407615098869428,12.0,1.7666666666666666
13874,708913,0.30880982501842974,0.32122348016127944,12.0,1.9
13875,709035,0.308690875018428,0.1892312268319074,12.0,1.9666666666666666
13876,709119,0.3086089750184268,0.1269026638183277,12.0,1.8333333333333333
13877,709220,0.3085105000184254,0.17902105426765047,12.0,1.9
13878,709353,0.3083808250184235,0.23916571028530598,12.0,1.9333333333333333
13879,709408,0.30832720001842273,0.10404604091309011,12.0,1.8666666666666667
13880,709580,0.3081595000184203,0.24578519273200072,12.0,1.9666666666666666
13881,709603,0.30813707501841997,0.031860025017522275,12.0,1.9666666666666666
13882,709769,0.3079752250184176,0.23320646211504936,12.0,2.033333333333333
13883,709855,0.3078913750184164,0.10504405669053085,12.0,1.9
13884,709989,0.3077607250184145,0.22745650963042863,12.0,1.9333333333333333
13885,710061,0.3076905250184135,0.44654759793775156,12.0,1.9666666666666666
13886,710231,0.3075247750184111,1.0776875785086304,12.0,2.033333333333333
13887,710302,0.3074555500184101,0.3551866761408746,12.0,2.066666666666667
13888,710323,0.3074350750184098,0.10881266416981816,12.0,2.066666666666667
13889,710346,0.30741265001840945,0.12803208222612739,12.0,2.033333333333333
13890,710516,0.30724690001840704,0.795023042417597,12.0,2.1
13891,710599,0.30716597501840587,0.4277545937220566,12.0,2.1333333333333333
13892,710794,0.3069758500184031,0.6871355168404989,12.0,2.1666666666666665
13893,710845,0.3069261250184024,0.1350052481284365,12.0,2.1666666666666665
13894,710974,0.30680035001840056,0.41135234863031656,12.0,2.1333333333333333
13895,711043,0.3067330750183996,0.19103137601632625,12.0,2.1
13896,711066,0.30671065001839926,0.07350150239653885,12.0,1.9333333333333333
13897,711296,0.306486400018396,0.6595354531309567,12.0,2.1
13898,711319,0.3064639750183957,0.08618400892009959,12.0,2.066666666666667
13899,711394,0.3063908500183946,0.205518635106273,12.0,2.1333333333333333
13900,711449,0.30633722501839383,0.1657983172335662,12.0,1.9666666666666666
13901,711716,0.30607690001839005,0.7570911404909566,12.0,2.2333333333333334
13902,711739,0.3060544750183897,0.05091694334987551,12.0,2.2
13903,711888,0.3059092000183876,0.3549295825941954,12.0,2.2666666666666666
13904,711911,0.3058867750183873,0.07078408758388832,12.0,2.1333333333333333
13905,712100,0.3057025000183846,0.4847990139387548,12.0,2.2
13906,712123,0.3056800750183843,0.04092286014929414,12.0,2.1333333333333333
13907,712205,0.30560012501838313,0.18161645642248914,12.0,2.1333333333333333
13908,712399,0.3054109750183804,0.4163871026248671,12.0,2.2
13909,712422,0.30538855001838006,0.0856140548712574,12.0,2.1666666666666665
13910,712443,0.30536807501837976,0.04448971658712253,12.0,2.066666666666667
13911,712466,0.30534565001837943,0.05272746121045202,12.0,2.066666666666667
13912,712679,0.3051379750183764,0.48424981778953224,12.0,2.1
13913,712846,0.30497515001837405,0.34347347053699195,12.0,2.1333333333333333
13914,712867,0.30495467501837376,0.05935808236245066,12.0,2.033333333333333
13915,712918,0.30490495001837303,0.09124583570519462,12.0,2.033333333333333
13916,712941,0.3048825250183727,0.044086753332521766,12.0,1.9333333333333333
13917,713027,0.3047986750183715,0.1515032155730296,12.0,1.9666666666666666
13918,713199,0.30463097501836905,0.39131342788459733,12.0,2.066666666666667
13919,713338,0.3044954500183671,0.2743368271039799,12.0,2.2
13920,713514,0.3043238500183646,0.34217027929844335,12.0,2.2
13921,713727,0.3041161750183616,0.3907447083329316,12.0,2.3333333333333335
13922,713798,0.3040469500183606,0.1836938478227239,12.0,2.2
13923,713897,0.30395042501835917,0.15139264389290474,12.0,2.2333333333333334
13924,714011,0.30383927501835756,0.21803670420194976,12.0,2.2333333333333334
13925,714083,0.30376907501835654,0.12668103218311444,12.0,2.2333333333333334
13926,714165,0.3036891250183554,0.1836271086940542,12.0,2.3
13927,714216,0.30363940001835465,0.06788269575918093,12.0,2.1
13928,714420,0.30344050001835177,0.3873620289377868,12.0,2.3
13929,714607,0.3032581750183491,0.36369431077037007,12.0,2.3666666666666667
13930,714778,0.3030914500183467,0.33209839410847053,12.0,2.433333333333333
13931,714847,0.3030241750183457,0.10997130029136315,12.0,2.2
13932,714966,0.30290815001834404,0.2046476510586217,12.0,2.2666666666666666
13933,715042,0.30283405001834296,0.4120100494765211,12.0,2.2
13934,715141,0.30273752501834156,0.6709846149897203,12.0,2.2666666666666666
13935,715218,0.30266245001834047,0.5708498485619202,12.0,2.1666666666666665
13936,715435,0.3024508750183374,1.3036412937799469,12.0,2.3333333333333335
13937,715538,0.30235045001833594,0.5137649337993935,12.0,2.3333333333333335
13938,715561,0.3023280250183356,0.13109820685349405,12.0,2.1666666666666665
13939,715717,0.3021759250183334,0.6826524666394107,12.0,2.2666666666666666
13940,715740,0.3021535000183331,0.09640236443374306,12.0,2.2666666666666666
13941,715763,0.30213107501833275,0.06892850447911769,12.0,2.2666666666666666
13942,715971,0.3019282750183298,0.6830093407770619,12.0,2.2666666666666666
13943,716089,0.30181322501832814,0.3451981510152109,12.0,2.2333333333333334
13944,716322,0.30158605001832484,0.7087541827932,12.0,2.466666666666667
13945,716492,0.30142030001832243,0.3817796253715642,12.0,2.566666666666667
13946,716661,0.30125552501832004,0.5408385039772838,12.0,2.7
13947,716711,0.30120677501831933,0.1496463943622075,12.0,2.6666666666666665
13948,716793,0.30112682501831817,0.23694975452963263,12.0,2.6333333333333333
13949,716934,0.30098935001831617,0.28470911300973967,12.0,2.6333333333333333
13950,717234,0.3006968500183119,0.6340373415441718,12.0,2.7666666666666666
13951,717257,0.3006744250183116,0.04551294073462486,12.0,2.566666666666667
13952,717280,0.30065200001831127,0.04634750133845955,12.0,2.533333333333333
13953,717483,0.3004540750183084,0.379701243393356,12.0,2.6666666666666665
13954,717506,0.30043165001830807,0.04644002125132829,12.0,2.566666666666667
13955,717557,0.30038192501830735,0.14283718803199008,12.0,2.566666666666667
13956,717746,0.3001976500183047,0.3036573072022293,12.0,2.6333333333333333
13957,717814,0.3001313500183037,0.1016575408866629,12.0,2.6333333333333333
13958,717918,0.30002995001830224,0.1925023861695081,12.0,2.5
13959,717941,0.3000075250183019,0.04938468866748735,12.0,2.3666666666666667
13960,718145,0.299808625018299,0.4233216545544565,12.0,2.433333333333333
13961,718369,0.29959022501829585,0.5218138792552054,12.0,2.6333333333333333
13962,718519,0.29944397501829373,0.4003902206895873,12.0,2.6666666666666665
13963,718640,0.299326000018292,0.21196396739105694,12.0,2.7
13964,718663,0.2993035750182917,0.04490974429063499,12.0,2.6333333333333333
13965,718881,0.2990910250182886,0.37384750458295457,12.0,2.8
13966,719000,0.2989750000182869,0.18056599277770147,12.0,2.7
13967,719127,0.2988511750182851,0.2232721718319226,12.0,2.7
13968,719228,0.2987527000182837,0.18991981243016198,12.0,2.7666666666666666
13969,719427,0.2985586750182809,0.31687689991667867,12.0,2.8333333333333335
13970,719548,0.29844070001827916,0.17840905068442225,12.0,2.9
13971,719666,0.2983256500182775,0.20717882149619982,12.0,3.0
13972,719764,0.2982301000182761,0.11901140210102312,12.0,2.9
13973,719787,0.2982076750182758,0.024121939903125167,12.0,2.8333333333333335
13974,719949,0.2980497250182735,0.24569419503677636,12.0,2.7
13975,720070,0.29793175001827177,0.6181050286395475,12.0,2.6333333333333333
13976,720282,0.29772505001826877,1.5079603650374338,12.0,2.6666666666666665
13977,720354,0.29765485001826775,0.3852609834866598,12.0,2.6666666666666665
13978,720377,0.2976324250182674,0.12861574441194534,12.0,2.6
13979,720454,0.29755735001826633,0.37316604296211153,12.0,2.5
13980,720505,0.2975076250182656,0.23012602841481566,12.0,2.2666666666666666
13981,720644,0.29737210001826364,0.5329819993348792,12.0,2.4
13982,720852,0.2971693000182607,0.6965454394812696,12.0,2.566666666666667
13983,720875,0.29714687501826037,0.05855444120243192,12.0,2.3666666666666667
13984,720944,0.2970796000182594,0.20050422847270966,12.0,2.4
13985,720996,0.29702890001825866,0.14504391374066472,12.0,2.4
13986,721080,0.29694700001825747,0.22949888475704938,12.0,2.3333333333333335
13987,721151,0.29687777501825646,0.16455005743773654,12.0,2.3333333333333335
13988,721299,0.29673347501825437,0.4111504849861376,12.0,2.3666666666666667
13989,721351,0.29668277501825363,0.1205481137149036,12.0,2.4
13990,721543,0.2964955750182509,0.4144131056382321,12.0,2.3666666666666667
13991,721739,0.29630447501824814,0.3939726311946288,12.0,2.3
13992,721854,0.2961923500182465,0.23713887436315417,12.0,2.2666666666666666
13993,722155,0.29589887501824225,0.6043883625825401,12.0,2.466666666666667
13994,722333,0.2957253250182397,0.30400062655098736,12.0,2.6
13995,722489,0.2955732250182375,0.3187672745261807,12.0,2.5
13996,722512,0.2955508000182372,0.05184132483555004,12.0,2.433333333333333
13997,722726,0.29534215001823416,0.40003441367298365,12.0,2.533333333333333
13998,722777,0.29529242501823344,0.08664249582216144,12.0,2.5
13999,722800,0.2952700000182331,0.04125137097435072,12.0,2.3333333333333335
14000,722852,0.2952193000182324,0.0801945487037301,12.0,2.3
14001,722938,0.29513545001823116,0.1594101405935362,12.0,2.2666666666666666
14002,723008,0.29506720001823017,0.12266739094047807,12.0,2.2333333333333334
14003,723079,0.29499797501822916,0.19883809049497359,12.0,2.2666666666666666
14004,723216,0.2948644000182272,0.3228254675050266,12.0,2.2666666666666666
14005,723239,0.2948419750182269,0.04287217097589746,12.0,2.2
14006,723323,0.2947600750182257,0.21122901351191103,12.0,2.1
14007,723605,0.2944851250182217,0.5296220273012295,12.0,2.3333333333333335
14008,723678,0.2944139500182207,0.14642990345600992,12.0,2.3666666666666667
14009,723779,0.29431547501821925,0.22174611649825238,12.0,2.4
14010,723972,0.2941273000182165,0.31248929232242517,12.0,2.5
14011,724160,0.29394400001821386,0.35504291590768844,12.0,2.5
14012,724231,0.29387477501821285,0.1655990001745522,12.0,2.3666666666666667
14013,724254,0.2938523500182125,0.042662929045036435,12.0,2.3666666666666667
14014,724480,0.2936320000182093,0.3924780912930146,12.0,2.533333333333333
14015,724503,0.293609575018209,0.04242086608428508,12.0,2.5
14016,724771,0.2933482750182052,0.64234678336652,12.0,2.7
14017,724840,0.29328100001820423,0.1537813611794263,12.0,2.7
14018,724913,0.2932098250182032,0.1626287904509809,12.0,2.6333333333333333
14019,724968,0.2931562000182024,0.13084400777006522,12.0,2.6333333333333333
14020,724991,0.2931337750182021,0.039839993114583194,12.0,2.5
14021,725092,0.29303530001820066,0.6721940016723238,12.0,2.4
14022,725161,0.2929680250181997,0.482505718129687,12.0,2.3666666666666667
14023,725182,0.2929475500181994,0.10618189605884254,12.0,2.1
14024,725376,0.29275840001819664,1.1026929947547615,12.0,2.1
14025,725668,0.2924737000181925,1.2845561999129131,12.0,2.2666666666666666
14026,725719,0.2924239750181918,0.22556267853360623,12.0,2.3
14027,725787,0.2923576750181908,0.22321477479999885,12.0,2.1666666666666665
14028,725810,0.2923352500181905,0.07601065619383007,12.0,2.1333333333333333
14029,725879,0.2922679750181895,0.302452678559348,12.0,2.1666666666666665
14030,725965,0.2921841250181883,0.35528598073869944,12.0,2.2
14031,726083,0.29206907501818663,0.42051657720003277,12.0,2.2
14032,726270,0.291886750018184,0.7556206673616543,12.0,2.3
14033,726385,0.29177462501818235,0.3039949422236532,12.0,2.3333333333333335
14034,726406,0.29175415001818206,0.04332972224801779,12.0,2.2333333333333334
14035,726427,0.29173367501818176,0.08154939627274871,12.0,2.2333333333333334
14036,726641,0.29152502501817873,0.5573039293522015,12.0,2.3666666666666667
14037,726763,0.291406075018177,0.29683994251536205,12.0,2.1666666666666665
14038,726786,0.2913836500181767,0.06372124911285937,12.0,2.1333333333333333
14039,726809,0.29136122501817635,0.07107749854912981,12.0,2.066666666666667
14040,726832,0.291338800018176,0.03974384814500809,12.0,1.9333333333333333
14041,726855,0.2913163750181757,0.044752445130143315,12.0,1.8
14042,727025,0.2911506250181733,0.3707883844617754,12.0,1.9
14043,727046,0.291130150018173,0.08302571659442037,12.0,1.9
14044,727166,0.2910131500181713,0.25619835185352713,12.0,1.7666666666666666
14045,727345,0.29083862501816876,0.4228215648327023,12.0,1.9
14046,727524,0.2906641000181662,0.4125259785214439,12.0,1.8
14047,727579,0.29061047501816545,0.12711636745370924,12.0,1.8
14048,727602,0.2905880500181651,0.06328285759082064,12.0,1.7666666666666666
14049,727673,0.2905188250181641,0.12777903626556508,12.0,1.7666666666666666
14050,727722,0.2904710500181634,0.08400950211216696,12.0,1.8
14051,727745,0.2904486250181631,0.05526290275156498,12.0,1.7333333333333334
14052,727916,0.2902819000181607,0.31121517505380325,12.0,1.8333333333333333
14053,727937,0.2902614250181604,0.0372160866681952,12.0,1.8333333333333333
14054,727958,0.2902409500181601,0.03915580461034551,12.0,1.7
14055,727981,0.29021852501815976,0.03835073171649128,12.0,1.4333333333333333
14056,728032,0.29016880001815903,0.08393273275578395,12.0,1.4333333333333333
14057,728168,0.2900362000181571,0.2725595834199339,12.0,1.5
14058,728341,0.28986752501815466,0.34559041596367024,12.0,1.6333333333333333
14059,728364,0.28984510001815433,0.03725023486185819,12.0,1.6
14060,728385,0.28982462501815404,0.03143963299226016,12.0,1.5333333333333334
14061,728536,0.2896774000181519,0.2536821984394919,12.0,1.6
14062,728708,0.28950970001814946,0.31229183767572977,12.0,1.6
14063,728760,0.2894590000181487,0.08245587185956538,12.0,1.5666666666666667
14064,728813,0.289407325018148,0.07855346516589634,12.0,1.6
14065,728836,0.28938490001814765,0.034120233030989766,12.0,1.6
14066,728859,0.2893624750181473,0.056205437518656254,12.0,1.4
14067,729010,0.2892152500181452,0.2602559763472527,12.0,1.4666666666666666
14068,729204,0.28902610001814244,0.28369049093453214,12.0,1.6
14069,729225,0.28900562501814214,0.03715410485165194,12.0,1.6
14070,729397,0.2888379250181397,0.26322358279139735,12.0,1.7333333333333334
14071,729420,0.2888155000181394,0.03597640970838256,12.0,1.7333333333333334
14072,729632,0.2886088000181364,0.39196764398366213,12.0,1.7666666666666666
14073,729655,0.28858637501813605,0.046386967587750405,12.0,1.7666666666666666
14074,729770,0.2884742500181344,0.18634390173247084,12.0,1.7666666666666666
14075,729901,0.28834652501813257,0.22016390884527937,12.0,1.7333333333333334
14076,730516,0.28774690001812386,3.4828283824317623,18.0,2.1666666666666665
14077,730537,0.28772642501812357,0.0974870533682406,18.0,2.1333333333333333
14078,730748,0.2875207000181206,0.8289846583502367,18.0,2.3333333333333335
14079,730886,0.2873861500181186,0.5349869176279753,18.0,2.4
14080,730909,0.2873637250181183,0.10424428014084697,18.0,2.3666666666666667
14081,730932,0.287341300018118,0.12297746003605425,18.0,2.3666666666666667
14082,731032,0.28724380001811656,0.32384939829353243,18.0,2.3
14083,731271,0.2870107750181132,0.868764728307724,18.0,2.5
14084,731404,0.2868811000181113,0.4763238646555692,18.0,2.6
14085,731427,0.28685867501811096,0.09891571564367041,18.0,2.6
14086,731612,0.28667830001810835,0.6114931392366998,18.0,2.7666666666666666
14087,731780,0.28651450001810597,0.4076860369532369,18.0,2.7666666666666666
14088,731803,0.28649207501810564,0.067544765828643,18.0,2.6333333333333333
14089,731903,0.2863945750181042,0.2448946075164713,18.0,2.7
14090,732006,0.28629415001810277,0.25579578086035326,18.0,2.7666666666666666
14091,732029,0.28627172501810244,0.06777970097027719,18.0,2.6333333333333333
14092,732215,0.2860903750180998,0.4787750356772449,18.0,2.6333333333333333
14093,732334,0.2859743500180981,0.23146371854818426,18.0,2.6666666666666665
14094,732417,0.28589342501809695,0.15864939597668126,18.0,2.7
14095,732620,0.2856955000180941,0.4356809357122984,18.0,2.8666666666666667
14096,732643,0.28567307501809375,0.06320353678893298,18.0,2.8666666666666667
14097,732727,0.28559117501809256,0.1843842463567853,18.0,2.8
14098,732849,0.28547222501809083,0.21886159825953655,18.0,2.7333333333333334
14099,732872,0.2854498000180905,0.0419521254952997,18.0,2.7333333333333334
14100,732939,0.28538447501808956,0.10464273038087413,18.0,2.6333333333333333
14101,732990,0.28533475001808883,0.08613703667651862,18.0,2.6666666666666665
14102,733059,0.28526747501808786,0.10847889274009503,18.0,2.533333333333333
14103,733229,0.28510172501808545,0.2904775037895888,18.0,2.6333333333333333
14104,733404,0.284931100018083,0.33331109530990943,18.0,2.7
14105,733476,0.28486090001808195,0.13872958830324933,18.0,2.6333333333333333
14106,733628,0.2847127000180798,0.30662093177670613,18.0,2.1666666666666665
14107,733651,0.2846902750180795,0.05825271306093782,18.0,2.1666666666666665
14108,733899,0.28444847501807596,0.5096827097295318,18.0,2.1666666666666665
14109,733982,0.2843675500180748,0.1343088616267778,18.0,2.1333333333333333
14110,734087,0.2842651750180733,0.18563861935399473,18.0,2.2
14111,734227,0.2841286750180713,0.2794241489318665,18.0,2.3333333333333335
14112,734398,0.2839619500180689,0.32710591627983376,18.0,2.4
14113,734421,0.2839395250180686,0.041370495164301246,18.0,2.2
14114,734444,0.28391710001806825,0.04012980830157176,18.0,2.1
14115,734518,0.2838449500180672,0.1459867607045453,18.0,2.1333333333333333
14116,734688,0.2836792000180648,0.35814592969836667,18.0,2.066666666666667
14117,734759,0.2836099750180638,0.19123930210480466,18.0,2.0
14118,734932,0.28344130001806134,0.3033355238731019,18.0,2.1333333333333333
14119,734955,0.283418875018061,0.034336350625380874,18.0,2.066666666666667
14120,735129,0.28324922501805855,1.1875850764336064,18.0,2.1333333333333333
14121,735261,0.2831205250180567,0.8475931459106505,18.0,2.2333333333333334
14122,735423,0.2829625750180544,0.8580878264037892,18.0,2.2
14123,735493,0.2828943250180534,0.3404882012400776,18.0,2.1666666666666665
14124,735516,0.28287190001805307,0.09798663679976016,18.0,2.1
14125,735539,0.28284947501805274,0.09660050994716585,18.0,1.9333333333333333
14126,735685,0.2827071250180507,0.6219453595113009,18.0,2.033333333333333
14127,735838,0.2825579500180485,0.5475957079324871,18.0,2.066666666666667
14128,735861,0.2825355250180482,0.08701341412961483,18.0,2.0
14129,735882,0.2825150500180479,0.109777498873882,18.0,2.0
14130,736049,0.2823522250180455,0.5664965669857338,18.0,2.1
14131,736072,0.2823298000180452,0.07556333008687943,18.0,2.066666666666667
14132,736241,0.2821650250180428,0.6178069938905537,18.0,2.1666666666666665
14133,736602,0.2818130500180377,1.072733913839329,18.0,2.3666666666666667
14134,736733,0.28168532501803584,0.30498419381910935,18.0,2.3333333333333335
14135,736874,0.28154785001803384,0.3072472930070944,18.0,2.433333333333333
14136,737093,0.28133432501803074,0.5130319017916918,18.0,2.5
14137,737214,0.281216350018029,0.28213377884821966,18.0,2.566666666666667
14138,737371,0.2810632750180268,0.39211165020242333,18.0,2.466666666666667
14139,737457,0.2809794250180256,0.18933921528514475,18.0,2.466666666666667
14140,737589,0.2808507250180237,0.3017962840385735,18.0,2.5
14141,737782,0.280662550018021,0.4044614142330829,18.0,2.533333333333333
14142,737902,0.2805455500180193,0.23907632526243106,18.0,2.466666666666667
14143,738097,0.2803554250180165,0.4236202062747907,18.0,2.6
14144,738120,0.2803330000180162,0.06310969812329859,18.0,2.6
14145,738295,0.2801623750180137,0.32050874386914074,18.0,2.6666666666666665
14146,738318,0.2801399500180134,0.04044314814382233,18.0,2.533333333333333
14147,738474,0.2799878500180112,0.2769350588787347,18.0,2.6333333333333333
14148,738497,0.27996542501801086,0.027649092284264043,18.0,2.5
14149,738720,0.2797480000180077,0.41568052794900723,18.0,2.7
14150,739152,0.2793268000180016,0.8620686282811221,18.0,2.933333333333333
14151,739390,0.2790947500179982,0.4814255879900884,18.0,3.033333333333333
14152,739519,0.2789689750179964,0.2804679382534232,18.0,3.033333333333333
14153,739639,0.2788519750179947,0.26652465941151604,18.0,3.066666666666667
14154,739799,0.2786959750179924,0.2928833828191273,18.0,3.2
14155,739956,0.2785429000179902,0.3226245183032006,18.0,3.3
14156,740106,0.2783966500179881,0.9098715380241629,18.0,3.3
14157,740129,0.27837422501798775,0.1863821663428098,18.0,3.2
14158,740268,0.2782387000179858,0.8821964539820328,18.0,3.3333333333333335
14159,740291,0.27821627501798546,0.19495679216925055,18.0,3.3333333333333335
14160,740314,0.27819385001798513,0.13578275917097926,18.0,3.2
14161,740337,0.2781714250179848,0.13195756310597062,18.0,3.2
14162,740360,0.2781490000179845,0.12853728234767914,18.0,3.066666666666667
14163,740804,0.2777161000179782,1.8353210712666623,18.0,3.1666666666666665
14164,740859,0.2776624750179774,0.1793588021537289,18.0,3.1
14165,741043,0.2774830750179748,0.6208584811538458,18.0,3.1
14166,741066,0.2774606500179745,0.07565344078466296,18.0,2.9
14167,741233,0.2772978250179721,0.5181625796249136,18.0,2.966666666666667
14168,741408,0.27712720001796964,0.4706902459147386,18.0,3.0
14169,741480,0.2770570000179686,0.19484301476040855,18.0,2.966666666666667
14170,741555,0.27698387501796756,0.19824194046668708,18.0,2.9
14171,741728,0.2768152000179651,0.5049571172567084,18.0,2.8666666666666667
14172,741798,0.2767469500179641,0.1472213200177066,18.0,2.8333333333333335
14173,742179,0.2763754750179587,0.8643460584862623,18.0,3.033333333333333
14174,742237,0.2763189250179579,0.15879426861647516,18.0,3.1
14175,742392,0.2761678000179557,0.3645916214445606,18.0,3.1333333333333333
14176,742415,0.2761453750179554,0.05873015784891322,18.0,3.1333333333333333
14177,742517,0.27604592501795394,0.24128889632993378,18.0,3.066666666666667
14178,742570,0.2759942500179532,0.10746169625781476,18.0,3.1
14179,742641,0.2759250250179522,0.17053265316644683,18.0,2.933333333333333
14180,742714,0.27585385001795115,0.15717916999710724,18.0,2.6
14181,742829,0.2757417250179495,0.21561914682388306,18.0,2.5
14182,743309,0.2752737250179427,0.9968906838912517,18.0,2.8
14183,743433,0.27515282501794097,0.2593514859909192,18.0,2.8666666666666667
14184,743552,0.2750368000179393,0.28076783166034147,18.0,2.8
14185,743773,0.27482132501793616,0.43879598620696925,18.0,2.8666666666666667
14186,743942,0.27465655001793376,0.3446033416839782,18.0,2.8666666666666667
14187,743965,0.27463412501793344,0.048941852466668934,18.0,2.8666666666666667
14188,744157,0.2744469250179307,0.3566785602015443,18.0,2.933333333333333
14189,744315,0.2742928750179285,0.3171987331006676,18.0,3.066666666666667
14190,744389,0.27422072501792744,0.14114026492461562,18.0,3.1
14191,744461,0.2741505250179264,0.13473840287770145,18.0,3.1333333333333333
14192,744582,0.2740325500179247,0.19759949718718417,18.0,3.2
14193,744772,0.273847300017922,0.3000259172695223,18.0,2.966666666666667
14194,745019,0.2736064750179185,0.5704939132556319,18.0,3.1666666666666665
14195,745144,0.27348460001791675,0.8434736158233136,18.0,3.1
14196,745292,0.27334030001791465,0.9264741063234396,18.0,3.2
14197,745494,0.2731433500179118,1.0066122698481195,18.0,3.2666666666666666
14198,745632,0.27300880001790984,0.5633414754411206,18.0,3.2666666666666666
14199,745655,0.2729863750179095,0.08079987263772637,18.0,3.2333333333333334
14200,745739,0.2729044750179083,0.32665476866532117,18.0,3.2666666666666666
14201,745976,0.27267340001790497,0.7357015395537019,18.0,3.3333333333333335
14202,745999,0.27265097501790464,0.06543770839925855,18.0,3.3
14203,746181,0.27247352501790206,0.48017207300290465,18.0,3.1333333333333333
14204,746204,0.27245110001790174,0.04614826798206195,18.0,3.066666666666667
14205,746281,0.27237602501790065,0.21820222295355052,18.0,2.966666666666667
14206,746304,0.2723536000179003,0.08565786457620561,18.0,2.966666666666667
14207,746327,0.2723311750179,0.04374217276927084,18.0,2.9
14208,746378,0.2722814500178993,0.11583962879376486,18.0,2.9
14209,746632,0.2720338000178957,0.5950023137847893,18.0,3.1
14210,746809,0.27186122501789317,0.432531731959898,18.0,3.2
14211,746975,0.2716993750178908,0.3364196373731829,18.0,3.2333333333333334
14212,747148,0.27153070001788837,0.34440637339139357,18.0,2.966666666666667
14213,747299,0.27138347501788623,0.3001567007449921,18.0,2.933333333333333
14214,747500,0.2711875000178834,0.40247084098518826,18.0,3.0
14215,747575,0.2711143750178823,0.1694673834135756,18.0,2.8666666666666667
14216,747768,0.2709262000178796,0.35341914714081213,18.0,2.933333333333333
14217,747853,0.2708433250178784,0.13809265644522384,18.0,3.0
14218,747906,0.27079165001787764,0.10271797236055136,18.0,2.8333333333333335
14219,748114,0.2705888500178747,0.39297466701827943,18.0,2.9
14220,748316,0.27039190001787183,0.44164490525145084,18.0,3.033333333333333
14221,748339,0.2703694750178715,0.06445919047109783,18.0,3.0
14222,748390,0.2703197500178708,0.10632208426250145,18.0,2.966666666666667
14223,748413,0.27029732501787046,0.04247204365674406,18.0,2.8
14224,748436,0.27027490001787013,0.04982581012882292,18.0,2.566666666666667
14225,748489,0.2702232250178694,0.08304789417888969,18.0,2.533333333333333
14226,748660,0.27005650001786696,0.38928648305591196,18.0,2.533333333333333
14227,748681,0.27003602501786667,0.0376453454955481,18.0,2.3333333333333335
14228,748818,0.2699024500178647,0.30739372328389436,18.0,2.3333333333333335
14229,748841,0.2698800250178644,0.0296893686754629,18.0,2.3333333333333335
14230,749026,0.2696996500178618,0.3539106395037379,18.0,2.433333333333333
14231,749243,0.2694880750178587,0.329060128016863,18.0,2.433333333333333
14232,749458,0.26927845001785566,0.34943113214103505,18.0,2.6
14233,749481,0.26925602501785534,0.03969183366280049,18.0,2.433333333333333
14234,749723,0.2690200750178519,0.39969405537704006,18.0,2.6333333333333333
14235,749831,0.2689147750178504,0.1581955922592897,18.0,2.6666666666666665
14236,750031,0.26871977501784755,0.4961709586495999,18.0,2.8666666666666667
14237,750219,0.2685364750178449,1.2900397811317816,18.0,3.0
14238,750319,0.2684389750178435,0.4825576967559755,18.0,3.033333333333333
14239,750390,0.26836975001784247,0.30752745480276644,18.0,2.8333333333333335
14240,750573,0.2681913250178399,0.7965541211888194,18.0,2.8666666666666667
14241,750624,0.26814160001783915,0.16047199361491948,18.0,2.7666666666666666
14242,750676,0.2680909000178384,0.20754392095841467,18.0,2.6666666666666665
14243,750859,0.2679124750178358,0.5586134495679289,18.0,2.7333333333333334
14244,751024,0.2677516000178335,0.5347544471733272,18.0,2.7
14245,751079,0.2676979750178327,0.16288718988653272,18.0,2.7
14246,751230,0.2675507500178306,0.3885130751004908,18.0,2.6666666666666665
14247,751346,0.26743765001782893,0.26396441023098305,18.0,2.6666666666666665
14248,751417,0.2673684250178279,0.16560664802091196,18.0,2.6666666666666665
14249,751440,0.2673460000178276,0.05570012563839555,18.0,2.466666666666667
14250,751612,0.26717830001782517,0.42409964505350217,18.0,2.433333333333333
14251,751780,0.2670145000178228,0.3484548742126208,18.0,2.566666666666667
14252,751998,0.2668019500178197,0.4026723171118647,18.0,2.7
14253,752213,0.26659232501781666,0.4111647308745887,18.0,2.933333333333333
14254,752290,0.26651725001781557,0.17464224991272204,18.0,2.966666666666667
14255,752313,0.26649482501781524,0.032676996022928506,18.0,2.933333333333333
14256,752534,0.2662793500178121,0.3879347838519607,18.0,3.033333333333333
14257,752586,0.2662286500178114,0.08343169413274154,18.0,3.066666666666667
14258,752781,0.2660385250178086,0.3498617108853068,18.0,3.1
14259,752924,0.2658991000178066,0.25079876044765115,18.0,3.2333333333333334
14260,752976,0.26584840001780585,0.08117611112538725,18.0,3.1
14261,753074,0.26575285001780447,0.1586479831021279,18.0,2.966666666666667
14262,753242,0.2655890500178021,0.3026938708499074,18.0,2.933333333333333
14263,753265,0.26556662501780176,0.029263235337566584,18.0,2.933333333333333
14264,753437,0.2653989250177993,0.32930910610593855,18.0,2.8333333333333335
14265,753460,0.265376500017799,0.03522244602208957,18.0,2.7666666666666666
14266,753613,0.26522732501779683,0.21159260073909536,18.0,2.7
14267,753766,0.26507815001779467,0.26821012955042534,18.0,2.6666666666666665
14268,753789,0.26505572501779434,0.04855764313833788,18.0,2.6
14269,753918,0.2649299500177925,0.2168847628054209,18.0,2.6666666666666665
14270,754019,0.2648314750177911,0.15237260473077185,18.0,2.566666666666667
14271,754311,0.26454677501778695,0.5298516334441956,18.0,2.8
14272,754510,0.26435275001778413,0.4524254237767309,18.0,2.933333333333333
14273,754635,0.26423087501778236,0.2302122622495517,18.0,2.8333333333333335
14274,754658,0.26420845001778204,0.04863089683931321,18.0,2.7333333333333334
14275,754712,0.2641558000177813,0.07917452038964257,18.0,2.7333333333333334
14276,754735,0.26413337501778095,0.054657966538798064,18.0,2.6
14277,754906,0.2639666500177785,0.35093057560152374,18.0,2.6333333333333333
14278,755051,0.2638252750177765,0.5342698836466298,18.0,2.7
14279,755151,0.26372777501777506,0.6943099353229627,18.0,2.7666666666666666
14280,755275,0.2636068750177733,0.761928473948501,18.0,2.7
14281,755326,0.2635571500177726,0.2551395297050476,18.0,2.6
14282,755349,0.26353472501777225,0.08173237415030599,18.0,2.433333333333333
14283,755372,0.2635123000177719,0.1477965386584401,18.0,2.2
14284,755608,0.2632822000177686,0.9487941064871848,18.0,2.3666666666666667
14285,755770,0.2631242500177663,0.5328267990844324,18.0,2.5
14286,755948,0.26295070001776377,0.5076103229657747,18.0,2.466666666666667
14287,756311,0.26259677501775863,1.022225799766602,18.0,2.7333333333333334
14288,756472,0.26243980001775635,0.3896688419627026,18.0,2.7
14289,756594,0.2623208500177546,0.26441987705766223,18.0,2.7
14290,756639,0.262276975017754,0.09648076153825969,18.0,2.7
14291,756813,0.2621073250177515,0.3403823026455939,18.0,2.7666666666666666
14292,756888,0.26203420001775046,0.14836801204364747,18.0,2.6666666666666665
14293,756939,0.26198447501774974,0.11338423890992999,18.0,2.7
14294,757141,0.2617875250177469,0.3867151026497595,18.0,2.8
14295,757340,0.26159350001774406,0.31346563884289935,18.0,2.966666666666667
14296,757391,0.26154377501774334,0.084915854211431,18.0,2.8666666666666667
14297,757545,0.26139362501774116,0.29244065991952084,18.0,2.9
14298,757616,0.26132440001774015,0.11263915285235271,18.0,2.933333333333333
14299,758116,0.2608369000177331,0.9214961927791592,18.0,3.3
14300,758301,0.26065652501773046,0.33262490440392867,18.0,3.4
14301,758324,0.26063410001773013,0.07661719602765515,18.0,3.1333333333333333
14302,758495,0.2604673750177277,0.32402344449656084,18.0,3.1
14303,758518,0.2604449500177274,0.02925537375267595,18.0,3.033333333333333
14304,758541,0.26042252501772706,0.03783105284674093,18.0,3.033333333333333
14305,758739,0.26022947501772425,0.4214308418449946,18.0,3.1666666666666665
14306,758929,0.26004422501772156,0.4041301784454845,18.0,3.3
14307,759131,0.2598472750177187,0.3517144702200312,18.0,3.4
14308,759309,0.2596737250177162,0.3076169322885107,18.0,3.433333333333333
14309,759332,0.25965130001771586,0.03743677891907282,18.0,3.3666666666666667
14310,759407,0.2595781750177148,0.12563256212160923,18.0,3.3333333333333335
14311,759507,0.2594806750177134,0.1700388738536276,18.0,3.3666666666666667
14312,759684,0.2593081000177109,0.2560944336873945,18.0,3.533333333333333
14313,759851,0.2591452750177085,0.26359453963232227,18.0,3.6333333333333333
14314,760003,0.25899707501770636,0.27787468483438715,18.0,3.533333333333333
14315,760106,0.2588966500177049,0.7866310890531167,18.0,3.466666666666667
14316,760157,0.2588469250177042,0.30062370537780225,18.0,3.3333333333333335
14317,760241,0.258765025017703,0.5262256050482392,18.0,3.1
14318,760452,0.2585593000177,1.0771604568581097,18.0,3.1333333333333333
14319,760473,0.2585388250176997,0.08286336046876386,18.0,3.0
14320,760679,0.2583379750176968,0.8635446527623571,18.0,3.1666666666666665
14321,760702,0.25831555001769646,0.1341130156069994,18.0,3.033333333333333
14322,760906,0.25811665001769357,0.6335860713152215,18.0,3.2
14323,760959,0.2580649750176928,0.13559613982215524,18.0,3.2
14324,760982,0.2580425500176925,0.06733786826953292,18.0,3.0
14325,761139,0.2578894750176903,0.4717180903535336,18.0,2.966666666666667
14326,761334,0.2576993500176875,0.47876563703175634,18.0,3.1
14327,761357,0.2576769250176872,0.0466284365975298,18.0,2.966666666666667
14328,761530,0.25750825001768474,0.38075895264046267,18.0,3.066666666666667
14329,762019,0.2570314750176778,1.0563691449642647,18.0,3.033333333333333
14330,762142,0.25691155001767607,0.2584076623606961,18.0,2.933333333333333
14331,762311,0.2567467750176737,0.28372491121990606,18.0,3.066666666666667
14332,762429,0.256631725017672,0.28249507199507207,18.0,3.0
14333,762611,0.25645427501766943,0.39927027709200047,18.0,3.1666666666666665
14334,762913,0.25615982501766515,0.6117863157414831,18.0,3.433333333333333
14335,762966,0.2561081500176644,0.11517089669359848,18.0,3.3
14336,763137,0.255941425017662,0.36908143089385703,18.0,3.3
14337,763399,0.2556859750176583,0.49026306439191103,18.0,3.3333333333333335
14338,763554,0.2555348500176561,0.32981876880512573,18.0,3.3
14339,763678,0.2554139500176543,0.25181013785186224,18.0,3.3666666666666667
14340,763837,0.25525892501765207,0.28382352142944,18.0,3.433333333333333
14341,763935,0.2551633750176507,0.26194976863916963,18.0,3.433333333333333
14342,764036,0.25506490001764925,0.16567334459978156,18.0,3.3333333333333335
14343,764108,0.25499470001764823,0.12713238710421138,18.0,3.2666666666666666
14344,764477,0.254634925017643,0.6072082323371433,18.0,3.466666666666667
14345,764500,0.2546125000176427,0.0332252504886128,18.0,3.4
14346,764661,0.2544555250176404,0.2778366132406518,18.0,3.533333333333333
14347,764761,0.254358025017639,0.14786827634088695,18.0,3.533333333333333
14348,764848,0.25427320001763776,0.12057314274716191,18.0,3.433333333333333
14349,765046,0.25408015001763495,0.5981491456914227,18.0,3.6
14350,765152,0.25397680001763345,0.8584681109059602,18.0,3.466666666666667
14351,765203,0.25392707501763273,0.36744265735615045,18.0,3.5
14352,765275,0.2538568750176317,0.49849300796631724,18.0,3.3333333333333335
14353,765425,0.2537106250176296,0.7279406160232611,18.0,3.4
14354,765624,0.25351660001762677,1.0327834179624915,18.0,3.566666666666667
14355,765777,0.2533674250176246,0.5779863204224966,18.0,3.533333333333333
14356,765953,0.2531958250176221,0.5669223977602087,18.0,3.533333333333333
14357,766006,0.25314415001762136,0.13530339481076226,18.0,3.566666666666667
14358,766179,0.2529754750176189,0.5376411332981661,18.0,3.566666666666667
14359,766234,0.25292185001761813,0.14052165974862874,18.0,3.1666666666666665
14360,766257,0.2528994250176178,0.09853461442980915,18.0,3.1
14361,766357,0.2528019250176164,0.23543168138712645,18.0,3.033333333333333
14362,766380,0.25277950001761607,0.07808429031865671,18.0,2.966666666666667
14363,766527,0.252636175017614,0.3451939547085203,18.0,2.9
14364,766725,0.2524431250176112,0.6030375810805708,18.0,2.8
14365,766748,0.25242070001761086,0.04262539479532279,18.0,2.7666666666666666
14366,766817,0.2523534250176099,0.2307078108715359,18.0,2.6666666666666665
14367,766986,0.2521886500176075,0.3292897109640762,18.0,2.566666666666667
14368,767185,0.25199462501760467,0.4400835085543804,18.0,2.6333333333333333
14369,767540,0.25164850001759964,0.6519937883422244,18.0,2.8666666666666667
14370,767563,0.2516260750175993,0.033962962188525125,18.0,2.7666666666666666
14371,767711,0.2514817750175972,0.35534442504285835,18.0,2.8
14372,767783,0.2514115750175962,0.10714941710466519,18.0,2.7666666666666666
14373,767885,0.25131212501759476,0.2029857320303563,18.0,2.8
14374,767908,0.25128970001759443,0.06035176964360289,18.0,2.5
14375,768055,0.25114637501759235,0.2523938516678754,18.0,2.6
14376,768224,0.25098160001758996,0.3282496634637937,18.0,2.566666666666667
14377,768370,0.2508392500175879,0.31129647220950574,18.0,2.6
14378,768517,0.2506959250175858,0.2123799655237235,18.0,2.6333333333333333
14379,768540,0.2506735000175855,0.05055571935372427,18.0,2.466666666666667
14380,768563,0.25065107501758516,0.032955156988464296,18.0,2.4
14381,768731,0.2504872750175828,0.31306814280105755,18.0,2.5
14382,769087,0.25014017501757774,0.5487979348690715,18.0,2.7666666666666666
14383,769244,0.2499871000175759,0.24758091263356619,18.0,2.8
14384,769350,0.24988375001757734,0.22619261278305203,18.0,2.7
14385,769504,0.24973360001757944,0.23312524790526368,18.0,2.7333333333333334
14386,769637,0.24960392501758125,0.2148502963827923,18.0,2.6666666666666665
14387,769910,0.24933775001758496,0.40942377210012637,18.0,2.9
14388,769996,0.24925390001758613,0.1389368966629263,18.0,2.8333333333333335
14389,770068,0.2491837000175871,0.4798969463445246,18.0,2.8333333333333335
14390,770142,0.2491115500175881,0.5363846686668694,18.0,2.8666666666666667
14391,770336,0.24892240001759075,0.9828136555152014,18.0,2.966666666666667
14392,770455,0.24880637501759237,0.589356224576477,18.0,3.033333333333333
14393,770478,0.24878395001759268,0.10251478012651205,18.0,2.933333333333333
14394,770666,0.24860065001759524,0.7488576549803838,18.0,2.933333333333333
14395,770837,0.24843392501759756,0.5310155404149555,18.0,3.1
14396,771036,0.24823990001760027,0.5346034053945914,18.0,3.2666666666666666
14397,771224,0.24805660001760282,0.5424677927512676,18.0,3.2666666666666666
14398,771397,0.24788792501760518,0.4912088504934218,18.0,3.2333333333333334
14399,771420,0.2478655000176055,0.052169089554809034,18.0,2.933333333333333
14400,771607,0.24768317501760803,0.40412090375320986,18.0,3.1
14401,771630,0.24766075001760834,0.05062792595708743,18.0,3.0
14402,771653,0.24763832501760866,0.0619510774849914,18.0,2.966666666666667
14403,771831,0.24746477501761108,0.39422782079782337,18.0,3.066666666666667
14404,771902,0.24739555001761204,0.14024905854603276,18.0,3.1
14405,772049,0.24725222501761404,0.3329285757499747,18.0,3.1
14406,772133,0.24717032501761518,0.20270209209411405,18.0,3.033333333333333
14407,772205,0.24710012501761616,0.17359848000342026,18.0,2.966666666666667
14408,772395,0.24691487501761875,0.4097652324126102,18.0,3.033333333333333
14409,772550,0.24676375001762085,0.30355059826979414,18.0,3.1666666666666665
14410,772720,0.24659800001762316,0.33136615497642197,18.0,3.3333333333333335
14411,772871,0.24645077501762522,0.37874907895457,18.0,3.3333333333333335
14412,772894,0.24642835001762553,0.03968303126748651,18.0,3.033333333333333
14413,772915,0.24640787501762582,0.031914501218125224,18.0,2.9
14414,772985,0.24633962501762677,0.12283256693626754,18.0,2.8666666666666667
14415,773057,0.24626942501762775,0.15071741596329957,18.0,2.7666666666666666
14416,773224,0.24610660001763002,0.3073664508119691,18.0,2.8
14417,773358,0.24597595001763184,0.33692476610303856,18.0,2.6333333333333333
14418,773527,0.24581117501763414,0.4034689312102273,18.0,2.6666666666666665
14419,773601,0.24573902501763514,0.20049460176960565,18.0,2.6666666666666665
14420,773888,0.24545920001763905,0.5371113959699869,18.0,2.9
14421,773939,0.24540947501763974,0.08531566793681122,18.0,2.7666666666666666
14422,773962,0.24538705001764005,0.029831918131094426,18.0,2.7
14423,773983,0.24536657501764034,0.022753122641006485,18.0,2.7
14424,774006,0.24534415001764065,0.047898224263917655,18.0,2.533333333333333
14425,774110,0.24524275001764206,0.27049760668887757,18.0,2.433333333333333
14426,774278,0.24507895001764435,0.29664806876098737,18.0,2.3666666666666667
14427,774301,0.24505652501764466,0.04161050927359611,18.0,2.2333333333333334
14428,774450,0.2449112500176467,0.23267491339356638,18.0,2.2333333333333334
14429,774503,0.2448595750176474,0.07101098654675297,18.0,2.2666666666666666
14430,774526,0.24483715001764772,0.03427101331180893,18.0,2.1
14431,774549,0.24481472501764803,0.0414086029632017,18.0,2.1
14432,774649,0.2447172250176494,0.15162089976365678,18.0,2.1666666666666665
14433,774700,0.24466750001765009,0.11999052518513054,18.0,2.033333333333333
14434,774723,0.2446450750176504,0.04543669000850059,18.0,2.0
14435,774746,0.2446226500176507,0.042591256729792804,18.0,1.9
14436,774935,0.24443837501765328,0.3218873191799503,18.0,1.9666666666666666
14437,775068,0.2443087000176551,0.6236755010031629,18.0,2.033333333333333
14438,775091,0.2442862750176554,0.162908676546067,18.0,1.8666666666666667
14439,775294,0.24408835001765816,1.2674122360767797,18.0,1.9
14440,775486,0.24390115001766077,0.9754195479908958,18.0,1.9333333333333333
14441,775937,0.2434614250176669,1.5992645097430795,18.0,2.2
14442,776060,0.24334150001766858,0.2935573593713343,18.0,2.2666666666666666
14443,776185,0.24321962501767028,0.4219013945548795,18.0,2.3333333333333335
14444,776259,0.24314747501767128,0.17373394535388798,18.0,2.3333333333333335
14445,776372,0.24303730001767282,0.3093420118675567,18.0,2.4
14446,776444,0.2429671000176738,0.16497628524666652,18.0,2.3
14447,776585,0.24282962501767572,0.37660376288113184,18.0,2.3333333333333335
14448,776767,0.2426521750176782,0.36791774703306146,18.0,2.4
14449,776790,0.2426297500176785,0.0513459310750477,18.0,2.3666666666666667
14450,776980,0.24244450001768109,0.38234537438256666,18.0,2.2666666666666666
14451,777322,0.24211105001768574,0.6826729100430384,18.0,2.533333333333333
14452,777753,0.2416908250176916,0.9674224982445594,18.0,2.933333333333333
14453,777908,0.2415397000176937,0.34694874568958767,18.0,3.033333333333333
14454,777980,0.24146950001769468,0.19522896155831404,18.0,3.066666666666667
14455,778102,0.24135055001769634,0.26652805763296783,18.0,3.066666666666667
14456,778501,0.24096152501770177,0.7915395462769084,18.0,3.2666666666666666
14457,778524,0.24093910001770208,0.06227255504927598,18.0,3.2666666666666666
14458,778547,0.2409166750177024,0.03720013838028535,18.0,3.1333333333333333
14459,778570,0.2408942500177027,0.0478865458862856,18.0,3.1
14460,778726,0.24074215001770483,0.26679055666318163,18.0,3.2333333333333334
14461,778939,0.24053447501770772,0.5146544836461544,18.0,3.4
14462,778990,0.24048475001770842,0.09357863024342805,18.0,3.3666666666666667
14463,779127,0.24035117501771028,0.2798878136090934,18.0,3.433333333333333
14464,779277,0.24020492501771232,0.30605262238532305,18.0,3.533333333333333
14465,779383,0.24010157501771376,0.20604128114064224,18.0,3.6
14466,779561,0.23992802501771618,0.324939208017895,18.0,3.6333333333333333
14467,779584,0.2399056000177165,0.14200281753437594,18.0,3.533333333333333
14468,779683,0.23980907501771784,0.16894398222211748,18.0,3.6
14469,779822,0.23967355001771973,0.2198848957195878,18.0,3.566666666666667
14470,779876,0.23962090001772046,0.08022815667209215,18.0,3.4
14471,780044,0.23945710001772275,0.5397601515578572,18.0,3.1333333333333333
14472,780222,0.23928355001772517,1.4209260172210634,18.0,3.2333333333333334
14473,780342,0.2391665500177268,0.7349978685379028,18.0,3.2333333333333334
14474,780540,0.2389735000177295,0.9523924462264404,18.0,3.3666666666666667
14475,780717,0.2388009250177319,0.8136327528627589,18.0,3.4
14476,781028,0.23849770001773613,0.9998691046494059,18.0,3.6333333333333333
14477,781079,0.23844797501773682,0.15153863659361377,18.0,3.533333333333333
14478,781202,0.2383280500177385,0.3579451805562712,18.0,3.433333333333333
14479,781305,0.2382276250177399,0.23344406730029732,18.0,3.5
14480,781382,0.23815255001774094,0.23239080532221124,18.0,3.3666666666666667
14481,781612,0.23792830001774407,0.49816598859615624,18.0,3.3
14482,781769,0.2377752250177462,0.5464093770715408,18.0,3.033333333333333
14483,781854,0.23769235001774736,0.18813893088372424,18.0,3.0
14484,781927,0.23762117501774835,0.1932222867035307,18.0,3.0
14485,782113,0.23743982501775088,0.4813095259014517,18.0,3.1333333333333333
14486,782544,0.23701960001775674,0.9503013509674929,18.0,3.1666666666666665
14487,782740,0.2368285000177594,0.4082266120240092,18.0,3.3
14488,782820,0.2367505000177605,0.1383050859440118,18.0,3.3666666666666667
14489,782874,0.23669785001776122,0.1364930447016377,18.0,3.4
14490,783014,0.23656135001776313,0.2639860174385831,18.0,3.4
14491,783190,0.23638975001776552,0.38198465676396154,18.0,3.3666666666666667
14492,783307,0.2362756750177671,0.24474213039502501,18.0,3.4
14493,783550,0.23603875001777042,0.5044805812940467,18.0,3.533333333333333
14494,783573,0.23601632501777073,0.036292907840106636,18.0,3.433333333333333
14495,783752,0.23584180001777316,0.33206165459705517,18.0,3.5
14496,783775,0.23581937501777347,0.03644984500715509,18.0,3.3333333333333335
14497,783952,0.23564680001777588,0.3220361672574654,18.0,3.5
14498,784003,0.23559707501777657,0.06636497372528538,18.0,3.466666666666667
14499,784173,0.2354313250177789,0.28450392474769615,18.0,3.433333333333333
14500,784194,0.23541085001777917,0.03043107350822538,18.0,3.4
14501,784366,0.2352431500177815,0.28620504910941236,18.0,3.4
14502,784497,0.2351154250177833,0.19667169702006504,18.0,3.3333333333333335
14503,784518,0.23509495001778358,0.027095854631625116,18.0,3.2666666666666666
14504,784592,0.23502280001778458,0.1356489843747113,18.0,3.1333333333333333
14505,784768,0.23485120001778698,0.3273354448610917,18.0,3.1333333333333333
14506,784939,0.2346844750177893,0.2833122967858799,18.0,3.0
14507,785094,0.2345333500177914,1.0325180644867942,18.0,3.1
14508,785283,0.23434907501779398,1.2808775081066415,18.0,3.1666666666666665
14509,785355,0.23427887501779496,0.43175308767240494,18.0,3.1333333333333333
14510,785404,0.23423110001779562,0.3091151869157329,18.0,3.1333333333333333
14511,785455,0.23418137501779632,0.29612609068863094,18.0,2.933333333333333
14512,785539,0.23409947501779746,0.3851943655172363,18.0,2.8666666666666667
14513,785562,0.23407705001779777,0.08121193037368357,18.0,2.8
14514,785694,0.23394835001779957,0.6446540231117979,18.0,2.8666666666666667
14515,785748,0.2338957000178003,0.20031743426807225,18.0,2.7
14516,785893,0.23375432501780227,0.4913591576041654,18.0,2.433333333333333
14517,785916,0.23373190001780259,0.060031250468455255,18.0,2.3
14518,785939,0.2337094750178029,0.05045958829578012,18.0,2.2333333333333334
14519,786073,0.23357882501780472,0.41782565554603934,18.0,2.3
14520,786241,0.233415025017807,0.3953870182740502,18.0,2.2666666666666666
14521,786431,0.2332297750178096,0.41816045879386365,18.0,2.2666666666666666
14522,786678,0.23298895001781295,0.5281761148071382,18.0,2.433333333333333
14523,786851,0.2328202750178153,0.35534070336143486,18.0,2.3333333333333335
14524,786959,0.23271497501781677,0.2237299123662524,18.0,2.4
14525,787012,0.2326633000178175,0.13957276951987296,18.0,2.3
14526,787238,0.23244295001782056,0.5154063451918773,18.0,2.533333333333333
14527,787338,0.23234545001782192,0.2183019900112413,18.0,2.433333333333333
14528,787497,0.23219042501782408,0.4279174178955145,18.0,2.533333333333333
14529,787633,0.23205782501782593,0.2967313232948072,18.0,2.533333333333333
14530,787688,0.23200420001782668,0.15132767031900585,18.0,2.566666666666667
14531,787879,0.23181797501782928,0.32004315458470955,18.0,2.6
14532,788020,0.2316805000178312,0.30047607875894755,18.0,2.6333333333333333
14533,788245,0.23146112501783425,0.4800481340207625,18.0,2.8333333333333335
14534,788300,0.231407500017835,0.13762894095270894,18.0,2.8333333333333335
14535,788545,0.23116862501783833,0.5644059447513428,18.0,2.9
14536,788568,0.23114620001783864,0.029262009804369882,18.0,2.7666666666666666
14537,788857,0.23086442501784257,0.7415141005476471,18.0,2.9
14538,789052,0.23067430001784522,0.481904547981685,18.0,2.933333333333333
14539,789137,0.23059142501784638,0.19664102987735532,18.0,2.966666666666667
14540,789160,0.2305690000178467,0.06827449018601328,18.0,2.933333333333333
14541,789259,0.23047247501784804,0.1894801947637461,18.0,2.966666666666667
14542,789309,0.23042372501784872,0.06925335212145001,18.0,2.933333333333333
14543,789428,0.23030770001785034,0.2076864110713359,18.0,3.0
14544,789871,0.22987577501785636,0.7626989526033867,18.0,3.2666666666666666
14545,789964,0.22978510001785762,0.16377493791515008,18.0,3.3
14546,790156,0.22959790001786023,1.2631214443244971,18.0,3.4
14547,790179,0.22957547501786055,0.2089477435220033,18.0,3.4
14548,790202,0.22955305001786086,0.18497327249497175,18.0,3.4
14549,790321,0.22943702501786248,0.6728691755561158,18.0,3.3666666666666667
14550,790493,0.22926932501786482,0.8411904155509546,18.0,3.4
14551,790646,0.2291201500178669,0.801954603753984,18.0,3.4
14552,790798,0.22897195001786896,0.6677480436628684,18.0,3.3
14553,791184,0.2285956000178742,1.2325374154024757,18.0,3.5
14554,791372,0.22841230001787677,0.5004682341823354,18.0,3.6
14555,791554,0.22823485001787924,0.620172576571349,18.0,3.7
14556,791652,0.22813930001788058,0.2868520474876277,18.0,3.533333333333333
14557,791736,0.22805740001788172,0.21018363267648965,18.0,3.533333333333333
14558,791896,0.2279014000178839,0.3631826885684859,18.0,3.533333333333333
14559,791971,0.2278282750178849,0.17823096335632727,18.0,3.466666666666667
14560,791994,0.22780585001788523,0.04711101081920788,18.0,3.433333333333333
14561,792092,0.22771030001788656,0.24318314553238451,18.0,3.3333333333333335
14562,792297,0.22751042501788935,0.5281472651695367,18.0,3.4
14563,792446,0.22736515001789137,0.27967667480697855,18.0,3.3
14564,792568,0.22724620001789303,0.24924143598764203,18.0,3.3333333333333335
14565,792770,0.22704925001789578,0.32617129053687677,18.0,3.3
14566,792868,0.2269537000178971,0.2363077576737851,18.0,3.3666666666666667
14567,792939,0.22688447501789807,0.19374628973309882,18.0,3.1333333333333333
14568,793152,0.22667680001790097,0.36620874985237606,18.0,3.1333333333333333
14569,793256,0.22657540001790238,0.18461952288635075,18.0,3.1333333333333333
14570,793362,0.22647205001790383,0.19104739328031428,18.0,3.2
14571,793515,0.2263228750179059,0.2623656280920841,18.0,3.2666666666666666
14572,793538,0.22630045001790622,0.0252801469177939,18.0,3.2333333333333334
14573,793659,0.22618247501790786,0.21599855227395892,18.0,3.2333333333333334
14574,793833,0.22601282501791023,0.3939452061895281,18.0,2.966666666666667
14575,793959,0.22588997501791194,0.24227505369344726,18.0,2.966666666666667
14576,794127,0.22572617501791423,0.3101949570409488,18.0,2.9
14577,794301,0.2255565250179166,0.29324233083752915,18.0,3.0
14578,794476,0.22538590001791897,0.2825870224914979,18.0,3.1333333333333333
14579,794598,0.22526695001792063,0.2058565558400005,18.0,3.1333333333333333
14580,794754,0.22511485001792275,0.24695596343372017,18.0,3.1
14581,794925,0.22494812501792508,0.3522521150880493,18.0,3.1
14582,795116,0.22476190001792767,1.2042971956834663,18.0,3.1
14583,795281,0.22460102501792992,1.1521499786758795,18.0,2.933333333333333
14584,795302,0.2245805500179302,0.17739834974054247,18.0,2.7666666666666666
14585,795435,0.224450875017932,0.6337354243732989,18.0,2.7333333333333334
14586,795628,0.22426270001793464,0.8621352986083366,18.0,2.8333333333333335
14587,795651,0.22424027501793495,0.07046264398377389,18.0,2.7666666666666666
14588,795672,0.22421980001793523,0.1252710585249588,18.0,2.6333333333333333
14589,795723,0.22417007501793593,0.15724181022960693,18.0,2.6333333333333333
14590,795795,0.2240998750179369,0.2365618351032026,18.0,2.6666666666666665
14591,796159,0.22374497501794186,1.1701548477867618,18.0,2.9
14592,796333,0.22357532501794422,0.5355070562218316,18.0,2.8333333333333335
14593,796386,0.22352365001794494,0.12116381741361693,18.0,2.7666666666666666
14594,796461,0.22345052501794596,0.24194179684855044,18.0,2.7333333333333334
14595,796625,0.2232906250179482,0.44441440235823393,18.0,2.7
14596,796723,0.22319507501794952,0.23343800631118938,18.0,2.7
14597,796794,0.2231258500179505,0.21889578847913072,18.0,2.7
14598,796817,0.2231034250179508,0.04150233991094865,18.0,2.533333333333333
14599,797006,0.22291915001795337,0.4807999508921057,18.0,2.6
14600,797029,0.22289672501795368,0.05424477660562843,18.0,2.533333333333333
14601,797113,0.22281482501795483,0.22953422769205645,18.0,2.466666666666667
14602,797260,0.22267150001795682,0.3778009071829729,18.0,2.566666666666667
14603,797428,0.2225077000179591,0.3597870924277231,18.0,2.6333333333333333
14604,797533,0.22240532501796054,0.21087876369711012,18.0,2.6
14605,797556,0.22238290001796085,0.04230168566573411,18.0,2.533333333333333
14606,797709,0.22223372501796293,0.33864672199706547,18.0,2.533333333333333
14607,797871,0.22207577501796513,0.26456256743404083,18.0,2.566666666666667
14608,798017,0.22193342501796712,0.2822437175200321,18.0,2.533333333333333
14609,798092,0.22186030001796814,0.14849339803913608,18.0,2.5
14610,798145,0.22180862501796886,0.11058306565973908,18.0,2.433333333333333
14611,798312,0.22164580001797113,0.3041145361494273,18.0,2.4
14612,798504,0.22145860001797374,0.4138276393059641,18.0,2.4
14613,798654,0.22131235001797578,0.28353537726798095,18.0,2.3333333333333335
14614,798776,0.22119340001797744,0.2006196126458235,18.0,2.4
14615,798799,0.22117097501797775,0.03502742887940258,18.0,2.3
14616,798966,0.22100815001798002,0.34776983807387296,18.0,2.2666666666666666
14617,799119,0.2208589750179821,0.33213455046643503,18.0,2.4
14618,799191,0.22078877501798308,0.13138051450368948,18.0,2.433333333333333
14619,799246,0.22073515001798383,0.09581936459289864,18.0,2.433333333333333
14620,799267,0.2207146750179841,0.030104252393357456,18.0,2.4
14621,799461,0.22052552501798675,0.3598159156390466,18.0,2.2666666666666666
14622,799658,0.22033345001798943,0.37880102524650283,18.0,2.3
14623,799817,0.2201784250179916,0.2502470225444995,18.0,2.3666666666666667
14624,799944,0.22005460001799332,0.24257724205381237,18.0,2.4
14625,800022,0.21997855001799438,0.3429654000501614,18.0,2.3
14626,800215,0.219790375017997,1.3252919090446085,18.0,2.4
14627,800300,0.21970750001799816,0.4437477048486471,18.0,2.433333333333333
14628,800470,0.21954175001800047,0.9232982344692573,18.0,2.566666666666667
14629,800606,0.21940915001800232,0.6380005973041989,18.0,2.533333333333333
14630,800768,0.21925120001800452,0.66875399206765,18.0,2.6666666666666665
14631,801009,0.2190162250180078,0.8967846302548423,18.0,2.8333333333333335
14632,801259,0.2187724750180112,0.8720384849584661,18.0,2.966666666666667
14633,801412,0.21862330001801328,0.4317064991337247,18.0,2.933333333333333
14634,801497,0.21854042501801443,0.2032066491083242,18.0,2.933333333333333
14635,801656,0.2183854000180166,0.3730204935418442,18.0,3.066666666666667
14636,801679,0.2183629750180169,0.10252298932755366,18.0,2.933333333333333
14637,801829,0.21821672501801895,0.43077704959432594,18.0,2.9
14638,801950,0.2180987500180206,0.33084879122907296,18.0,2.8666666666666667
14639,802026,0.21802465001802163,0.20738406101008877,18.0,2.8666666666666667
14640,802130,0.21792325001802304,0.2536928533518221,18.0,2.9
14641,802299,0.21775847501802534,0.384862303675618,18.0,2.933333333333333
14642,802350,0.21770875001802603,0.13687627349281684,18.0,2.8333333333333335
14643,802402,0.21765805001802674,0.11287158919731155,18.0,2.7666666666666666
14644,802569,0.217495225018029,0.39906281750882044,18.0,2.8333333333333335
14645,802694,0.2173733500180307,0.2925496250099968,18.0,2.9
14646,802840,0.2172310000180327,0.27636743811308406,18.0,2.8666666666666667
14647,802979,0.21709547501803458,0.2484538178832736,18.0,2.8666666666666667
14648,803129,0.21694922501803662,0.26115106465294957,18.0,2.933333333333333
14649,803268,0.2168137000180385,0.2547106585407164,18.0,3.033333333333333
14650,803289,0.2167932250180388,0.029692703392356634,18.0,3.033333333333333
14651,803441,0.21664502501804087,0.2262297925481107,18.0,3.0
14652,803492,0.21659530001804156,0.08167235745349899,18.0,2.8666666666666667
14653,803639,0.21645197501804356,0.2463568178936839,18.0,2.8666666666666667
14654,803820,0.21627550001804602,0.2748463690804783,18.0,2.966666666666667
14655,803872,0.21622480001804673,0.10195723280776292,18.0,2.966666666666667
14656,804109,0.21599372501804995,0.33571258920710534,18.0,3.0
14657,804276,0.21583090001805222,0.31640484294621274,18.0,3.066666666666667
14658,804433,0.21567782501805435,0.3224091231240891,18.0,3.066666666666667
14659,804539,0.2155744750180558,0.1936650052666664,18.0,3.033333333333333
14660,804668,0.21544870001805755,0.20797933710855432,18.0,3.0
14661,804739,0.2153794750180585,0.1360865315364208,18.0,2.8
14662,804790,0.2153297500180592,0.10632686121971346,18.0,2.6
14663,804813,0.21530732501805952,0.03910834016278386,18.0,2.5
14664,804915,0.2152078750180609,0.17138094711117446,18.0,2.5
14665,804967,0.2151571750180616,0.12590827824897133,18.0,2.4
14666,805156,0.21497290001806418,1.2556485827662982,18.0,2.533333333333333
14667,805179,0.2149504750180645,0.16484789550304413,18.0,2.433333333333333
14668,805256,0.21487540001806554,0.4397969248238951,18.0,2.433333333333333
14669,805356,0.2147779000180669,0.5130856377072632,18.0,2.466666666666667
14670,805428,0.21470770001806788,0.3460217695683241,18.0,2.433333333333333
14671,805612,0.21452830001807038,0.7493416366050951,18.0,2.433333333333333
14672,805635,0.2145058750180707,0.07722664659377187,18.0,2.4
14673,805686,0.2144561500180714,0.15994062332902104,18.0,2.4
14674,805772,0.21437230001807256,0.2918780606123619,18.0,2.3333333333333335
14675,805795,0.21434987501807287,0.07724436768330634,18.0,2.2666666666666666
14676,805948,0.21420070001807495,0.468588788935449,18.0,2.3
14677,806171,0.21398327501807798,0.6480967200477608,18.0,2.3666666666666667
14678,806338,0.21382045001808025,0.3911658687866293,18.0,2.3666666666666667
14679,806409,0.21375122501808122,0.13568789535202086,18.0,2.2666666666666666
14680,806484,0.21367810001808224,0.17384303809376433,18.0,2.3
14681,806671,0.21349577501808478,0.3349025012576021,18.0,2.3666666666666667
14682,806883,0.21328907501808766,0.504860636749072,18.0,2.5
14683,807084,0.2130931000180904,0.3828452489688061,18.0,2.566666666666667
14684,807220,0.21296050001809225,0.2831278078665491,18.0,2.5
14685,807448,0.21273820001809535,0.44185743256821297,18.0,2.6666666666666665
14686,807617,0.21257342501809764,0.38110429589869455,18.0,2.6
14687,807770,0.21242425001809973,0.3997249357344117,18.0,2.6
14688,807822,0.21237355001810043,0.10606769300648011,18.0,2.5
14689,807991,0.21220877501810273,0.3553834237973206,18.0,2.6
14690,808192,0.21201280001810546,0.4883485725731589,18.0,2.6666666666666665
14691,808361,0.21184802501810776,0.3426174050546251,18.0,2.7666666666666666
14692,808514,0.21169885001810984,0.25486101748538204,18.0,2.8666666666666667
14693,808713,0.21150482501811255,0.35309726611012593,18.0,3.033333333333333
14694,808764,0.21145510001811324,0.11191295567550696,18.0,3.0
14695,809279,0.21095297501812024,1.1029424959851895,18.0,3.466666666666667
14696,809348,0.21088570001812118,0.17476784600876272,18.0,3.3666666666666667
14697,809498,0.21073945001812322,0.284558046143502,18.0,3.5
14698,809598,0.21064195001812458,0.2026426708616782,18.0,3.5
14699,809823,0.21042257501812764,0.3978777856391389,18.0,3.6333333333333333
14700,809925,0.21032312501812903,0.22039734735153615,18.0,3.6666666666666665
14701,810054,0.21019735001813078,0.5412965165451169,18.0,3.6333333333333333
14702,810212,0.21004330001813293,1.0576379438862205,18.0,3.7666666666666666
14703,810444,0.20981710001813608,1.1615753977093846,18.0,3.966666666666667
14704,810519,0.2097439750181371,0.3536646148422733,18.0,3.933333333333333
14705,810949,0.20932472501814295,1.719302526267711,18.0,4.3
14706,811100,0.209177500018145,0.5103285074583255,18.0,4.3
14707,811150,0.20912875001814568,0.14246223313966766,18.0,4.133333333333334
14708,811171,0.20910827501814597,0.05962171679129824,18.0,4.033333333333333
14709,811243,0.20903807501814695,0.21581344323931262,18.0,4.033333333333333
14710,811347,0.20893667501814836,0.24724050937220454,18.0,4.066666666666666
14711,811370,0.20891425001814867,0.06577465136069804,18.0,3.8666666666666667
14712,811521,0.20876702501815073,0.3055232878541574,18.0,3.8333333333333335
14713,811685,0.20860712501815296,0.5098004248575307,18.0,3.8333333333333335
14714,811821,0.2084745250181548,0.27664877101778984,18.0,3.8666666666666667
14715,811907,0.20839067501815597,0.19213637497159652,18.0,3.7333333333333334
14716,812106,0.20819665001815868,0.415457765921019,18.0,3.8
14717,812335,0.2079733750181618,0.41258345905225724,18.0,3.9
14718,812481,0.20783102501816378,0.2753833877504803,18.0,4.0
14719,812703,0.2076145750181668,0.3701204683748074,18.0,4.033333333333333
14720,812782,0.20753755001816787,0.18908261478645727,18.0,3.933333333333333
14721,812905,0.20741762501816954,0.3030623762169853,18.0,3.8666666666666667
14722,813040,0.20728600001817138,0.2839146764599718,18.0,3.8333333333333335
14723,813091,0.20723627501817207,0.12231385277118534,18.0,3.7
14724,813287,0.20704517501817474,0.4251018359209411,18.0,3.8
14725,813454,0.206882350018177,0.4374031294719316,18.0,3.466666666666667
14726,813697,0.2066454250181803,0.44676221735426225,18.0,3.6666666666666665
14727,813798,0.20654695001818169,0.1514624530391302,18.0,3.6
14728,813821,0.206524525018182,0.031584810552885756,18.0,3.533333333333333
14729,813956,0.20639290001818383,0.24716461499338038,18.0,3.433333333333333
14730,814000,0.20635000001818443,0.0729976523143705,18.0,3.4
14731,814265,0.20609162501818803,0.4561275319720153,18.0,3.533333333333333
14732,814288,0.20606920001818835,0.033320991991786286,18.0,3.4
14733,814357,0.20600192501818929,0.16481938946526498,18.0,3.2
14734,814621,0.20574452501819288,0.601213352609193,18.0,3.4
14735,814741,0.2056275250181945,0.24629425420425832,18.0,3.1333333333333333
14736,814844,0.2055271000181959,0.21476663189241663,18.0,3.066666666666667
14737,814895,0.2054773750181966,0.11843787389807403,18.0,3.066666666666667
14738,814947,0.2054266750181973,0.16251890530111268,18.0,3.1
14739,815102,0.20527555001819942,1.0276618484203937,18.0,3.2
14740,815157,0.20522192501820016,0.49179548490792513,18.0,3.1666666666666665
14741,815341,0.20504252501820266,1.2300770510919392,18.0,3.3
14742,815364,0.20502010001820298,0.13575557270087302,18.0,3.1666666666666665
14743,815387,0.2049976750182033,0.09891213942319155,18.0,3.0
14744,815605,0.20478512501820625,1.0833333381451666,18.0,3.066666666666667
14745,815773,0.20462132501820854,0.596906941907946,18.0,3.1
14746,816230,0.20417575001821475,1.420253841439262,18.0,3.3
14747,816315,0.2040928750182159,0.18706982157891616,18.0,3.1333333333333333
14748,816369,0.20404022501821664,0.12242496968246996,18.0,3.033333333333333
14749,816519,0.20389397501821868,0.34220658979029395,18.0,2.933333333333333
14750,816624,0.2037916000182201,0.2317477217002306,18.0,2.933333333333333
14751,816797,0.20362292501822246,0.34848825726658106,18.0,3.0
14752,816951,0.20347277501822456,0.2984386773314327,18.0,3.033333333333333
14753,817003,0.20342207501822526,0.10599163160077296,18.0,3.033333333333333
14754,817205,0.203225125018228,0.3873419884184841,18.0,3.066666666666667
14755,817228,0.20320270001822832,0.08231912954943255,18.0,2.9
14756,817312,0.20312080001822946,0.15438446434563957,18.0,2.7333333333333334
14757,817362,0.20307205001823014,0.10083883913466707,18.0,2.7
14758,817413,0.20302232501823084,0.07987470424268395,18.0,2.7333333333333334
14759,817567,0.20287217501823293,0.28262251379783265,18.0,2.7666666666666666
14760,817590,0.20284975001823324,0.07775231078267097,18.0,2.7333333333333334
14761,818040,0.20241100001823936,0.7572930013411678,18.0,2.9
14762,818092,0.20236030001824007,0.08000110322609544,18.0,2.933333333333333
14763,818115,0.20233787501824038,0.035474429721944034,18.0,2.9
14764,818236,0.20221990001824203,0.20265621750149876,18.0,2.7333333333333334
14765,818349,0.20210972501824356,0.17768673662794754,18.0,2.7333333333333334
14766,818502,0.20196055001824564,0.24919841406517662,18.0,2.8
14767,818620,0.20184550001824725,0.19749183734529652,18.0,2.8333333333333335
14768,818720,0.2017480000182486,0.17223635117989033,18.0,2.8666666666666667
14769,818743,0.20172557501824892,0.04294818715425208,18.0,2.7333333333333334
14770,818764,0.2017051000182492,0.031374566606245935,18.0,2.7
14771,818976,0.2014984000182521,0.3107750511262566,18.0,2.7333333333333334
14772,819146,0.2013326500182544,0.24586856528185308,18.0,2.8666666666666667
14773,819315,0.2011678750182567,0.23207143260515295,18.0,2.966666666666667
14774,819336,0.20114740001825698,0.01964974048314616,18.0,2.7666666666666666
14775,819523,0.20096507501825953,0.287141233246075,18.0,2.8333333333333335
14776,819711,0.20078177501826208,0.2635036835272331,18.0,2.566666666666667
14777,819734,0.2007593500182624,0.05110304795380216,18.0,2.5
14778,819914,0.20058385001826484,0.29567817428323906,18.0,2.6
14779,820135,0.20036837501826785,1.3082833648077212,18.0,2.7
14780,820156,0.20034790001826813,0.12422717153094709,18.0,2.6333333333333333
14781,820207,0.20029817501826883,0.3185352182481438,18.0,2.533333333333333
14782,820418,0.2000924500182717,1.0024635322624817,18.0,2.566666666666667
14783,820523,0.19999007501827312,0.46056563733145595,18.0,2.6
14784,820697,0.1998204250182755,0.6108666132786311,18.0,2.566666666666667
14785,820720,0.1997980000182758,0.08962065412197262,18.0,2.566666666666667
14786,820882,0.199640050018278,0.5607747220201418,18.0,2.6666666666666665
14787,820935,0.19958837501827872,0.14928467757999897,18.0,2.6666666666666665
14788,821091,0.19943627501828085,0.4412612957530655,18.0,2.7666666666666666
14789,821145,0.19938362501828158,0.13239603443071246,18.0,2.6666666666666665
14790,821200,0.19933000001828233,0.16331681580049917,18.0,2.7
14791,821300,0.1992325000182837,0.25073125591734424,18.0,2.3666666666666667
14792,821577,0.19896242501828745,0.6100218060309999,18.0,2.6
14793,821758,0.19878595001828991,0.5132783482549712,18.0,2.7666666666666666
14794,821781,0.19876352501829023,0.04378039948642254,18.0,2.7
14795,821938,0.19861045001829236,0.3487884021596983,18.0,2.7333333333333334
14796,822116,0.19843690001829478,0.32294815743807703,18.0,2.7666666666666666
14797,822307,0.19825067501829738,0.47605600324459374,18.0,2.9
14798,822379,0.19818047501829836,0.13564381434116513,18.0,2.8666666666666667
14799,822525,0.19803812501830034,0.28929562045959756,18.0,3.0
14800,822597,0.19796792501830132,0.16510015138192102,18.0,3.033333333333333
14801,822749,0.1978197250183034,0.2643454287026543,18.0,3.0
14802,822985,0.1975896250183066,0.5351887929718941,18.0,3.066666666666667
14803,823058,0.1975184500183076,0.1814991677820217,18.0,3.0
14804,823132,0.1974463000183086,0.1396678591845557,18.0,3.033333333333333
14805,823214,0.1973663500183097,0.16846989237819798,18.0,2.933333333333333
14806,823426,0.1971596500183126,0.40615887110470794,18.0,2.966666666666667
14807,823588,0.1970017000183148,0.2581006556865759,18.0,3.1333333333333333
14808,823726,0.19686715001831667,0.2957154869509395,18.0,3.1333333333333333
14809,823887,0.19671017501831886,0.32893107435666025,18.0,3.066666666666667
14810,823910,0.19668775001831917,0.05060802312800661,18.0,3.066666666666667
14811,823961,0.19663802501831987,0.07210695871617645,18.0,3.066666666666667
14812,824159,0.19644497501832256,0.37888791045406833,18.0,3.066666666666667
14813,824182,0.19642255001832287,0.04952736615086906,18.0,3.0
14814,824205,0.19640012501832319,0.04780021222541109,18.0,2.8666666666666667
14815,824471,0.1961407750183268,0.563772149005672,18.0,3.1
14816,824861,0.1957605250183321,0.7920287291053683,18.0,3.2666666666666666
14817,825040,0.19558600001833454,0.6589703316712985,18.0,3.4
14818,825160,0.19546900001833617,1.1769474449101835,18.0,3.3333333333333335
14819,825388,0.19524670001833927,1.5023749551037326,18.0,3.5
14820,825494,0.1951433500183407,0.6267890804447234,18.0,3.533333333333333
14821,825671,0.19497077501834312,0.7994107782142237,18.0,3.6333333333333333
14822,825805,0.19484012501834494,0.49074252194259316,18.0,3.466666666666667
14823,826036,0.19461490001834808,0.7485851245583035,18.0,3.533333333333333
14824,826120,0.19453300001834922,0.3243432378512807,18.0,3.6
14825,826173,0.19448132501834994,0.1398579065571539,18.0,3.5
14826,826470,0.19419175001835398,0.8182472551125102,18.0,3.6
14827,826598,0.19406695001835572,0.407306500535924,18.0,3.5
14828,826854,0.1938173500183592,0.8022764276247472,18.0,3.7
14829,826979,0.1936954750183609,0.40539902925956994,18.0,3.6333333333333333
14830,827230,0.19345075001836431,0.8534238428692333,18.0,3.8333333333333335
14831,827418,0.19326745001836687,0.4822874608216807,18.0,3.9
14832,827608,0.19308220001836945,0.5603234271402471,18.0,3.8333333333333335
14833,827661,0.19303052501837017,0.14088976371567696,18.0,3.8333333333333335
14834,827995,0.19270487501837472,0.7954046605736949,18.0,4.1
14835,828049,0.19265222501837545,0.1263355801347643,18.0,4.066666666666666
14836,828119,0.1925839750183764,0.19415279128588736,18.0,3.933333333333333
14837,828170,0.1925342500183771,0.1801245344686322,18.0,3.8
14838,828409,0.19230122501838035,0.5982212734234054,18.0,3.8666666666666667
14839,828432,0.19227880001838066,0.03640552522847429,18.0,3.7333333333333334
14840,828503,0.19220957501838162,0.17507906240643933,18.0,3.7666666666666666
14841,828672,0.19204480001838392,0.4758264870324638,18.0,3.8333333333333335
14842,828695,0.19202237501838423,0.03801338229095563,18.0,3.6666666666666665
14843,828796,0.1919239000183856,0.2230267703125719,18.0,3.7333333333333334
14844,828881,0.19184102501838676,0.12458319458528422,18.0,3.8
14845,828937,0.19178642501838752,0.12397449574200436,18.0,3.6
14846,829038,0.1916879500183889,0.17919205603539012,18.0,3.3333333333333335
14847,829248,0.19148320001839175,0.5022842398902867,18.0,3.4
14848,829271,0.19146077501839207,0.0677978956955485,18.0,3.3333333333333335
14849,829406,0.1913291500183939,0.34234803236904554,18.0,3.2333333333333334
14850,829504,0.19123360001839523,0.16098776477156207,18.0,3.2333333333333334
14851,829605,0.1911351250183966,0.2858771103201434,18.0,3.1333333333333333
14852,829707,0.191035675018398,0.27610420441487804,18.0,3.1
14853,829886,0.19086115001840043,0.3749004181881901,18.0,3.033333333333333
14854,829941,0.19080752501840118,0.10735268236021511,18.0,3.0
14855,829964,0.1907851000184015,0.04641576367430389,18.0,2.966666666666667
14856,830154,0.19059985001840407,1.4499274373520166,18.0,2.8333333333333335
14857,830326,0.1904321500184064,1.1997729568975046,18.0,2.8666666666666667
14858,830796,0.1899739000184128,2.2692781022633426,18.0,3.0
14859,830958,0.189815950018415,0.5963782034814358,18.0,3.066666666666667
14860,831099,0.18967847501841692,0.589364706131164,18.0,2.933333333333333
14861,831234,0.18954685001841876,0.36892513668863103,18.0,2.8333333333333335
14862,831305,0.18947762501841972,0.21757010894361883,18.0,2.7333333333333334
14863,831406,0.1893791500184211,0.3333203846705146,18.0,2.7666666666666666
14864,831429,0.1893567250184214,0.0611175101948902,18.0,2.466666666666667
14865,831618,0.18917245001842398,0.610631424759049,18.0,2.6333333333333333
14866,831834,0.1889618500184269,0.5357725528883748,18.0,2.8
14867,831920,0.18887800001842808,0.2004848801298067,18.0,2.8333333333333335
14868,832094,0.18870835001843045,0.37363561103120446,18.0,2.7666666666666666
14869,832264,0.18854260001843276,0.4082482760131825,18.0,2.8666666666666667
14870,832404,0.18840610001843466,0.26299028657376766,18.0,3.033333333333333
14871,832455,0.18835637501843536,0.1716064919019118,18.0,2.966666666666667
14872,832507,0.18830567501843606,0.11210193019360304,18.0,3.0
14873,832820,0.18800050001844032,0.6664361170842312,18.0,3.2
14874,832843,0.18797807501844063,0.04082850972190499,18.0,3.1333333333333333
14875,832866,0.18795565001844095,0.048968369781505316,18.0,3.1
14876,833019,0.18780647501844303,0.33785995171638206,18.0,3.1666666666666665
14877,833040,0.1877860000184433,0.05904343683505431,18.0,2.933333333333333
14878,833124,0.18770410001844445,0.1753156060585752,18.0,3.0
14879,833393,0.1874418250184481,0.5725782579975203,18.0,3.2333333333333334
14880,833639,0.18720197501845146,0.6655663087731227,18.0,3.4
14881,833801,0.18704402501845366,0.32576981114107184,18.0,3.5
14882,833871,0.1869757750184546,0.20249217335367575,18.0,3.466666666666667
14883,833942,0.18690655001845558,0.20298675558296964,18.0,3.3333333333333335
14884,834191,0.18666377501845896,0.49838984094094485,18.0,3.533333333333333
14885,834266,0.18659065001845998,0.17679011810105294,18.0,3.566666666666667
14886,834458,0.1864034500184626,0.4327359030430671,18.0,3.6
14887,834527,0.18633617501846353,0.13361512625124305,18.0,3.5
14888,834550,0.18631375001846384,0.03227241802960634,18.0,3.1333333333333333
14889,834622,0.18624355001846482,0.14421198479249142,18.0,3.033333333333333
14890,834694,0.1861733500184658,0.14388382344623096,18.0,2.966666666666667
14891,834778,0.18609145001846694,0.13520331919426098,18.0,2.933333333333333
14892,835328,0.18555520001847442,2.7245374550984707,18.0,3.433333333333333
14893,835509,0.18537872501847688,0.9989063055254519,18.0,3.5
14894,835618,0.18527245001847836,0.5600898214615881,18.0,3.6333333333333333
14895,835662,0.18522955001847896,0.2833139894064516,18.0,3.466666666666667
14896,835815,0.18508037501848104,0.6936715408228338,18.0,3.4
14897,836027,0.18487367501848392,0.877197477791924,18.0,3.566666666666667
14898,836238,0.1846679500184868,0.7776279824320227,18.0,3.6333333333333333
14899,836477,0.18443492501849004,0.7599662612774409,18.0,3.7333333333333334
14900,836500,0.18441250001849036,0.10109202691819519,18.0,3.533333333333333
14901,836688,0.1842292000184929,0.5042262129136361,18.0,3.6333333333333333
14902,836858,0.18406345001849522,0.3540828926488757,18.0,3.7333333333333334
14903,837040,0.1838860000184977,0.39535892248386517,18.0,3.566666666666667
14904,837146,0.18378265001849914,0.24383443186525255,18.0,3.6333333333333333
14905,837199,0.18373097501849986,0.10817925399169326,18.0,3.6666666666666665
14906,837399,0.18353597501850258,0.3979480405105278,18.0,3.7333333333333334
14907,837422,0.1835135500185029,0.05900364287663251,18.0,3.7333333333333334
14908,837683,0.18325907501850644,0.6046172326023225,18.0,3.9
14909,837942,0.18300655001850996,0.5670968633785378,18.0,3.8333333333333335
14910,838004,0.1829461000185108,0.1254955071490258,18.0,3.6666666666666665
14911,838137,0.1828164250185126,0.3016832562861964,18.0,3.6
14912,838158,0.1827959500185129,0.034462063340470195,18.0,3.566666666666667
14913,838309,0.18264872501851495,0.30961671110708266,18.0,3.6666666666666665
14914,838785,0.18218462501852142,0.9554791706905235,18.0,3.8
14915,838909,0.1820637250185231,0.32998904259875417,18.0,3.8333333333333335
14916,839108,0.18186970001852582,0.4877152179251425,18.0,3.8666666666666667
14917,839331,0.18165227501852885,0.4563476770417765,18.0,4.033333333333333
14918,839864,0.1811326000185361,1.0052972876583226,18.0,4.5
14919,839956,0.18104290001853734,0.1371579928090796,18.0,4.533333333333333
14920,839979,0.18102047501853766,0.03759509269730188,18.0,4.5
14921,840077,0.180924925018539,0.7697635570075363,18.0,4.5
14922,840261,0.1807455250185415,1.5252400394529104,18.0,4.166666666666667
14923,840428,0.18058270001854376,0.8744036015123129,18.0,4.133333333333334
14924,840629,0.1803867250185465,0.9187096408568323,18.0,4.166666666666667
14925,840846,0.18017515001854945,0.8148493361077271,18.0,4.3
14926,840897,0.18012542501855014,0.15716913354117423,18.0,4.2
14927,841098,0.17992945001855287,0.6038455844973214,18.0,4.166666666666667
14928,841237,0.17979392501855476,0.3851067706127651,18.0,4.1
14929,841336,0.1796974000185561,0.2524513770476915,18.0,3.966666666666667
14930,841440,0.17959600001855752,0.21536875009769574,18.0,4.033333333333333
14931,841558,0.17948095001855913,0.23596259817713872,18.0,4.0
14932,841677,0.17936492501856074,0.29794144205516204,18.0,3.933333333333333
14933,841881,0.17916602501856352,0.38893336430191994,18.0,4.0
14934,841969,0.17908022501856471,0.22638071194523945,18.0,4.0
14935,842159,0.1788949750185673,0.43369223762420006,18.0,4.1
14936,842257,0.17879942501856863,0.2030166432959959,18.0,3.966666666666667
14937,842507,0.17855567501857203,0.5494738895795308,18.0,4.2
14938,842734,0.17833435001857512,0.5393398635496851,18.0,4.2
14939,842947,0.178126675018578,0.5018101223977283,18.0,4.1
14940,843053,0.17802332501857945,0.2662068683421239,18.0,4.1
14941,843104,0.17797360001858015,0.1516140148451086,18.0,4.033333333333333
14942,843628,0.17746270001858727,1.1785600568982773,18.0,4.5
14943,843754,0.17733985001858898,0.29239543015137315,18.0,4.433333333333334
14944,843898,0.17719945001859094,0.2529156297678128,18.0,4.2
14945,844090,0.17701225001859355,0.3275501686439384,18.0,4.333333333333333
14946,844281,0.17682602501859615,0.40658277517650276,18.0,4.266666666666667
14947,844530,0.17658325001859954,0.4555585744965356,18.0,4.3
14948,844665,0.17645162501860137,0.2183624424797017,18.0,3.933333333333333
14949,844818,0.17630245001860345,0.2594330034626182,18.0,3.966666666666667
14950,844992,0.17613280001860582,0.2644541399204172,18.0,4.1
14951,845168,0.1759612000186082,1.3316139927483164,18.0,4.2
14952,845254,0.17587735001860938,0.6086091104662046,18.0,4.066666666666666
14953,845494,0.17564335001861264,1.091708845749963,18.0,4.166666666666667
14954,845667,0.175474675018615,0.6482750463765115,18.0,4.133333333333334
14955,845793,0.1753518250186167,0.48006511596031487,18.0,4.033333333333333
14956,846009,0.17514122501861965,0.589193059655372,18.0,4.2
14957,846083,0.17506907501862065,0.21301800047513098,18.0,4.033333333333333
14958,846282,0.17487505001862336,0.5738454677630216,18.0,4.1
14959,846424,0.1747366000186253,0.37326328724157065,18.0,4.166666666666667
14960,846563,0.17460107501862718,0.32726127799833193,18.0,4.233333333333333
14961,846777,0.1743924250186301,0.6450684347073548,18.0,4.3
14962,846849,0.17432222501863107,0.16284721199190244,18.0,4.266666666666667
14963,846987,0.17418767501863294,0.35505564481718466,18.0,4.233333333333333
14964,847062,0.17411455001863396,0.13789080470451154,18.0,4.2
14965,847251,0.17393027501863653,0.3662034014123492,18.0,4.2
14966,847320,0.17386300001863747,0.18023672618437558,18.0,4.166666666666667
14967,847781,0.17341352501864374,1.0155225705530029,18.0,4.3
14968,847884,0.17331310001864514,0.21536400076001883,18.0,4.133333333333334
14969,847938,0.17326045001864587,0.07888352277223021,18.0,4.0
14970,847992,0.1732078000186466,0.10040305103757419,18.0,3.966666666666667
14971,848093,0.17310932501864798,0.21399725985247642,18.0,4.0
14972,848601,0.1726140250186549,0.8805971688707359,18.0,3.966666666666667
14973,848624,0.1725916000186552,0.04210420959861949,18.0,3.9
14974,848799,0.17242097501865758,0.3009515617159195,18.0,3.8666666666666667
14975,849140,0.17208850001866222,0.6360084345797077,18.0,3.966666666666667
14976,849353,0.1718808250186651,0.446884991688421,18.0,4.066666666666666
14977,849537,0.1717014250186676,0.3859436917700805,18.0,4.0
14978,849706,0.1715366500186699,0.2749218867102172,18.0,4.0
14979,849813,0.17143232501867137,0.24217545107239857,18.0,3.966666666666667
14980,849937,0.17131142501867305,0.3237315517326351,18.0,3.9
14981,850127,0.17112617501867564,1.1893831122142728,18.0,3.9
14982,850386,0.17087365001867916,1.3737146412022412,18.0,4.066666666666666
14983,850461,0.17080052501868018,0.3827211353927851,18.0,3.9
14984,850634,0.17063185001868253,0.7773781067808159,18.0,3.9
14985,850710,0.17055775001868356,0.3653813347918913,18.0,3.8666666666666667
14986,850811,0.17045927501868494,0.3185694770072587,18.0,3.7333333333333334
14987,850942,0.17033155001868672,0.4041244524414651,18.0,3.8
14988,851113,0.17016482501868904,0.4943191512138583,18.0,3.7
14989,851618,0.1696724500186959,1.3864864779170603,18.0,4.0
14990,851811,0.16948427501869853,0.493099371320568,18.0,4.033333333333333
14991,851964,0.1693351000187006,0.32363481272477657,18.0,4.0
14992,852117,0.1691859250187027,0.39883356919744983,18.0,4.1
14993,852294,0.1690133500187051,0.38058739400003105,18.0,4.133333333333334
14994,852469,0.16884272501870748,0.277785819984274,18.0,4.233333333333333
14995,852699,0.1686184750187106,0.5747576847788878,18.0,4.3
14996,852768,0.16855120001871154,0.1695582190877758,18.0,4.3
14997,852840,0.16848100001871252,0.11368190796929412,18.0,3.966666666666667
14998,852911,0.1684117750187135,0.11067516100592911,18.0,3.933333333333333
14999,853398,0.1679369500187201,0.9418627034465317,18.0,4.333333333333333
15000,853686,0.16765615001872403,0.7620567126141395,18.0,4.566666666666666
